241.697300,238.893302,2.803998,190.897194,186.888495,4.008699
174.583592,166.029620,8.553972,158.773555,146.350880,12.422675
152.795911,139.091816,13.704095,145.639108,130.356576,15.282531
142.727870,126.621719,16.106150,138.489628,121.560847,16.928780
136.410163,118.746442,17.663721,132.920621,114.575596,18.345025
131.995649,113.171454,18.824195,129.181653,110.047951,19.133702
128.845624,109.128267,19.717357,126.623177,106.463782,20.159394
126.534584,106.126626,20.407959,124.821318,104.340340,20.480979
124.766174,103.954379,20.811794,123.032234,102.155981,20.876253
123.329761,102.209650,21.120110,122.241293,100.942813,21.298480
122.000979,100.586947,21.414032,120.916942,99.453840,21.463101
120.857393,99.280828,21.576566,119.779153,98.078695,21.700458
119.909283,98.094634,21.814649,119.319888,97.559886,21.760002
119.057216,97.106101,21.951114,118.355719,96.293985,22.061734
118.225386,96.201554,22.023832,117.638058,95.682849,21.955208
117.507275,95.342107,22.165168,117.180162,94.992818,22.187344
116.858951,94.598201,22.260750,116.393314,94.242303,22.151011
116.154882,93.897182,22.257700,115.777882,93.574295,22.203587
115.625357,93.257152,22.368205,115.305528,92.868252,22.437276
115.058557,92.531656,22.526901,115.117880,92.531692,22.586187
114.564313,91.914851,22.649462,114.443285,91.885820,22.557465
114.027367,91.383060,22.644307,114.018119,91.390937,22.627182
113.605689,90.850101,22.755588,113.345531,90.686490,22.659041
113.133541,90.358085,22.775456,113.383395,90.682107,22.701288
112.691714,89.860490,22.831224,112.460608,89.725587,22.735021
112.312120,89.426083,22.886036,112.368481,89.509274,22.859207
111.827112,88.889964,22.937148,112.074396,89.253230,22.821166
111.550015,88.569040,22.980975,111.479547,88.593591,22.885956
111.170484,88.159455,23.011029,111.357449,88.250689,23.106761
110.741954,87.677847,23.064107,111.102941,88.131246,22.971694
110.382064,87.315642,23.066423,110.582721,87.508230,23.074491
110.135390,86.990882,23.144508,110.442445,87.297150,23.145295
109.859638,86.677339,23.182299,110.392645,87.303685,23.088960
109.574402,86.407143,23.167259,110.209713,87.155546,23.054168
109.289870,86.035560,23.254310,109.795335,86.528219,23.267117
109.074693,85.812706,23.261988,109.554614,86.291959,23.262655
108.749482,85.477426,23.272057,109.193597,85.988188,23.205409
108.583291,85.294568,23.288723,109.106828,85.821877,23.284951
108.377959,85.041419,23.336540,109.004163,85.784721,23.219443
108.065764,84.769982,23.295782,108.767142,85.544237,23.222906
107.982476,84.646498,23.335978,108.756907,85.503210,23.253697
107.737298,84.370443,23.366855,108.716569,85.507565,23.209004
107.553842,84.169718,23.384124,108.278067,84.931188,23.346880
107.321438,83.961797,23.359641,108.519178,85.304510,23.214667
107.175380,83.826117,23.349262,108.169595,84.943904,23.225692
106.942741,83.613740,23.329001,107.619441,84.351291,23.268150
106.834621,83.491406,23.343215,107.744668,84.439435,23.305233
106.693035,83.347975,23.345060,107.696350,84.411758,23.284591
106.464743,83.096103,23.368640,107.774482,84.447259,23.327223
106.332649,82.919921,23.412728,107.379648,84.078815,23.300833
106.186000,82.758786,23.427214,107.337759,84.028686,23.309074
106.082605,82.627908,23.454697,106.901218,83.540109,23.361109
105.885339,82.447841,23.437498,107.204186,83.776421,23.427765
105.780059,82.282469,23.497590,106.809813,83.475150,23.334664
105.659520,82.235565,23.423955,106.859646,83.450516,23.409131
105.436575,82.014176,23.422400,106.878915,83.571424,23.307492
105.281696,81.850949,23.430747,106.705533,83.263975,23.441559
105.225174,81.754551,23.470623,106.551556,83.191592,23.359964
105.193860,81.704065,23.489794,106.478385,83.040116,23.438269
105.030030,81.520069,23.509962,106.435101,83.008237,23.426864
104.942003,81.387466,23.554537,106.433131,83.002835,23.430295
104.849420,81.274784,23.574636,106.554900,83.109632,23.445267
104.703248,81.153975,23.549273,106.186265,82.583708,23.602557
104.659822,81.067093,23.592729,106.102068,82.610275,23.491792
104.540860,80.958998,23.581862,106.018495,82.447565,23.570930
104.481368,80.805465,23.675903,105.887729,82.265382,23.622347
104.437426,80.745802,23.691624,105.829401,82.290576,23.538825
104.318271,80.675549,23.642721,105.971475,82.387510,23.583965
104.128568,80.499501,23.629067,105.715354,82.177543,23.537811
104.116353,80.466938,23.649414,105.686736,82.108336,23.578400
104.062653,80.372660,23.689993,105.874626,82.253144,23.621482
104.007696,80.355361,23.652335,105.557101,81.900784,23.656316
103.886190,80.156862,23.729328,105.528791,81.883481,23.645310
103.819508,80.111801,23.707707,105.569147,81.885306,23.683842
103.795592,80.026105,23.769487,105.673666,81.958863,23.714803
103.690157,79.907440,23.782717,105.513031,81.917936,23.595095
103.616237,79.889905,23.726332,105.392384,81.710583,23.681800
103.574097,79.851575,23.722522,105.288911,81.725431,23.563480
103.451342,79.749864,23.701478,105.128867,81.537561,23.591306
103.404614,79.656278,23.748335,105.538970,81.890625,23.648344
103.355700,79.599703,23.755997,105.232798,81.546089,23.686709
103.296139,79.567635,23.728504,105.303223,81.676522,23.626701
103.258048,79.505200,23.752848,105.302209,81.532335,23.769873
103.207647,79.395490,23.812156,105.092540,81.392689,23.699850
103.131115,79.339563,23.791552,105.091754,81.389056,23.702698
103.091993,79.270992,23.821001,104.958863,81.295170,23.663694
103.045359,79.209702,23.835657,105.114589,81.368723,23.745866
102.860190,79.065268,23.794922,104.983611,81.260661,23.722951
102.889556,79.046269,23.843287,105.020634,81.231483,23.789151
102.831255,78.967876,23.863379,104.913581,81.159159,23.754423
102.801234,78.983518,23.817717,104.843117,81.137312,23.705805
102.721390,78.907894,23.813496,104.963971,81.254404,23.709567
102.671245,78.870242,23.801003,104.659797,80.993042,23.666756
102.655898,78.832513,23.823385,104.863441,81.158087,23.705353
102.625698,78.807172,23.818526,105.060797,81.329402,23.731395
102.561301,78.763419,23.797883,104.808907,81.152449,23.656458
102.484314,78.704464,23.779850,104.715298,80.923463,23.791835
102.466196,78.663921,23.802275,104.586773,80.913391,23.673381
102.467837,78.653507,23.814330,104.551306,80.842748,23.708558
102.312020,78.562757,23.749263,104.436794,80.818276,23.618518
102.337426,78.540428,23.796998,104.585391,80.922816,23.662575
102.305972,78.495252,23.810720,104.551218,80.864955,23.686263
102.209667,78.443735,23.765932,104.440804,80.738261,23.702543
102.100385,78.307133,23.793252,104.527016,80.837478,23.689538
102.096996,78.372251,23.724745,104.456421,80.792468,23.663953
102.045672,78.303252,23.742420,104.348387,80.710378,23.638009
102.038645,78.276246,23.762398,104.425161,80.788422,23.636739
101.944745,78.196777,23.747968,104.361223,80.741110,23.620112
101.954597,78.205149,23.749449,104.280289,80.586203,23.694086
101.813958,78.095765,23.718194,104.359513,80.751927,23.607586
101.823334,78.132443,23.690892,104.402444,80.844077,23.558367
101.888782,78.131436,23.757346,104.082173,80.395741,23.686432
101.760014,77.993032,23.766982,104.183180,80.593237,23.589943
101.693398,77.977993,23.715405,104.060714,80.431955,23.628759
101.671694,77.894305,23.777389,104.120663,80.373255,23.747408
101.607000,77.828624,23.778377,104.213890,80.474082,23.739809
101.632477,77.815286,23.817190,104.322381,80.554436,23.767945
101.595720,77.783245,23.812474,104.143131,80.484226,23.658905
101.554482,77.777828,23.776653,104.357288,80.671916,23.685373
101.493932,77.702278,23.791654,104.126337,80.382856,23.743481
101.488912,77.678178,23.810734,104.099675,80.324530,23.775144
101.426407,77.648043,23.778364,103.896837,80.243074,23.653763
101.346617,77.571804,23.774813,104.025021,80.331055,23.693965
101.336298,77.587022,23.749276,104.140130,80.498447,23.641682
101.305127,77.536621,23.768506,104.177363,80.450145,23.727218
101.318526,77.544416,23.774111,103.952833,80.311264,23.641569
101.346644,77.588593,23.758052,103.741066,80.087305,23.653762
101.303883,77.495470,23.808413,103.874926,80.153305,23.721622
101.255222,77.498260,23.756962,103.906883,80.322979,23.583905
101.160611,77.410695,23.749915,103.888689,80.139918,23.748772
101.135091,77.333685,23.801407,103.904806,80.217317,23.687489
101.101789,77.342531,23.759258,103.807982,80.137846,23.670136
101.074935,77.294370,23.780565,103.843126,80.089099,23.754027
101.021163,77.266563,23.754600,103.973733,80.276053,23.697680
101.074401,77.290858,23.783543,103.814007,80.140709,23.673299
100.990705,77.192836,23.797870,103.761203,80.138520,23.622684
100.965159,77.137839,23.827320,103.839856,80.137324,23.702532
100.980616,77.224548,23.756068,103.997328,80.330209,23.667118
100.964586,77.156978,23.807608,103.900851,80.221486,23.679366
100.916542,77.137552,23.778991,103.722981,80.072294,23.650687
100.858693,77.070500,23.788193,103.887770,80.217990,23.669780
100.846198,77.020588,23.825609,103.751409,80.064582,23.686827
100.850070,76.995851,23.854218,103.820460,80.065750,23.754711
100.789382,77.007110,23.782271,103.706330,80.102133,23.604197
100.761317,76.970576,23.790741,103.686449,79.930951,23.755498
100.736851,76.948034,23.788817,103.642006,79.950919,23.691087
100.777136,76.896368,23.880768,103.804802,79.995912,23.808890
100.748085,76.826769,23.921316,103.464009,79.713120,23.750889
100.638842,76.793612,23.845230,103.749803,80.063996,23.685807
100.652704,76.860925,23.791779,103.812704,79.984481,23.828224
100.646673,76.778813,23.867860,103.769318,79.922843,23.846476
100.594091,76.728508,23.865583,103.779704,80.013777,23.765927
100.539760,76.710196,23.829565,103.510238,79.742790,23.767448
100.583116,76.746822,23.836293,103.743182,79.954613,23.788570
100.567629,76.693340,23.874289,103.516130,79.774110,23.742021
100.517341,76.648529,23.868812,103.629600,79.855693,23.773907
100.480978,76.598698,23.882280,103.760843,79.898860,23.861983
100.508428,76.624673,23.883755,103.635065,79.867975,23.767090
100.490396,76.575296,23.915100,103.603740,79.825651,23.778089
100.456036,76.603782,23.852254,103.480025,79.728502,23.751523
