216.604264,208.755860,7.848405,205.353312,197.207793,8.145520
199.539302,191.549327,7.989975,191.983802,184.089084,7.894717
182.659835,175.047293,7.612543,173.298494,165.651756,7.646738
165.187453,157.965789,7.221663,155.372692,148.330285,7.042407
151.503064,144.590391,6.912673,148.280303,141.436804,6.843499
146.837568,140.044226,6.793342,144.623219,137.858893,6.764326
144.294416,137.532845,6.761571,142.611544,135.869475,6.742068
142.348978,135.598172,6.750805,140.872832,134.074180,6.798652
141.024736,134.291247,6.733488,140.082143,133.369125,6.713018
139.973940,133.232617,6.741322,138.767460,132.006455,6.761005
139.018383,132.305970,6.712413,137.975209,131.255010,6.720199
138.087138,131.401432,6.685707,136.945690,130.247589,6.698101
137.367818,130.695857,6.671961,136.277153,129.618269,6.658884
136.685674,129.998960,6.686714,136.129595,129.430286,6.699308
136.121311,129.433729,6.687582,135.431486,128.760312,6.671174
135.562084,128.875164,6.686919,135.230931,128.539333,6.691598
135.128501,128.432338,6.696163,134.747942,128.044199,6.703744
134.681615,127.985538,6.696077,134.194180,127.514979,6.679201
134.213471,127.502934,6.710537,134.159684,127.470709,6.688976
133.976495,127.284765,6.691730,133.725313,127.067430,6.657883
133.707452,127.024767,6.682684,133.625464,126.901769,6.723696
133.268385,126.561318,6.707067,132.811110,126.090684,6.720426
133.060523,126.352445,6.708077,132.779471,126.097647,6.681824
132.761016,126.050810,6.710207,132.481968,125.791924,6.690043
132.451937,125.750352,6.701585,132.519490,125.831909,6.687580
132.229405,125.525187,6.704218,132.001302,125.297155,6.704147
132.021609,125.290446,6.731163,131.812950,125.105035,6.707915
131.782665,125.091518,6.691146,131.761516,125.051257,6.710259
131.626483,124.917836,6.708646,131.894298,125.210202,6.684097
131.553733,124.859719,6.694014,131.372676,124.673673,6.699002
131.245453,124.536389,6.709065,131.311892,124.582829,6.729063
131.164316,124.461887,6.702428,131.524511,124.843662,6.680850
131.035260,124.339724,6.695536,130.913851,124.198110,6.715741
130.845711,124.129070,6.716642,131.189520,124.479560,6.709960
130.703763,123.989531,6.714231,130.783068,124.082630,6.700439
130.444581,123.733125,6.711456,130.419413,123.714382,6.705031
130.375149,123.669731,6.705418,130.920811,124.242261,6.678550
130.361340,123.662456,6.698885,130.770102,124.101203,6.668899
130.278440,123.572936,6.705503,130.577346,123.895166,6.682179
130.076036,123.362660,6.713377,130.543239,123.898871,6.644369
129.996441,123.287957,6.708484,130.467864,123.771766,6.696098
129.930483,123.210990,6.719493,130.154345,123.463507,6.690838
129.815634,123.104179,6.711455,130.219047,123.522140,6.696907
129.778176,123.058186,6.719991,130.003878,123.283866,6.720012
129.611397,122.901096,6.710301,129.687982,122.997103,6.690879
129.577135,122.870445,6.706690,130.135595,123.462057,6.673539
129.470789,122.765729,6.705060,130.092883,123.420032,6.672851
129.414260,122.699634,6.714626,129.600395,122.919555,6.680841
129.243075,122.529616,6.713459,129.638423,122.948223,6.690199
129.299709,122.582011,6.717698,129.396553,122.681636,6.714916
129.130390,122.398898,6.731493,129.519143,122.777399,6.741744
129.040786,122.319773,6.721013,129.364807,122.666041,6.698767
128.977393,122.252213,6.725180,129.262748,122.585338,6.677410
128.935551,122.223644,6.711907,129.555733,122.869259,6.686474
128.938610,122.218746,6.719864,128.992755,122.250260,6.742496
128.821651,122.105203,6.716447,129.508916,122.837390,6.671526
128.762336,122.039460,6.722875,129.475216,122.769359,6.705857
128.749641,122.033454,6.716187,129.211646,122.508914,6.702733
128.745170,122.036826,6.708344,129.202926,122.532321,6.670605
128.577783,121.867366,6.710417,129.409845,122.765738,6.644107
128.535893,121.820687,6.715206,128.614815,121.891958,6.722857
128.461516,121.737487,6.724029,129.310768,122.600190,6.710579
128.509115,121.802940,6.706176,129.056938,122.390195,6.666743
128.402425,121.690778,6.711647,129.047156,122.386039,6.661118
128.368488,121.645745,6.722743,129.039541,122.341122,6.698419
128.310459,121.591782,6.718677,128.878512,122.191687,6.686826
128.258750,121.556833,6.701917,129.399888,122.732493,6.667395
128.284066,121.576089,6.707976,128.696248,122.030107,6.666140
128.246217,121.539207,6.707011,128.937304,122.232822,6.704482
128.074718,121.360531,6.714188,129.063796,122.425818,6.637978
128.073552,121.357755,6.715797,128.997720,122.332682,6.665039
128.061717,121.336674,6.725043,128.877493,122.191932,6.685561
128.003589,121.285706,6.717883,128.899808,122.217904,6.681904
128.035389,121.308088,6.727301,128.467014,121.730323,6.736691
127.909479,121.183122,6.726358,128.913620,122.251323,6.662297
127.898150,121.180841,6.717309,128.348634,121.657147,6.691487
127.783455,121.055483,6.727972,128.321294,121.621036,6.700259
127.653625,120.912441,6.741184,128.808575,122.136165,6.672411
127.696119,120.965379,6.730740,128.391303,121.698352,6.692951
127.780522,121.071630,6.708892,128.521355,121.862987,6.658368
127.681836,120.969598,6.712238,128.676838,121.991967,6.684871
127.710032,120.992412,6.717620,128.810922,122.135052,6.675869
127.573433,120.853327,6.720106,128.722934,122.038454,6.684480
127.637750,120.916121,6.721629,128.429284,121.733144,6.696140
127.586810,120.859302,6.727508,128.101335,121.414385,6.686950
127.536383,120.809063,6.727321,128.392895,121.702751,6.690145
127.460358,120.721689,6.738669,128.848173,122.172929,6.675243
127.478458,120.749487,6.728971,128.763557,122.061564,6.701994
127.445882,120.715406,6.730476,128.380475,121.673969,6.706505
127.423915,120.710312,6.713603,128.207703,121.532494,6.675210
127.422663,120.684056,6.738607,128.210097,121.502959,6.707139
127.302885,120.566517,6.736368,127.988610,121.283127,6.705483
127.364112,120.629087,6.735025,128.058255,121.351721,6.706533
127.241491,120.513889,6.727602,128.313644,121.662045,6.651599
127.328853,120.598685,6.730168,128.127167,121.398987,6.728180
127.242404,120.501034,6.741370,128.136073,121.445603,6.690470
127.183999,120.447094,6.736905,128.266755,121.562384,6.704371
127.149223,120.414086,6.735136,128.429555,121.750842,6.678713
127.249913,120.507332,6.742581,128.171530,121.456492,6.715038
127.147996,120.392923,6.755072,127.862806,121.121803,6.741003
127.080772,120.336263,6.744509,128.194345,121.499484,6.694861
127.029870,120.281056,6.748814,128.369154,121.680033,6.689121
127.159231,120.413202,6.746029,128.045594,121.340736,6.704859
127.100923,120.362288,6.738635,128.015870,121.311589,6.704282
126.985657,120.236786,6.748871,128.120487,121.396253,6.724234
126.931281,120.181211,6.750070,127.895493,121.161529,6.733964
126.917198,120.169677,6.747521,127.723066,121.024721,6.698344
127.018967,120.266183,6.752784,128.011366,121.296216,6.715149
126.777422,120.016853,6.760570,128.073503,121.367831,6.705673
127.032428,120.288437,6.743992,128.091563,121.359374,6.732189
126.972390,120.227536,6.744854,128.215531,121.517805,6.697725
127.033014,120.291933,6.741081,128.362011,121.652941,6.709071
126.842236,120.074031,6.768205,127.907427,121.184683,6.722743
126.859423,120.093824,6.765599,127.831422,121.080928,6.750494
126.668364,119.896738,6.771626,128.652295,121.948330,6.703966
126.864798,120.099850,6.764948,127.929632,121.214203,6.715430
126.731974,119.978724,6.753249,127.887975,121.171388,6.716586
126.804615,120.046123,6.758492,128.211101,121.490170,6.720931
126.829411,120.068050,6.761361,128.008228,121.293983,6.714245
126.752989,119.985195,6.767794,127.963573,121.259694,6.703879
126.676363,119.913341,6.763022,128.243217,121.539330,6.703887
126.835986,120.078778,6.757208,128.333092,121.619670,6.713422
126.737312,119.973371,6.763942,127.755096,121.048424,6.706673
126.781742,120.040829,6.740913,128.205141,121.499215,6.705926
126.748677,119.995634,6.753043,127.754916,121.054593,6.700323
126.642515,119.867878,6.774637,128.193667,121.497087,6.696579
126.598769,119.831896,6.766873,127.956701,121.226033,6.730668
126.669347,119.893709,6.775638,128.049285,121.340988,6.708297
126.699224,119.928845,6.770379,127.713300,120.954492,6.758808
126.688020,119.922991,6.765029,127.917336,121.223385,6.693950
126.645969,119.884544,6.761425,127.919009,121.202604,6.716405
126.616575,119.855068,6.761507,127.678883,120.961161,6.717721
126.554237,119.787825,6.766412,128.045287,121.301944,6.743343
126.578507,119.806012,6.772495,128.074916,121.336630,6.738286
126.470953,119.706334,6.764619,127.693960,120.974784,6.719177
126.549523,119.789548,6.759975,127.987279,121.286957,6.700322
126.507546,119.754511,6.753036,127.882910,121.178736,6.704173
126.343339,119.571263,6.772075,127.880360,121.157875,6.722485
126.528265,119.773060,6.755205,127.748167,121.030899,6.717268
126.567568,119.821290,6.746278,128.209032,121.486072,6.722961
126.397623,119.632488,6.765134,127.962223,121.270290,6.691933
126.553491,119.790267,6.763223,127.698772,120.974842,6.723930
126.393679,119.617914,6.775765,128.423621,121.709539,6.714083
126.539073,119.777761,6.761312,128.054330,121.362367,6.691964
126.508816,119.753096,6.755720,127.721231,120.991672,6.729558
126.423684,119.664328,6.759355,127.821821,121.102467,6.719355
126.443085,119.686955,6.756130,127.723731,120.999878,6.723853
126.346428,119.581955,6.764473,127.789041,121.046771,6.742270
126.404341,119.624708,6.779633,127.651388,120.886379,6.765009
126.221207,119.445504,6.775703,127.622972,120.864241,6.758731
126.264620,119.489601,6.775019,127.853074,121.145157,6.707917
126.312486,119.541290,6.771195,127.555355,120.844098,6.711256
126.393723,119.625803,6.767920,127.335338,120.586677,6.748661
126.265925,119.493576,6.772349,127.579567,120.830939,6.748628
126.336604,119.557099,6.779505,127.671870,120.920552,6.751317
126.325857,119.558963,6.766894,128.174960,121.418992,6.755968
126.392729,119.627487,6.765242,127.836029,121.089142,6.746888
126.317201,119.561402,6.755799,127.670421,120.912955,6.757466
126.390391,119.619212,6.771178,127.758664,121.030093,6.728571
126.332995,119.551977,6.781018,127.385712,120.640964,6.744749
