239.306743,233.886895,5.419848,190.839463,186.271727,4.567735
175.466239,166.559364,8.906875,158.518883,145.725837,12.793045
151.359934,136.797582,14.562352,144.084440,127.843781,16.240659
140.367790,123.144073,17.223717,135.728289,117.650803,18.077487
133.990577,115.018266,18.972312,131.343438,111.446435,19.897004
129.806753,109.760493,20.046260,127.806477,107.357353,20.449125
126.932468,106.228853,20.703615,125.022266,104.239058,20.783208
124.734776,103.738008,20.996768,123.433900,102.408716,21.025184
123.138001,101.827857,21.310143,121.923564,100.463227,21.460337
121.712884,100.249749,21.463135,120.653703,98.994768,21.658934
120.499161,98.969731,21.529430,119.619442,97.947201,21.672241
119.447957,97.799993,21.647965,118.634239,96.963313,21.670926
118.492479,96.768016,21.724463,117.903335,96.149489,21.753845
117.729993,95.910684,21.819309,117.105155,95.316608,21.788547
116.861580,95.041549,21.820031,116.526901,94.908522,21.618380
116.114997,94.314726,21.800270,115.566898,93.678766,21.888131
115.485482,93.639099,21.846383,115.072612,93.331972,21.740639
114.879033,93.026130,21.852904,114.533790,92.738737,21.795053
114.273109,92.408347,21.864762,114.150094,92.265625,21.884469
113.690516,91.826241,21.864276,113.371569,91.695823,21.675745
113.197755,91.361694,21.836061,113.214503,91.352870,21.861634
112.708632,90.871745,21.836887,112.630030,90.861117,21.768912
112.361659,90.490328,21.871331,112.492880,90.792153,21.700726
111.956606,90.124802,21.831804,112.116815,90.362962,21.753853
111.490940,89.654897,21.836043,111.630654,89.809953,21.820700
110.959034,89.137507,21.821527,111.182272,89.317008,21.865264
110.607120,88.843577,21.763544,110.835975,89.194212,21.641763
110.248652,88.492463,21.756189,110.220708,88.682768,21.537940
109.857073,88.177859,21.679214,110.424773,88.743203,21.681570
109.526241,87.812397,21.713845,109.853566,88.295888,21.557678
109.193739,87.525082,21.668657,109.777825,88.290055,21.487770
108.753693,87.098815,21.654878,109.242576,87.677242,21.565334
108.423993,86.841915,21.582077,108.640465,87.123831,21.516634
108.063433,86.518920,21.544513,108.793088,87.217062,21.576026
107.835845,86.261762,21.574082,108.208393,86.863121,21.345273
107.537212,85.987320,21.549892,108.063592,86.625407,21.438185
107.219276,85.681976,21.537299,107.660829,86.253065,21.407764
106.906491,85.374574,21.531918,107.716852,86.263101,21.453750
106.624395,85.149187,21.475209,107.502348,86.040590,21.461758
106.482948,84.986341,21.496606,107.465960,85.966587,21.499374
106.152599,84.635415,21.517183,106.959417,85.416341,21.543075
105.912918,84.366035,21.546883,106.609158,84.930534,21.678624
105.685266,84.128171,21.557095,106.548822,85.015008,21.533814
105.484817,83.927310,21.557507,106.175047,84.634396,21.540651
105.278831,83.770931,21.507899,105.962058,84.430397,21.531661
105.027032,83.459065,21.567967,105.746877,84.238840,21.508036
104.822748,83.312798,21.509950,105.693854,84.264236,21.429618
104.640216,83.146013,21.494203,105.624418,84.142081,21.482338
104.471966,82.931576,21.540390,105.668807,84.164127,21.504681
104.270841,82.757726,21.513116,105.535678,83.953582,21.582097
104.158299,82.653670,21.504629,105.317659,83.790220,21.527440
104.072208,82.527309,21.544899,105.208585,83.669960,21.538625
103.815604,82.281533,21.534072,105.047139,83.492462,21.554677
103.699728,82.195292,21.504436,104.861485,83.491367,21.370119
103.535530,82.025148,21.510382,104.833244,83.365453,21.467792
103.390885,81.920708,21.470177,104.644412,83.327165,21.317247
103.192979,81.711723,21.481256,104.477847,83.109710,21.368137
103.234551,81.744235,21.490316,104.305760,82.956244,21.349516
102.991072,81.506838,21.484234,104.525744,83.127080,21.398663
102.835316,81.363168,21.472148,104.433232,83.080151,21.353080
102.732177,81.295129,21.437048,104.270113,82.939944,21.330169
102.714975,81.218717,21.496258,104.036294,82.533105,21.503189
102.506121,80.983718,21.522403,103.863738,82.464222,21.399517
102.448317,80.970735,21.477583,103.864575,82.451849,21.412726
102.340829,80.862602,21.478227,103.697497,82.240090,21.457408
102.234706,80.708751,21.525954,103.548524,82.115903,21.432622
102.027029,80.563651,21.463378,103.698876,82.316239,21.382637
102.028547,80.549118,21.479429,103.335656,82.021436,21.314220
101.849337,80.352581,21.496757,103.380422,81.944001,21.436421
101.772034,80.295904,21.476130,103.325293,81.935933,21.389360
101.767886,80.242533,21.525354,103.232529,81.740204,21.492325
101.632360,80.110492,21.521868,103.265455,81.735207,21.530247
101.544270,80.023385,21.520885,103.238057,81.789016,21.449042
101.365292,79.912881,21.452412,103.002040,81.675698,21.326343
101.331202,79.831058,21.500144,103.026361,81.487568,21.538794
101.267800,79.785322,21.482478,102.930645,81.498145,21.432500
101.170539,79.697069,21.473470,103.103154,81.580731,21.522423
101.083144,79.613298,21.469846,102.720405,81.368120,21.352285
101.044395,79.511328,21.533067,102.748925,81.322172,21.426753
101.010743,79.487922,21.522821,102.631381,81.037607,21.593775
100.918382,79.347819,21.570564,102.623362,81.057409,21.565953
100.856155,79.289620,21.566535,102.531957,81.057006,21.474951
100.868631,79.228180,21.640451,102.825076,81.314640,21.510437
100.717833,79.107936,21.609897,102.517862,80.979741,21.538121
100.617165,78.992553,21.624612,102.427373,80.986919,21.440454
100.528948,78.955203,21.573745,102.296112,80.830641,21.465471
100.434618,78.858714,21.575904,102.442722,80.849218,21.593503
100.490488,78.876393,21.614095,102.494046,80.940357,21.553690
100.404147,78.794497,21.609649,102.331777,80.871588,21.460189
100.429264,78.740830,21.688435,102.427649,80.754638,21.673011
100.338906,78.631419,21.707487,102.317917,80.738963,21.578954
100.177772,78.538011,21.639761,102.236483,80.622845,21.613638
100.162953,78.491111,21.671842,102.193897,80.641992,21.551905
100.143156,78.475759,21.667397,102.299433,80.782318,21.517115
100.008168,78.381281,21.626887,102.272274,80.667038,21.605236
99.985112,78.325006,21.660106,102.059914,80.556653,21.503261
99.930050,78.313093,21.616957,102.084024,80.498696,21.585327
99.895780,78.242322,21.653458,102.001767,80.469702,21.532065
99.840860,78.172571,21.668289,101.715767,80.162094,21.553673
99.780446,78.104996,21.675450,101.932810,80.298404,21.634406
99.742832,78.050112,21.692720,102.017566,80.413480,21.604085
99.672866,78.017161,21.655705,101.870087,80.344882,21.525205
99.602352,77.960073,21.642279,102.156720,80.534011,21.622710
99.534500,77.883813,21.650686,101.794718,80.197713,21.597006
99.525444,77.803658,21.721786,101.605128,80.007897,21.597232
99.506885,77.803122,21.703763,101.619322,79.940095,21.679226
99.433577,77.726257,21.707320,101.582804,80.016281,21.566522
99.409916,77.675768,21.734147,101.714448,80.131061,21.583387
99.440795,77.722892,21.717903,101.765054,80.167658,21.597396
99.355651,77.620344,21.735306,101.699629,80.128506,21.571123
99.321933,77.630869,21.691064,101.475891,79.886774,21.589118
99.288995,77.567927,21.721068,101.849482,80.120886,21.728595
99.238935,77.482125,21.756810,101.724468,80.103135,21.621333
99.213710,77.440486,21.773224,101.805100,80.102530,21.702571
99.243502,77.433861,21.809641,101.661463,79.937504,21.723959
99.196646,77.409681,21.786966,101.584546,79.867622,21.716924
99.117201,77.365130,21.752071,101.632678,79.956707,21.675970
99.119423,77.296379,21.823044,101.536883,79.819791,21.717092
99.034251,77.262339,21.771912,101.381846,79.650206,21.731640
99.041948,77.231197,21.810751,101.715646,79.996811,21.718835
99.086196,77.268044,21.818152,101.500504,79.819169,21.681335
99.027259,77.201434,21.825825,101.424722,79.707320,21.717402
99.155014,77.226362,21.928652,101.388233,79.586199,21.802034
98.969206,77.155315,21.813891,101.460997,79.745106,21.715891
98.915764,77.095593,21.820171,101.632807,79.854766,21.778042
98.902407,77.067245,21.835162,101.422839,79.694188,21.728651
98.861405,77.018383,21.843021,101.592194,79.722068,21.870126
98.765398,76.916447,21.848952,101.447607,79.727168,21.720439
98.830383,76.977013,21.853370,101.313036,79.542749,21.770287
98.755476,76.903309,21.852167,101.495622,79.756369,21.739253
98.722000,76.831778,21.890221,101.557330,79.782848,21.774482
98.777889,76.914969,21.862920,101.207354,79.427960,21.779393
98.755179,76.833904,21.921274,101.272882,79.496767,21.776115
98.698765,76.798743,21.900022,101.357237,79.611855,21.745382
98.668826,76.777875,21.890950,101.155611,79.312631,21.842980
98.597338,76.700630,21.896708,101.556433,79.709809,21.846624
98.586917,76.677940,21.908977,101.466266,79.674037,21.792229
98.607551,76.724554,21.882998,101.146075,79.333015,21.813060
98.610660,76.707092,21.903568,101.417595,79.601125,21.816470
98.577413,76.689743,21.887671,101.446300,79.650370,21.795930
98.533310,76.616660,21.916650,101.571630,79.756435,21.815196
98.522277,76.624282,21.897995,101.351742,79.553385,21.798357
98.513955,76.599220,21.914735,101.450353,79.527318,21.923035
98.478159,76.533981,21.944179,101.345584,79.524912,21.820673
98.466876,76.508043,21.958832,101.314650,79.491634,21.823016
98.472940,76.528696,21.944244,101.288783,79.373847,21.914936
98.341874,76.418724,21.923150,101.418875,79.686890,21.731985
98.416650,76.508179,21.908471,101.366690,79.541737,21.824953
98.382617,76.487822,21.894795,101.160872,79.333287,21.827586
98.371816,76.475395,21.896421,101.246591,79.447099,21.799492
98.358389,76.377509,21.980880,101.013474,79.198915,21.814559
98.342647,76.380180,21.962467,101.140617,79.205359,21.935258
98.349857,76.345202,22.004654,101.461975,79.534806,21.927170
98.349166,76.382391,21.966774,101.217107,79.314794,21.902313
98.258156,76.284195,21.973961,101.248857,79.494871,21.753986
98.283343,76.311897,21.971446,101.029359,79.182797,21.846563
98.243612,76.237783,22.005829,101.148919,79.351031,21.797889
98.228724,76.308466,21.920258,100.998439,79.126753,21.871687
98.320068,76.297203,22.022866,101.416581,79.455953,21.960628
98.231756,76.228735,22.003022,101.053086,79.287732,21.765354
