243.832910,241.632764,2.200146,193.980009,191.005057,2.974951
187.139099,181.860223,5.278876,174.997200,166.545703,8.451496
165.983859,155.328179,10.655680,156.338865,143.612763,12.726101
152.033578,138.385956,13.647622,146.503441,132.198711,14.304730
143.598714,128.088995,15.509720,139.201883,122.464789,16.737093
137.504301,119.992542,17.511759,134.251242,116.024519,18.226724
133.319414,114.650988,18.668426,130.718141,111.387540,19.330601
130.462259,111.127917,19.334342,128.368244,108.702312,19.665932
128.132832,108.291439,19.841393,126.067365,105.841392,20.225973
126.194235,105.904519,20.289715,124.804331,104.470657,20.333674
124.509580,103.823964,20.685616,123.155158,102.149677,21.005481
123.196394,102.111824,21.084570,121.913762,100.382092,21.531669
121.898317,100.585894,21.312423,120.787005,99.487692,21.299313
120.928011,99.405403,21.522608,119.567935,97.980487,21.587448
120.001171,98.227115,21.774056,119.304457,97.476599,21.827858
119.118024,97.121670,21.996354,119.049016,96.688219,22.360797
118.272828,96.080710,22.192118,117.383969,95.260537,22.123431
117.543976,95.322254,22.221722,116.651844,94.515383,22.136461
116.867774,94.492849,22.374924,116.629953,94.054625,22.575328
116.186601,93.665871,22.520730,115.966153,93.436991,22.529163
115.647812,93.113883,22.533929,115.344473,92.610360,22.734113
115.040949,92.410305,22.630645,114.822107,92.177505,22.644603
114.492814,91.813080,22.679734,114.219576,91.653711,22.565866
113.994800,91.275262,22.719537,113.743124,91.246967,22.496156
113.535536,90.774178,22.761358,113.476925,90.648903,22.828022
113.067384,90.206800,22.860585,112.974129,90.089814,22.884315
112.639715,89.650873,22.988843,112.492233,89.617444,22.874790
112.260072,89.305057,22.955015,112.173374,89.423086,22.750288
111.837554,88.843214,22.994340,111.759464,88.874591,22.884874
111.477156,88.405638,23.071518,111.602083,88.403389,23.198694
111.087312,87.928028,23.159284,111.156984,88.048903,23.108081
110.778439,87.590440,23.187998,110.830741,87.727586,23.103155
110.378027,87.231440,23.146587,110.619184,87.541199,23.077985
110.091640,86.893805,23.197835,110.415363,87.304891,23.110472
109.804694,86.568952,23.235742,110.113682,87.076275,23.037407
109.494797,86.214672,23.280124,109.735001,86.467829,23.267172
109.270590,85.939487,23.331103,109.503655,86.154975,23.348680
108.961760,85.551106,23.410654,109.190124,85.986529,23.203595
108.627278,85.270151,23.357127,108.979321,85.687663,23.291657
108.353941,84.979302,23.374638,108.571754,85.314491,23.257264
108.114739,84.709061,23.405679,108.981061,85.356225,23.624836
107.977849,84.541210,23.436639,108.276820,84.990276,23.286544
107.699255,84.241180,23.458075,108.241184,84.793315,23.447870
107.546251,84.035935,23.510316,108.062813,84.587471,23.475343
107.326946,83.808650,23.518295,107.996503,84.478669,23.517834
107.042562,83.497132,23.545430,107.582816,84.185833,23.396984
106.865266,83.332423,23.532843,107.669549,84.309106,23.360443
106.686932,83.126795,23.560137,107.380802,84.040189,23.340613
106.530872,82.934823,23.596049,107.485328,84.033560,23.451768
106.359633,82.737855,23.621778,106.947054,83.442838,23.504216
106.122314,82.466521,23.655794,107.037217,83.633232,23.403985
105.900173,82.296221,23.603952,106.893963,83.349420,23.544543
105.836547,82.180277,23.656270,106.700049,83.131628,23.568420
105.643799,82.013015,23.630783,106.502283,82.975995,23.526289
105.543560,81.907749,23.635811,106.278376,82.682016,23.596360
105.337399,81.657335,23.680064,106.208714,82.686994,23.521721
105.180503,81.491662,23.688841,105.949827,82.293415,23.656412
105.020088,81.367899,23.652189,105.909042,82.283696,23.625347
104.952650,81.189848,23.762802,105.926306,82.234575,23.691731
104.781636,81.046592,23.735044,106.007000,82.366503,23.640498
104.678048,80.874882,23.803165,105.610853,81.792516,23.818337
104.571185,80.845626,23.725559,105.612965,82.007347,23.605619
104.451995,80.653955,23.798040,105.552522,81.903848,23.648674
104.288846,80.485373,23.803473,105.305600,81.585589,23.720010
104.196374,80.344737,23.851637,105.262950,81.507600,23.755349
104.051229,80.214897,23.836332,105.198884,81.488489,23.710394
103.978506,80.104472,23.874034,105.197407,81.396035,23.801373
103.860113,79.935980,23.924134,105.186820,81.491718,23.695102
103.754861,79.880570,23.874292,104.772324,81.131028,23.641296
103.584227,79.673933,23.910294,104.893622,81.082817,23.810805
103.514524,79.581844,23.932680,104.811675,81.079410,23.732266
103.411995,79.540132,23.871863,104.402230,80.632110,23.770120
103.353206,79.438628,23.914578,104.726940,81.002276,23.724664
103.199150,79.311699,23.887451,104.462484,80.653155,23.809329
103.125906,79.223231,23.902675,104.570998,80.642816,23.928183
103.114076,79.173988,23.940088,104.372257,80.494531,23.877726
103.027432,79.074981,23.952451,104.405550,80.534697,23.870853
102.961820,79.001549,23.960271,104.232076,80.469499,23.762577
102.762662,78.837699,23.924964,104.380801,80.588054,23.792747
102.810992,78.834565,23.976427,104.083299,80.205493,23.877806
102.662337,78.694113,23.968224,103.838905,80.095709,23.743196
102.595616,78.647509,23.948107,104.206432,80.448402,23.758029
102.520249,78.577949,23.942300,104.086819,80.171075,23.915744
102.471830,78.441639,24.030191,104.089224,80.193824,23.895400
102.385369,78.414052,23.971318,103.941547,80.067541,23.874006
102.289027,78.364844,23.924184,103.912933,80.172285,23.740648
102.262664,78.253077,24.009587,104.162480,80.280600,23.881880
102.206428,78.206943,23.999485,103.643194,79.622839,24.020355
102.141497,78.121365,24.020131,103.520698,79.687765,23.832933
102.069511,78.061004,24.008508,103.448429,79.740258,23.708171
101.948285,77.995213,23.953072,103.642069,79.839553,23.802516
101.935452,77.939348,23.996104,103.432909,79.495690,23.937220
101.858513,77.851627,24.006886,103.493184,79.708742,23.784442
101.842640,77.847424,23.995215,103.412349,79.598809,23.813539
101.730704,77.700052,24.030652,103.310407,79.383922,23.926484
101.659704,77.624668,24.035036,103.267458,79.385107,23.882351
101.661684,77.602163,24.059520,103.269646,79.398676,23.870970
101.549201,77.494560,24.054641,103.361525,79.468047,23.893477
101.534645,77.558438,23.976207,103.232000,79.414869,23.817131
101.427126,77.421671,24.005455,103.087752,79.222283,23.865469
101.322952,77.359012,23.963940,103.217332,79.362872,23.854460
101.290733,77.326641,23.964092,102.982711,79.064493,23.918218
101.210264,77.222298,23.987967,103.025970,79.190969,23.835001
101.192598,77.234340,23.958257,102.939720,79.219223,23.720497
101.159149,77.204993,23.954156,102.805020,79.108919,23.696101
101.078137,77.174897,23.903240,102.735933,79.010168,23.725764
101.014495,77.087864,23.926631,102.709923,79.048787,23.661136
100.989897,77.094116,23.895782,102.891711,79.075349,23.816362
100.998495,77.094216,23.904279,102.695497,78.982083,23.713414
100.893553,77.068508,23.825044,102.637019,78.950587,23.686432
100.826686,76.967626,23.859060,102.611747,78.966320,23.645427
100.765232,76.910640,23.854592,102.602019,78.873746,23.728272
100.698759,76.838003,23.860756,102.577831,78.909521,23.668310
100.674140,76.828261,23.845879,102.569182,78.903801,23.665380
100.637012,76.781186,23.855826,102.371037,78.729128,23.641908
100.461219,76.638467,23.822751,102.400392,78.805365,23.595027
100.463884,76.642337,23.821548,102.249681,78.579631,23.670050
100.451047,76.620057,23.830990,102.296535,78.576272,23.720263
100.331986,76.516852,23.815134,102.306477,78.732120,23.574357
100.338697,76.579402,23.759295,102.280244,78.708549,23.571695
100.273179,76.488698,23.784481,102.438172,78.752139,23.686034
100.306605,76.461538,23.845067,102.241515,78.539092,23.702422
100.259131,76.397639,23.861492,102.223448,78.545627,23.677822
100.217881,76.399671,23.818211,102.176310,78.502065,23.674245
100.124378,76.318122,23.806257,102.227406,78.520578,23.706829
100.131820,76.279282,23.852538,102.385642,78.702948,23.682695
100.019906,76.197421,23.822485,102.033732,78.370108,23.663625
100.072122,76.196781,23.875341,101.996482,78.385866,23.610616
100.022282,76.170185,23.852097,102.058676,78.502720,23.555956
100.036832,76.243656,23.793177,102.185997,78.602715,23.583282
99.927395,76.117821,23.809575,101.954382,78.245274,23.709108
99.906002,76.077554,23.828448,101.898123,78.205623,23.692500
99.858288,76.039465,23.818823,102.023396,78.332951,23.690445
99.890441,76.103217,23.787224,101.910011,78.292839,23.617171
99.708981,75.923809,23.785171,102.247797,78.485782,23.762015
99.696732,75.913513,23.783219,101.869857,78.199712,23.670145
99.742068,75.954972,23.787096,101.903911,78.234650,23.669261
99.742051,75.932713,23.809338,101.976309,78.260780,23.715529
99.603114,75.799801,23.803313,101.897658,78.272384,23.625274
99.570840,75.759947,23.810892,101.902312,78.279827,23.622486
99.568889,75.800199,23.768690,101.928333,78.416205,23.512128
99.587617,75.883436,23.704181,101.761298,78.076377,23.684920
99.560130,75.762275,23.797855,101.986898,78.263487,23.723411
99.450797,75.663658,23.787138,101.556150,77.984333,23.571817
99.443043,75.685117,23.757926,101.692316,78.134873,23.557443
99.489258,75.685428,23.803830,101.840412,78.170211,23.670201
99.434864,75.677208,23.757656,101.784692,78.216495,23.568197
99.309477,75.550440,23.759037,101.833385,78.261481,23.571904
99.379746,75.574749,23.804997,101.633936,77.964501,23.669435
99.300024,75.498823,23.801201,101.461890,77.805758,23.656132
99.258205,75.461407,23.796797,101.799515,78.165428,23.634087
99.256968,75.482936,23.774032,101.852132,78.234885,23.617247
99.245434,75.495877,23.749558,101.719167,78.148967,23.570201
99.270206,75.485701,23.784505,101.569660,77.949759,23.619900
99.166549,75.382581,23.783968,101.407016,77.804278,23.602737
99.104072,75.356391,23.747681,101.692747,78.097078,23.595668
99.129907,75.352304,23.777604,101.621053,77.958528,23.662525
99.078213,75.301783,23.776431,101.612908,77.960684,23.652224
99.076970,75.270998,23.805972,101.458897,77.723453,23.735444
99.038063,75.266090,23.771974,101.560844,77.914079,23.646765
