204.721015,200.590829,4.130186,181.642986,175.483873,6.159113
169.598678,162.605912,6.992766,159.745921,152.394837,7.351084
156.537250,149.073080,7.464169,153.255935,145.691964,7.563971
152.534974,144.951482,7.583492,151.071466,143.422171,7.649296
150.287660,142.635096,7.652564,148.832392,141.185883,7.646509
148.141401,140.451101,7.690300,146.762355,139.044664,7.717692
146.494987,138.784688,7.710299,145.958419,138.253646,7.704774
145.519152,137.804189,7.714963,144.466116,136.755480,7.710636
144.752817,137.025711,7.727106,144.265185,136.536337,7.728848
143.815445,136.077865,7.737579,144.169396,136.402432,7.766965
143.169519,135.416249,7.753270,142.796742,135.060350,7.736393
143.177291,135.423210,7.754081,142.888166,135.123381,7.764785
142.652119,134.896053,7.756066,142.500388,134.730503,7.769885
142.186327,134.419827,7.766499,142.531012,134.764630,7.766382
141.849193,134.082323,7.766870,141.828121,134.046460,7.781661
141.250683,133.468681,7.782002,141.247931,133.475430,7.772501
141.316382,133.538378,7.778004,142.028117,134.232701,7.795416
141.218927,133.426245,7.792682,141.252249,133.472592,7.779658
140.923650,133.135202,7.788448,141.326645,133.520890,7.805754
141.114323,133.312931,7.801392,140.403561,132.606707,7.796854
140.286179,132.472545,7.813633,140.321234,132.507713,7.813521
140.197777,132.384449,7.813328,140.022204,132.229586,7.792617
140.180086,132.367187,7.812899,140.854614,133.041557,7.813056
140.300691,132.484361,7.816330,140.897740,133.111425,7.786315
140.175357,132.357036,7.818321,140.545600,132.729924,7.815677
139.904286,132.078222,7.826064,139.240508,131.425765,7.814743
139.457122,131.634364,7.822758,140.057680,132.253501,7.804179
139.492129,131.670490,7.821638,140.378790,132.561538,7.817253
139.460701,131.641924,7.818777,139.489043,131.688103,7.800940
139.276779,131.456938,7.819840,139.686689,131.884191,7.802498
139.178686,131.353135,7.825550,138.714200,130.896102,7.818097
139.004009,131.170199,7.833809,138.898538,131.086992,7.811545
138.875621,131.036708,7.838913,139.880030,132.041861,7.838170
138.900469,131.061356,7.839113,138.696384,130.871741,7.824643
139.002072,131.164429,7.837642,140.713001,132.857941,7.855061
138.785054,130.948973,7.836081,139.578197,131.761056,7.817142
138.701216,130.864541,7.836676,139.938831,132.127114,7.811717
138.905602,131.077126,7.828476,138.533888,130.725722,7.808165
138.582658,130.749606,7.833053,138.622230,130.812384,7.809846
138.269247,130.441572,7.827674,138.506781,130.677766,7.829015
138.256714,130.420051,7.836664,138.473084,130.662647,7.810437
138.379941,130.551923,7.828018,138.644766,130.857143,7.787622
137.941466,130.118128,7.823339,138.585837,130.761124,7.824713
138.011964,130.175146,7.836818,137.813627,129.992313,7.821313
137.754616,129.914674,7.839942,138.161733,130.345669,7.816064
137.537135,129.698876,7.838258,137.650226,129.833695,7.816532
137.451762,129.604428,7.847335,138.548605,130.724376,7.824228
137.932091,130.083417,7.848675,138.713872,130.877108,7.836764
138.097043,130.248133,7.848909,138.824586,130.994487,7.830099
137.649762,129.803206,7.846556,139.375460,131.538094,7.837366
137.660163,129.814853,7.845310,137.964480,130.146294,7.818185
137.405583,129.557587,7.847996,139.333829,131.499886,7.833942
137.376317,129.525770,7.850546,137.988269,130.154676,7.833593
137.136755,129.285285,7.851470,137.849572,130.022135,7.827437
137.317523,129.462027,7.855496,138.054398,130.233254,7.821144
137.096072,129.236922,7.859149,138.116114,130.271757,7.844356
137.076952,129.210328,7.866625,137.210666,129.387342,7.823324
136.860209,128.999446,7.860764,137.516768,129.687035,7.829733
136.619194,128.751671,7.867522,136.789621,128.948193,7.841428
136.372470,128.502312,7.870158,136.689462,128.849485,7.839978
136.203926,128.328861,7.875064,136.467885,128.620740,7.847143
136.222410,128.353213,7.869197,137.470255,129.633617,7.836638
136.243378,128.376153,7.867225,136.409312,128.567983,7.841329
136.190632,128.317772,7.872860,136.787100,128.937474,7.849626
136.435598,128.561399,7.874199,138.313459,130.461224,7.852234
136.520328,128.635911,7.884417,136.222306,128.371077,7.851230
136.148565,128.270743,7.877822,137.283478,129.428602,7.854877
135.962238,128.085460,7.876778,137.115137,129.261971,7.853166
136.028375,128.144961,7.883415,136.843529,128.990791,7.852738
136.093276,128.212585,7.880691,138.240925,130.378972,7.861953
136.414416,128.533017,7.881399,136.530892,128.681432,7.849460
136.350012,128.469655,7.880357,137.593940,129.734777,7.859163
136.537216,128.646046,7.891170,138.141060,130.262550,7.878510
136.110587,128.217896,7.892691,137.679156,129.806382,7.872774
136.092612,128.192842,7.899770,136.621257,128.742541,7.878715
135.924835,128.026527,7.898308,137.290271,129.413448,7.876823
136.189605,128.289695,7.899910,136.716428,128.842014,7.874414
136.364772,128.458913,7.905859,137.411150,129.529492,7.881658
136.107771,128.206623,7.901148,137.415916,129.536048,7.879869
136.207126,128.308635,7.898492,137.407282,129.542610,7.864672
136.266498,128.363439,7.903059,137.677087,129.804508,7.872579
136.371058,128.465481,7.905576,137.402716,129.534875,7.867841
136.197140,128.297734,7.899406,137.084176,129.212727,7.871450
136.302067,128.396759,7.905308,137.772329,129.902369,7.869961
136.607019,128.708119,7.898901,137.596631,129.722752,7.873879
136.521691,128.617030,7.904661,138.408485,130.520934,7.887552
136.561567,128.644199,7.917368,138.308624,130.427023,7.881601
136.702923,128.782430,7.920493,138.166542,130.264025,7.902517
136.494218,128.571920,7.922299,136.642986,128.750995,7.891990
135.941312,128.011964,7.929348,138.599290,130.684738,7.914552
136.473287,128.540714,7.932574,137.932580,130.030661,7.901919
137.144799,129.215205,7.929594,137.872528,129.963139,7.909390
136.390212,128.455295,7.934917,137.993372,130.093654,7.899719
136.369684,128.445787,7.923897,137.918621,130.010683,7.907939
136.050866,128.122754,7.928112,137.830022,129.921504,7.908519
136.194801,128.264956,7.929844,137.456384,129.562804,7.893580
136.338765,128.408133,7.930632,137.610266,129.695943,7.914323
136.593789,128.666752,7.927037,138.254015,130.354443,7.899571
136.452149,128.525887,7.926263,137.933952,130.030782,7.903170
136.319637,128.396487,7.923150,138.634416,130.738065,7.896350
136.449111,128.525501,7.923610,138.143676,130.244753,7.898923
136.538701,128.611182,7.927519,138.499484,130.594155,7.905329
136.605139,128.670435,7.934704,137.836673,129.921442,7.915231
136.287098,128.357889,7.929209,138.038329,130.132368,7.905959
136.471807,128.538530,7.933277,137.596862,129.693815,7.903047
136.437380,128.500310,7.937070,137.580870,129.659296,7.921574
136.587967,128.644479,7.943488,137.850526,129.933770,7.916756
136.713678,128.769389,7.944289,138.596153,130.676865,7.919289
136.199277,128.265117,7.934159,137.602317,129.685986,7.916331
136.291094,128.346184,7.944911,138.395166,130.459696,7.935470
136.796291,128.843975,7.952316,138.230237,130.304657,7.925580
136.403491,128.454369,7.949123,137.938255,130.006467,7.931788
136.590700,128.629587,7.961112,138.042043,130.101911,7.940132
136.308430,128.349147,7.959283,137.849923,129.911206,7.938718
136.286520,128.328341,7.958179,137.481356,129.550348,7.931007
136.426952,128.468595,7.958357,138.620534,130.682311,7.938222
136.407109,128.453976,7.953133,138.306944,130.388158,7.918787
136.293682,128.347978,7.945704,138.065995,130.129682,7.936313
136.407129,128.461125,7.946003,138.384794,130.462363,7.922431
136.770034,128.823341,7.946693,137.919095,129.998209,7.920887
136.526270,128.574741,7.951529,137.837683,129.915657,7.922027
136.816141,128.858398,7.957743,138.425767,130.488288,7.937480
136.658706,128.701249,7.957456,138.735658,130.795450,7.940209
136.596687,128.639899,7.956787,138.449110,130.513888,7.935222
136.655183,128.693755,7.961428,137.547343,129.607162,7.940181
136.223722,128.256809,7.966913,138.693369,130.748788,7.944581
136.484063,128.517703,7.966360,138.460571,130.515107,7.945464
136.726812,128.762766,7.964045,138.903343,130.954653,7.948691
136.712060,128.744883,7.967177,138.227160,130.279388,7.947772
136.484739,128.519252,7.965487,137.989484,130.048905,7.940579
136.498142,128.531199,7.966943,137.182781,129.241525,7.941257
136.394362,128.424435,7.969927,139.155176,131.198524,7.956653
136.341333,128.371977,7.969356,137.699781,129.761228,7.938552
136.637815,128.664656,7.973160,139.065289,131.109624,7.955665
136.907418,128.929672,7.977747,138.384123,130.435359,7.948764
136.986807,129.012534,7.974273,138.850577,130.895332,7.955244
137.128161,129.152294,7.975867,138.736891,130.783074,7.953817
137.277829,129.292418,7.985412,138.949949,130.985316,7.964633
136.880832,128.898153,7.982679,138.891009,130.927806,7.963202
136.641900,128.665951,7.975949,138.820533,130.865717,7.954817
136.840432,128.866393,7.974039,138.623419,130.671948,7.951470
136.892490,128.922360,7.970130,138.502558,130.552094,7.950465
136.888258,128.915368,7.972890,139.082337,131.119433,7.962905
136.639411,128.658611,7.980801,138.615019,130.657964,7.957055
136.641248,128.658291,7.982958,138.628117,130.658517,7.969601
137.455833,129.466797,7.989036,138.917090,130.949938,7.967152
136.801188,128.817825,7.983363,138.272853,130.314522,7.958332
137.026331,129.043572,7.982759,138.862116,130.900027,7.962089
137.299934,129.314027,7.985907,138.356475,130.387194,7.969281
136.914149,128.924391,7.989758,139.386887,131.419115,7.967772
136.919448,128.932134,7.987314,138.371525,130.404825,7.966700
136.885852,128.900117,7.985735,138.013110,130.053379,7.959731
136.563160,128.573472,7.989687,138.049463,130.085622,7.963841
136.688908,128.706430,7.982478,138.512008,130.550321,7.961687
136.569619,128.585085,7.984534,137.805763,129.843850,7.961913
136.825428,128.844112,7.981316,139.554557,131.596911,7.957646
136.896499,128.914130,7.982368,138.594730,130.628636,7.966094
136.824293,128.837673,7.986619,139.082842,131.118387,7.964455
137.164589,129.177434,7.987155,139.332868,131.360588,7.972280
136.948428,128.952265,7.996163,138.576020,130.604022,7.971997
