243.751821,241.214590,2.537231,193.957504,190.653370,3.304134
186.538354,181.035786,5.502568,175.599088,167.624925,7.974164
165.298135,154.367840,10.930295,155.989811,143.120624,12.869188
152.123796,138.355049,13.768747,146.999594,132.580157,14.419437
144.034173,128.801556,15.232617,139.907814,123.852234,16.055581
137.945255,121.108925,16.836329,134.797044,117.175989,17.621055
133.629161,115.433317,18.195844,130.886852,111.974899,18.911952
130.527626,111.357754,19.169872,128.048495,108.422908,19.625587
128.071764,108.199569,19.872196,125.765407,105.410807,20.354600
126.011105,105.648055,20.363050,124.139133,103.378695,20.760438
124.351769,103.555933,20.795836,123.056560,102.011946,21.044614
122.858472,101.698079,21.160392,121.574920,100.266523,21.308397
121.647984,100.177040,21.470944,120.253373,98.737794,21.515580
120.523858,98.855880,21.667979,119.259881,97.578296,21.681584
119.440696,97.527831,21.912865,118.455706,96.292699,22.163007
118.495849,96.433673,22.062176,117.535556,95.526902,22.008653
117.634726,95.420950,22.213776,116.643010,94.655116,21.987894
116.853000,94.523609,22.329391,116.148009,93.920338,22.227671
116.137065,93.685167,22.451897,115.313527,92.721917,22.591611
115.418744,92.873649,22.545095,115.290642,92.880692,22.409950
114.851669,92.182968,22.668701,114.197609,91.514867,22.682742
114.294520,91.628694,22.665826,113.914266,91.127090,22.787177
113.683529,90.900374,22.783155,113.178863,90.600095,22.578769
113.095725,90.335130,22.760595,113.129948,90.461647,22.668301
112.596435,89.804311,22.792124,112.355784,89.457620,22.898164
112.179510,89.315402,22.864108,111.681092,88.815477,22.865615
111.713386,88.804822,22.908564,111.151851,88.482841,22.669010
111.330775,88.445628,22.885147,111.118187,88.119827,22.998361
110.808540,87.932608,22.875932,110.610315,87.856104,22.754211
110.457341,87.595049,22.862293,110.459432,87.472324,22.987108
110.002182,87.068004,22.934178,109.761445,86.862341,22.899104
109.638117,86.686568,22.951549,109.370019,86.366323,23.003696
109.300013,86.400292,22.899721,109.416382,86.514773,22.901609
108.940634,86.011853,22.928781,109.057387,86.095344,22.962043
108.643369,85.701817,22.941552,108.632417,85.858372,22.774045
108.319529,85.424871,22.894658,108.229506,85.341730,22.887777
108.058400,85.056780,23.001620,108.049519,85.119804,22.929715
107.714526,84.762984,22.951542,108.022851,85.032577,22.990274
107.469084,84.487434,22.981650,107.937333,84.687332,23.250001
107.251254,84.202608,23.048646,107.649550,84.684998,22.964552
107.024161,83.961224,23.062936,107.319292,84.322172,22.997120
106.766823,83.655263,23.111559,107.052637,84.028743,23.023895
106.537875,83.419716,23.118159,106.639978,83.597953,23.042025
106.296735,83.167422,23.129313,106.899917,83.692711,23.207206
106.076974,82.887532,23.189442,106.574395,83.585767,22.988629
105.924941,82.725760,23.199180,106.647903,83.471217,23.176686
105.633590,82.477242,23.156347,106.101068,82.983444,23.117625
105.550864,82.332713,23.218151,106.087886,82.916578,23.171308
105.292489,82.086661,23.205828,105.677988,82.569500,23.108488
105.097535,81.862939,23.234595,105.599815,82.315350,23.284465
104.937495,81.718084,23.219411,105.567610,82.368637,23.198974
104.757479,81.503406,23.254073,105.354766,82.214501,23.140265
104.584343,81.350802,23.233541,104.909050,81.759124,23.149926
104.390122,81.158681,23.231441,105.128969,81.777578,23.351391
104.209841,80.981255,23.228585,104.979250,81.758915,23.220336
104.074792,80.840095,23.234698,104.647304,81.489431,23.157873
103.908948,80.677570,23.231378,104.695077,81.467009,23.228068
103.765792,80.476947,23.288845,104.592307,81.372497,23.219809
103.620998,80.355776,23.265222,104.350672,81.216796,23.133876
103.521688,80.200809,23.320878,104.330443,80.903831,23.426612
103.402274,80.046251,23.356023,104.226525,81.035010,23.191515
103.201936,79.825360,23.376576,104.124956,80.734474,23.390483
103.150716,79.761691,23.389025,103.923293,80.519620,23.403674
103.034857,79.609109,23.425748,103.850720,80.584080,23.266640
102.890648,79.484643,23.406005,103.667926,80.241802,23.426124
102.829237,79.417425,23.411812,103.801251,80.392956,23.408295
102.731470,79.282816,23.448654,103.585296,80.189377,23.395919
102.676074,79.147957,23.528117,103.608400,80.136890,23.471510
102.529467,79.068763,23.460705,103.695672,80.238619,23.457053
102.487044,78.930895,23.556149,103.602698,80.047863,23.554835
102.362567,78.822021,23.540547,103.418729,80.027666,23.391063
102.335250,78.767026,23.568223,103.356610,80.001373,23.355237
102.184973,78.641239,23.543735,103.441261,79.959847,23.481415
102.093608,78.544082,23.549526,103.349648,79.777854,23.571794
102.037265,78.398944,23.638322,103.164993,79.597271,23.567722
101.934216,78.288145,23.646072,103.156230,79.668937,23.487293
101.923256,78.310052,23.613204,103.345062,79.787176,23.557886
101.848128,78.239678,23.608451,103.211695,79.603905,23.607790
101.831712,78.184113,23.647599,102.936523,79.377181,23.559342
101.755354,78.098130,23.657224,103.050044,79.406701,23.643343
101.650562,77.977826,23.672735,102.977291,79.350795,23.626496
101.583371,77.978366,23.605006,102.679599,79.128953,23.550646
101.498446,77.877485,23.620962,102.836180,79.391459,23.444721
101.465919,77.837702,23.628217,102.831448,79.224245,23.607203
101.383223,77.724363,23.658860,102.781046,79.068114,23.712932
101.339393,77.666365,23.673028,102.562156,78.893331,23.668825
101.267191,77.620000,23.647191,102.549967,79.108915,23.441052
101.192078,77.524958,23.667120,102.490537,78.882137,23.608400
101.220880,77.544818,23.676062,102.645706,79.110565,23.535141
101.108725,77.443857,23.664868,102.550546,78.974562,23.575984
101.095772,77.389332,23.706440,102.593731,78.971833,23.621898
101.036273,77.371076,23.665197,102.398511,78.860939,23.537572
100.963929,77.314064,23.649865,102.401515,78.905544,23.495971
100.880302,77.179947,23.700355,102.228774,78.577737,23.651037
100.879755,77.121412,23.758343,102.515152,78.763627,23.751525
100.862723,77.156131,23.706592,102.472734,78.820696,23.652038
100.780471,77.082869,23.697602,102.318954,78.715933,23.603021
100.715872,77.010877,23.704994,102.221367,78.686228,23.535138
100.698332,76.990544,23.707788,102.342357,78.681286,23.661071
100.630409,76.944129,23.686280,102.246051,78.651397,23.594654
100.632548,76.887740,23.744807,102.157862,78.534733,23.623130
100.562437,76.863473,23.698964,102.347671,78.706408,23.641262
100.495689,76.786687,23.709001,102.189383,78.564718,23.624664
100.446649,76.748398,23.698251,102.180583,78.630322,23.550261
100.422173,76.745765,23.676409,102.230890,78.604476,23.626414
100.322627,76.636372,23.686255,101.933043,78.454642,23.478400
100.324435,76.667119,23.657316,101.965036,78.388355,23.576681
100.253898,76.571396,23.682502,101.789685,78.229446,23.560239
100.221024,76.575597,23.645427,101.811257,78.362682,23.448576
100.152605,76.520350,23.632254,102.059426,78.561410,23.498016
100.178760,76.546711,23.632049,101.848865,78.294255,23.554610
100.131348,76.431607,23.699741,101.843946,78.190604,23.653342
100.030261,76.393101,23.637159,101.774377,78.323266,23.451110
100.082233,76.410508,23.671725,101.928904,78.247389,23.681515
100.024431,76.352423,23.672008,101.774316,78.186504,23.587811
99.975140,76.326862,23.648278,101.686224,78.133601,23.552622
99.992405,76.308251,23.684153,101.778720,78.093426,23.685294
99.910728,76.278645,23.632083,101.652335,78.097590,23.554745
99.828318,76.188657,23.639661,101.586051,78.018949,23.567103
99.745526,76.180224,23.565302,101.453338,78.002016,23.451322
99.772098,76.187816,23.584282,101.686201,78.208520,23.477682
99.751198,76.150249,23.600949,101.845545,78.273483,23.572062
99.731734,76.091579,23.640155,101.487916,77.947834,23.540082
99.643501,76.057388,23.586113,101.614746,77.932303,23.682443
99.630462,76.057508,23.572955,101.419904,77.928499,23.491406
99.614994,76.066065,23.548928,101.636423,78.200498,23.435924
99.583848,76.055831,23.528018,101.743771,78.364225,23.379545
99.549807,75.994858,23.554948,101.564313,78.073112,23.491201
99.553314,75.961392,23.591922,101.619283,78.193631,23.425652
99.458476,75.856648,23.601829,101.532485,78.103036,23.429449
99.407938,75.887006,23.520931,101.418309,77.992681,23.425628
99.345237,75.855576,23.489661,101.836423,78.268080,23.568343
99.346205,75.802844,23.543361,101.336021,77.791547,23.544474
99.375823,75.822572,23.553250,101.371989,77.857855,23.514134
99.356118,75.816475,23.539643,101.437763,77.848696,23.589067
99.263992,75.736430,23.527562,101.510688,78.028597,23.482091
99.284248,75.706621,23.577627,101.607814,78.077730,23.530085
99.258517,75.702712,23.555805,101.445698,77.958978,23.486720
99.230050,75.645183,23.584867,101.262425,77.858812,23.403614
99.201539,75.625617,23.575922,101.285967,77.831011,23.454956
99.209121,75.630165,23.578956,101.297198,77.894960,23.402238
99.201955,75.627612,23.574344,101.359079,77.898098,23.460981
99.221986,75.605407,23.616580,101.217625,77.663270,23.554355
99.065193,75.452726,23.612467,101.327655,77.883905,23.443750
99.059855,75.496411,23.563445,101.194053,77.663448,23.530605
99.088919,75.468334,23.620585,101.157590,77.601518,23.556073
99.034253,75.441360,23.592893,101.203186,77.659408,23.543779
99.070397,75.456345,23.614052,101.269218,77.738095,23.531122
98.976811,75.365654,23.611156,101.173209,77.742704,23.430505
98.905004,75.378969,23.526034,101.310675,77.747726,23.562950
98.941628,75.366193,23.575436,101.229500,77.695331,23.534169
98.904953,75.292343,23.612610,101.003971,77.475990,23.527981
98.870515,75.267062,23.603453,101.215400,77.713118,23.502282
98.893343,75.337339,23.556004,101.411968,77.947710,23.464258
98.858996,75.291905,23.567091,101.234909,77.809466,23.425443
98.838537,75.257511,23.581026,101.233230,77.684146,23.549084
98.822813,75.264591,23.558222,101.097541,77.716177,23.381365
98.805453,75.248015,23.557438,101.099638,77.618386,23.481252
98.802369,75.247343,23.555026,101.172990,77.690464,23.482526
98.773325,75.186530,23.586795,101.039397,77.566904,23.472493
