257.604155,254.961162,2.642994,197.156213,194.388811,2.767402
193.183956,189.780905,3.403051,189.534314,185.417124,4.117191
181.377410,174.679563,6.697847,170.096525,160.539049,9.557476
162.773359,151.569150,11.204209,156.045509,143.520055,12.525455
152.356461,138.852347,13.504114,148.342034,134.024463,14.317571
145.841850,130.769546,15.072304,142.616662,126.634869,15.981794
140.612060,124.026882,16.585178,137.960775,120.633650,17.327124
136.506625,118.744468,17.762157,134.652327,116.249341,18.402986
133.313787,114.640618,18.673170,131.474918,112.096107,19.378810
130.911960,111.550677,19.361283,129.590971,109.786171,19.804800
128.976357,109.121657,19.854700,127.742885,107.734364,20.008521
127.453967,107.181621,20.272347,126.187337,105.575677,20.611660
126.265973,105.597717,20.668256,125.096446,104.129475,20.966971
125.091601,104.113037,20.978563,124.105127,103.193704,20.911423
124.141001,102.942928,21.198073,123.586935,102.445196,21.141739
123.322414,101.903002,21.419412,122.831680,101.101130,21.730550
122.649679,100.990035,21.659644,122.474155,100.805967,21.668188
121.970622,100.166906,21.803717,121.620115,99.728758,21.891357
121.301749,99.406744,21.895005,120.943482,99.200305,21.743177
120.775985,98.808175,21.967810,120.777345,98.661392,22.115953
120.274196,98.121502,22.152694,120.084694,97.996763,22.087931
119.724815,97.535714,22.189102,120.174838,98.165993,22.008844
119.376108,97.038239,22.337869,119.475990,97.018945,22.457045
118.941278,96.443644,22.497634,119.453086,96.969139,22.483947
118.611755,95.984861,22.626894,118.870101,96.279876,22.590225
118.176286,95.492762,22.683523,118.663233,96.206919,22.456314
117.876169,95.147405,22.728764,118.330379,95.798068,22.532311
117.536761,94.770904,22.765857,118.085107,95.467462,22.617646
117.242365,94.383364,22.859001,117.768264,94.962708,22.805557
116.979245,94.036918,22.942327,117.627857,94.782594,22.845264
116.648187,93.674622,22.973564,117.331803,94.624693,22.707110
116.390753,93.370686,23.020067,117.158918,94.288651,22.870267
116.159858,93.110395,23.049463,116.837591,93.882927,22.954665
115.906937,92.751942,23.154995,116.859305,93.724531,23.134774
115.775464,92.589799,23.185665,116.714758,93.563475,23.151282
115.426820,92.147904,23.278916,116.628361,93.486313,23.142049
115.253878,92.029861,23.224017,116.232702,93.111520,23.121182
115.021561,91.773414,23.248147,116.136717,93.084637,23.052080
114.797502,91.526751,23.270751,115.973422,92.876667,23.096756
114.645157,91.259781,23.385376,115.558091,92.344445,23.213646
114.483690,91.086759,23.396931,115.737873,92.375803,23.362071
114.267170,90.827668,23.439502,115.540842,92.172912,23.367930
114.056525,90.594666,23.461859,115.185054,91.888713,23.296342
113.993182,90.493018,23.500164,115.176297,91.923292,23.253005
113.810493,90.345318,23.465175,115.062185,91.761711,23.300474
113.633987,90.124363,23.509624,114.968190,91.567876,23.400313
113.507491,89.944917,23.562574,115.221726,91.795894,23.425832
113.312563,89.757972,23.554591,114.847953,91.505193,23.342761
113.192035,89.588978,23.603057,114.759195,91.302413,23.456781
113.004398,89.401201,23.603197,114.843686,91.456993,23.386693
112.874705,89.289873,23.584831,114.418091,91.008713,23.409378
112.750147,89.122391,23.627756,114.428501,91.028537,23.399965
112.680274,89.040450,23.639825,114.324250,90.803433,23.520817
112.446200,88.777421,23.668779,113.914729,90.419007,23.495722
112.328524,88.665731,23.662792,114.064442,90.542539,23.521904
112.244265,88.540305,23.703959,114.415875,90.818616,23.597259
112.104615,88.389412,23.715203,114.092458,90.602840,23.489618
112.010597,88.330896,23.679701,114.097837,90.477732,23.620104
111.899831,88.172153,23.727678,113.924900,90.339114,23.585786
111.751572,87.998100,23.753472,113.687892,90.215851,23.472041
111.679751,87.958250,23.721501,113.630257,90.134939,23.495318
111.568065,87.784137,23.783928,113.524640,90.068124,23.456515
111.534946,87.786813,23.748134,113.632093,90.131652,23.500442
111.398840,87.592016,23.806825,113.509675,89.941652,23.568023
111.269677,87.487016,23.782661,113.596581,90.010032,23.586549
111.090537,87.287350,23.803187,113.274872,89.604050,23.670821
111.058862,87.193053,23.865809,113.379645,89.711787,23.667858
110.907259,87.081455,23.825805,113.274791,89.737480,23.537311
110.865495,87.043529,23.821966,113.514427,89.937732,23.576694
110.822710,86.999223,23.823487,112.917151,89.256552,23.660600
110.659538,86.767561,23.891978,113.349505,89.695375,23.654130
110.584026,86.764726,23.819300,113.020990,89.419058,23.601933
110.545614,86.647515,23.898099,112.817093,89.046225,23.770867
110.374758,86.439839,23.934920,112.941009,89.215146,23.725863
110.279501,86.403622,23.875880,112.954160,89.295396,23.658764
110.214600,86.282254,23.932346,112.771713,88.944001,23.827712
110.162629,86.180501,23.982128,112.601554,88.928705,23.672850
110.041362,86.082718,23.958643,112.625370,88.987691,23.637679
109.955476,86.022894,23.932582,112.816298,89.179511,23.636788
109.901267,85.969375,23.931892,112.807582,89.080540,23.727042
109.855510,85.875471,23.980040,112.541551,88.869585,23.671965
109.723689,85.822851,23.900838,112.600225,88.805567,23.794658
109.615215,85.574834,24.040381,112.412519,88.675344,23.737175
109.615797,85.602704,24.013093,112.364175,88.585553,23.778622
109.540354,85.506334,24.034020,112.326038,88.496750,23.829287
109.431490,85.363445,24.068045,112.378386,88.558373,23.820013
109.354498,85.306467,24.048030,112.672989,88.868828,23.804160
109.316445,85.222019,24.094426,112.450310,88.654247,23.796062
109.184531,85.158237,24.026293,112.199018,88.337376,23.861641
109.125734,85.114441,24.011293,112.133945,88.382051,23.751894
109.091533,85.048972,24.042561,112.488582,88.564471,23.924111
109.017097,84.943486,24.073611,111.865579,88.060975,23.804604
108.899472,84.833385,24.066087,112.101800,88.324150,23.777651
108.958671,84.927271,24.031399,111.942068,88.198068,23.744000
108.797784,84.721263,24.076521,111.940774,88.076133,23.864641
108.763703,84.654016,24.109687,111.894862,88.079934,23.814929
108.656122,84.603000,24.053122,111.828216,88.014342,23.813873
108.559759,84.489904,24.069855,111.880902,88.055787,23.825115
108.513738,84.417973,24.095766,111.720968,87.887145,23.833823
108.426097,84.284583,24.141514,111.646942,87.783190,23.863752
108.399224,84.284758,24.114466,111.742790,87.980947,23.761844
108.390665,84.254128,24.136538,111.610270,87.734013,23.876258
108.310922,84.203749,24.107173,111.775206,87.931988,23.843217
108.221540,84.106309,24.115231,111.619728,87.729305,23.890423
108.233612,84.054054,24.179559,111.755986,87.801547,23.954440
108.065646,83.915982,24.149664,111.712088,87.939362,23.772726
108.084716,83.950128,24.134587,111.777532,87.918631,23.858901
108.031063,83.908215,24.122848,111.374923,87.562846,23.812076
108.002059,83.799289,24.202770,111.571444,87.640621,23.930823
107.917706,83.762797,24.154909,111.450338,87.672908,23.777430
107.866979,83.710008,24.156971,111.575274,87.646675,23.928599
107.832345,83.564922,24.267423,111.425015,87.519815,23.905200
107.787204,83.632014,24.155190,111.379803,87.587763,23.792040
107.693793,83.556172,24.137621,111.318415,87.410216,23.908199
107.612648,83.445128,24.167520,111.456126,87.600620,23.855506
107.553758,83.376093,24.177665,111.397531,87.479269,23.918262
107.588442,83.426218,24.162224,111.349797,87.449383,23.900414
107.443427,83.260945,24.182482,111.215086,87.323892,23.891194
107.485456,83.291067,24.194390,111.225863,87.375362,23.850501
107.439114,83.196971,24.242143,111.361326,87.421880,23.939446
107.326653,83.049487,24.277166,111.475338,87.479743,23.995594
107.269248,83.032015,24.237232,111.135531,87.267368,23.868163
107.184488,82.979613,24.204876,111.087271,87.201261,23.886010
107.223689,82.974240,24.249449,111.039818,87.041983,23.997834
107.180317,82.923521,24.256796,111.327776,87.281547,24.046229
107.076925,82.789561,24.287363,111.012047,86.874995,24.137052
107.133865,82.807454,24.326411,111.223838,87.313597,23.910241
107.021894,82.756752,24.265143,111.138347,87.302637,23.835709
106.876947,82.690613,24.186334,111.073518,87.061838,24.011679
106.902376,82.684522,24.217854,111.083138,87.265915,23.817223
106.877123,82.636858,24.240266,110.980043,87.044640,23.935404
106.786990,82.546870,24.240120,110.827118,86.949937,23.877181
106.724474,82.500342,24.224132,111.064595,87.109861,23.954733
106.772862,82.510912,24.261950,110.804723,86.722874,24.081850
106.711423,82.459219,24.252204,110.848208,86.939603,23.908605
106.649257,82.356022,24.293236,110.902131,86.919684,23.982447
106.563193,82.335242,24.227951,110.769609,87.004147,23.765462
106.606222,82.350182,24.256041,110.795574,86.768626,24.026949
106.505839,82.206943,24.298897,110.810330,86.863965,23.946365
106.536116,82.217927,24.318189,110.986345,86.997560,23.988785
106.455475,82.196176,24.259299,110.988495,87.027233,23.961263
106.430194,82.146240,24.283954,110.848652,86.898743,23.949909
106.420251,82.083730,24.336521,110.835095,86.866157,23.968937
106.329672,82.020823,24.308849,110.797880,86.801446,23.996434
106.241977,81.916393,24.325584,110.615010,86.621522,23.993488
106.212614,81.934131,24.278483,110.509892,86.601342,23.908550
106.209533,81.903475,24.306058,110.720168,86.581842,24.138326
106.173682,81.782006,24.391676,110.725916,86.740731,23.985186
106.085695,81.755226,24.330469,110.642251,86.834130,23.808121
106.110863,81.757627,24.353236,110.535624,86.468981,24.066642
106.090562,81.718260,24.372303,110.627944,86.624695,24.003249
106.012873,81.695173,24.317701,110.549699,86.639939,23.909759
106.021450,81.675949,24.345501,110.794258,86.714808,24.079450
105.863436,81.528533,24.334902,110.591453,86.577302,24.014151
105.929816,81.542681,24.387135,110.705477,86.586448,24.119029
105.883442,81.518074,24.365368,110.582890,86.518676,24.064214
105.857684,81.522966,24.334718,110.648047,86.677493,23.970554
105.813941,81.437966,24.375975,110.659726,86.514631,24.145095
105.701241,81.282145,24.419095,110.745258,86.704033,24.041224
105.737775,81.356623,24.381152,110.524166,86.433592,24.090573
