216.538961,208.714751,7.824210,204.295229,196.134506,8.160723
198.198170,190.378717,7.819453,186.166135,178.520084,7.646051
175.079456,167.804433,7.275023,161.614339,154.849654,6.764686
154.690889,147.886494,6.804395,149.481106,142.618421,6.862686
147.768395,141.021247,6.747149,145.254039,138.461616,6.792424
144.554729,137.850874,6.703855,142.837459,136.202660,6.634800
142.273936,135.577695,6.696241,141.030693,134.367869,6.662824
140.675535,133.978602,6.696933,139.619788,132.965973,6.653814
139.250074,132.581551,6.668523,137.960882,131.253068,6.707814
138.157080,131.498583,6.658496,137.511457,130.834948,6.676510
137.250602,130.591294,6.659308,136.676585,130.077090,6.599495
136.509461,129.884401,6.625060,135.285346,128.637438,6.647908
135.767507,129.113046,6.654460,134.954437,128.300566,6.653871
135.124494,128.483296,6.641197,134.325572,127.709541,6.616031
134.669703,128.041283,6.628420,134.302521,127.690491,6.612029
134.135202,127.480733,6.654468,133.959499,127.294596,6.664904
133.834283,127.199412,6.634871,133.107649,126.464423,6.643225
133.453783,126.805845,6.647938,133.267605,126.644532,6.623072
133.195055,126.550430,6.644625,132.633344,125.981470,6.651874
133.011579,126.373250,6.638329,132.594896,125.951989,6.642907
132.681452,126.032473,6.648979,132.149009,125.509075,6.639935
132.432232,125.775589,6.656643,131.438156,124.745152,6.693003
132.116001,125.454122,6.661878,131.746608,125.082782,6.663826
131.922316,125.263550,6.658765,131.690933,125.043622,6.647311
131.751649,125.084598,6.667051,131.620684,124.990927,6.629756
131.538655,124.880316,6.658339,131.224100,124.554640,6.669459
131.386839,124.718173,6.668666,131.316522,124.667476,6.649047
131.258820,124.580803,6.678016,131.328726,124.719721,6.609005
131.034989,124.359418,6.675570,131.231748,124.625455,6.606293
130.999157,124.345649,6.653509,130.672500,124.000342,6.672158
130.776482,124.096676,6.679806,130.897248,124.220355,6.676893
130.656303,123.972271,6.684032,130.749673,124.065929,6.683743
130.479669,123.795376,6.684292,130.522580,123.857063,6.665517
130.443148,123.767295,6.675853,130.374768,123.697657,6.677110
130.286804,123.599291,6.687513,130.718675,124.059903,6.658773
130.280382,123.597994,6.682388,130.332852,123.653470,6.679383
130.134583,123.451274,6.683308,130.897398,124.264567,6.632831
130.050017,123.363493,6.686523,130.422505,123.795331,6.627174
129.874905,123.183949,6.690956,129.891638,123.220817,6.670821
129.953297,123.258349,6.694948,130.214208,123.524230,6.689978
129.668219,122.978444,6.689775,130.544765,123.924324,6.620442
129.639610,122.964187,6.675423,130.082948,123.425720,6.657228
129.531961,122.829615,6.702347,130.158627,123.510851,6.647777
129.501098,122.831402,6.669696,129.540398,122.864445,6.675953
129.321677,122.614192,6.707485,129.426233,122.747632,6.678602
129.316975,122.629421,6.687554,130.330076,123.706996,6.623080
129.238723,122.538727,6.699995,129.623010,122.947706,6.675305
129.123978,122.423530,6.700449,129.941147,123.310786,6.630360
129.155024,122.460541,6.694483,129.424643,122.771018,6.653626
129.052115,122.358321,6.693793,129.797171,123.148416,6.648754
128.937720,122.250660,6.687060,129.101342,122.440494,6.660848
128.915016,122.239888,6.675128,129.393615,122.741384,6.652231
128.870955,122.179399,6.691556,129.616020,122.975261,6.640759
128.719175,122.029452,6.689723,128.691684,122.005220,6.686464
128.735133,122.017368,6.717765,128.887949,122.211246,6.676702
128.612628,121.908811,6.703817,129.262254,122.606532,6.655722
128.633674,121.945968,6.687706,129.115789,122.452680,6.663108
128.586113,121.884158,6.701955,129.103996,122.426797,6.677199
128.431424,121.719038,6.712386,128.922863,122.240199,6.682664
128.358209,121.641810,6.716399,129.173154,122.489294,6.683860
128.340513,121.617932,6.722581,128.841479,122.152893,6.688585
128.183427,121.464483,6.718943,128.867308,122.178849,6.688460
128.232300,121.522808,6.709492,128.833580,122.128857,6.704723
128.245194,121.544100,6.701094,128.774731,122.081933,6.692798
128.113839,121.398483,6.715356,128.965338,122.286877,6.678461
128.093060,121.386869,6.706192,128.579413,121.881730,6.697683
128.014884,121.306056,6.708828,128.670807,121.993076,6.677730
127.899154,121.193939,6.705215,128.683695,122.052850,6.630845
128.000773,121.317543,6.683230,128.754926,122.104136,6.650791
127.908318,121.206172,6.702147,128.739109,122.054559,6.684550
127.830157,121.126823,6.703334,128.517869,121.860776,6.657093
127.784382,121.072763,6.711619,128.593766,121.886248,6.707518
127.840870,121.131774,6.709095,128.301452,121.607201,6.694251
127.810240,121.094502,6.715738,128.414748,121.727289,6.687460
127.793296,121.088973,6.704323,128.477531,121.791302,6.686228
127.742118,121.013896,6.728222,128.236182,121.511500,6.724682
127.582674,120.871638,6.711036,128.606002,121.962491,6.643511
127.637403,120.919514,6.717889,128.126062,121.413049,6.713015
127.584979,120.877322,6.707657,128.580798,121.932246,6.648553
127.600710,120.884350,6.716360,128.366413,121.692876,6.673538
127.634497,120.920482,6.714016,128.566424,121.883866,6.682559
127.606120,120.903246,6.702874,128.575836,121.898984,6.676853
127.442127,120.711118,6.731009,128.082218,121.387221,6.694998
127.458657,120.743461,6.715196,128.544171,121.881724,6.662447
127.445977,120.746247,6.699730,128.057573,121.346862,6.710711
127.544448,120.831198,6.713250,128.362563,121.696310,6.666253
127.309567,120.573426,6.736140,128.275296,121.597765,6.677531
127.343391,120.610637,6.732754,128.133028,121.424395,6.708633
127.312601,120.590912,6.721688,128.331955,121.666766,6.665190
127.295890,120.579076,6.716815,128.234848,121.560478,6.674370
127.240374,120.535294,6.705081,128.170590,121.473642,6.696947
127.212565,120.487591,6.724974,128.484803,121.822748,6.662054
127.216968,120.506773,6.710196,128.168142,121.510158,6.657984
127.216481,120.497641,6.718840,128.248262,121.588500,6.659762
127.234804,120.522573,6.712231,128.532778,121.876673,6.656105
127.264916,120.536247,6.728669,128.154140,121.446682,6.707458
127.180496,120.458291,6.722205,127.827241,121.128943,6.698298
127.135759,120.420451,6.715308,128.385266,121.722262,6.663005
127.190637,120.485058,6.705579,128.132820,121.450714,6.682105
127.140493,120.413320,6.727173,127.758812,121.029321,6.729491
127.042992,120.321104,6.721888,128.168665,121.496644,6.672022
127.123994,120.400461,6.723533,127.824795,121.104538,6.720257
127.105514,120.386283,6.719231,128.105562,121.393295,6.712268
126.998598,120.273151,6.725447,128.098988,121.455149,6.643838
127.035423,120.318841,6.716582,128.280689,121.599723,6.680965
126.997985,120.256308,6.741677,128.377238,121.678259,6.698978
126.943473,120.216686,6.726786,127.938008,121.256941,6.681067
126.984166,120.268636,6.715530,128.027321,121.345607,6.681714
127.006748,120.288647,6.718101,128.389322,121.749043,6.640279
127.030909,120.312239,6.718671,127.797582,121.083880,6.713702
126.858505,120.135368,6.723137,128.548716,121.887874,6.660841
126.882413,120.165795,6.716619,128.130917,121.448977,6.681941
126.891333,120.177757,6.713576,128.113176,121.462670,6.650506
126.904179,120.196119,6.708059,128.182604,121.501642,6.680961
126.950065,120.239572,6.710494,128.371897,121.729951,6.641946
126.757619,120.028635,6.728984,127.738497,121.023308,6.715188
126.851068,120.126268,6.724800,128.850559,122.202796,6.647763
126.919818,120.201521,6.718297,127.999362,121.310331,6.689032
126.715303,119.987600,6.727703,127.996561,121.318782,6.677779
126.764271,120.042349,6.721922,127.925739,121.239406,6.686334
126.772276,120.043143,6.729133,127.604887,120.911623,6.693264
126.806738,120.098565,6.708172,128.361163,121.707350,6.653813
126.772425,120.054848,6.717577,128.128750,121.451709,6.677041
126.723172,119.990508,6.732664,127.749402,121.045253,6.704149
126.769180,120.045960,6.723220,127.906243,121.186366,6.719876
126.736151,120.001149,6.735002,128.027799,121.324955,6.702844
126.680368,119.944992,6.735376,128.029130,121.368008,6.661122
126.720159,119.980635,6.739524,127.987089,121.304752,6.682337
126.707273,119.982213,6.725059,127.803424,121.122316,6.681108
126.644775,119.908846,6.735929,128.041380,121.343378,6.698002
126.658029,119.921351,6.736678,128.001703,121.311802,6.689900
126.740169,120.018128,6.722041,127.881933,121.201304,6.680628
126.576522,119.836515,6.740007,127.714162,120.998590,6.715571
126.505353,119.754483,6.750870,127.648706,120.917325,6.731381
126.561924,119.816467,6.745457,127.684772,120.985487,6.699285
126.663352,119.941014,6.722338,127.842199,121.148237,6.693961
126.602834,119.872350,6.730484,128.039575,121.363234,6.676341
126.549893,119.797680,6.752213,127.587101,120.849007,6.738094
126.506323,119.776388,6.729936,127.916243,121.229487,6.686755
126.429194,119.678502,6.750692,128.001877,121.304091,6.697786
126.581814,119.862264,6.719550,128.198696,121.506782,6.691913
126.466044,119.720857,6.745187,127.637866,120.903795,6.734072
126.402102,119.656462,6.745640,127.814247,121.082772,6.731475
126.348067,119.592742,6.755325,127.607714,120.921261,6.686452
126.405283,119.667436,6.737847,127.518511,120.793533,6.724979
126.270079,119.524125,6.745954,127.810824,121.134640,6.676184
126.414253,119.677552,6.736701,127.846725,121.156040,6.690685
126.505132,119.764625,6.740507,127.804644,121.119167,6.685478
126.446236,119.704951,6.741286,127.584292,120.891303,6.692989
126.427673,119.685495,6.742178,127.968760,121.270830,6.697929
126.428529,119.682339,6.746190,128.277005,121.608651,6.668355
126.388266,119.646370,6.741895,128.212267,121.502326,6.709941
126.432206,119.699559,6.732647,127.849729,121.140601,6.709128
126.355890,119.586822,6.769068,127.628528,120.921458,6.707070
126.283601,119.531360,6.752241,128.102322,121.414402,6.687919
126.373719,119.635745,6.737974,127.839204,121.109901,6.729304
126.392846,119.635767,6.757079,127.631283,120.911615,6.719667
126.453072,119.721623,6.731448,128.453608,121.765620,6.687987
126.493830,119.757759,6.736071,127.465889,120.739412,6.726477
126.248064,119.499784,6.748281,127.655831,120.935853,6.719978
