256.889633,254.272285,2.617348,195.040486,192.171679,2.868807
192.559072,189.070815,3.488257,188.854700,184.752938,4.101763
180.314708,173.346997,6.967711,169.661919,159.641135,10.020784
162.648034,151.304328,11.343706,155.560176,142.812361,12.747814
152.076035,138.459504,13.616531,148.075583,133.634626,14.440957
145.425631,130.117798,15.307833,141.879878,125.893301,15.986577
140.063901,123.284900,16.779001,137.274075,119.711574,17.562501
135.700624,117.774882,17.925743,133.096591,114.693571,18.403019
132.459081,113.550274,18.908807,130.613323,111.164846,19.448477
130.134243,110.481590,19.652652,128.384170,108.477069,19.907100
128.436088,108.198361,20.237727,127.074533,106.676097,20.398435
126.872586,106.285838,20.586747,125.678738,105.089317,20.589421
125.565504,104.791802,20.773702,124.661203,103.700252,20.960951
124.439837,103.299042,21.140795,123.504884,102.203481,21.301403
123.627843,102.242454,21.385389,122.925759,101.640291,21.285468
122.746883,101.228620,21.518263,122.196381,100.567964,21.628418
121.916451,100.250142,21.666308,121.660560,99.781535,21.879025
121.299921,99.441328,21.858593,121.123629,99.236589,21.887041
120.675903,98.736028,21.939875,120.198268,98.395176,21.803091
120.108644,98.082139,22.026506,119.685226,97.649925,22.035302
119.654290,97.373292,22.280998,119.909164,97.568344,22.340820
119.211197,96.904670,22.306527,119.401811,96.962164,22.439647
118.785757,96.403489,22.382267,118.864811,96.650638,22.214173
118.390877,95.958689,22.432188,118.593775,96.263071,22.330704
118.032890,95.518104,22.514787,118.254752,95.760075,22.494677
117.714884,95.081375,22.633509,118.022483,95.415561,22.606922
117.311953,94.575389,22.736564,117.750419,95.054579,22.695840
116.968355,94.268677,22.699679,117.520874,94.890858,22.630017
116.733768,94.014448,22.719320,116.901454,94.162329,22.739125
116.530591,93.660501,22.870090,116.932533,94.050315,22.882218
116.139596,93.175610,22.963986,116.630144,93.948179,22.681965
115.946268,93.014502,22.931767,116.743256,93.828713,22.914543
115.716685,92.727930,22.988755,116.430009,93.584723,22.845286
115.379902,92.358349,23.021554,116.540737,93.623209,22.917528
115.272029,92.175110,23.096919,116.117206,93.110176,23.007030
115.040944,91.916373,23.124571,115.977117,93.117433,22.859685
114.752387,91.635839,23.116547,115.980806,92.963615,23.017192
114.576542,91.441527,23.135015,115.788197,92.845178,22.943020
114.406572,91.268899,23.137673,115.241598,92.202392,23.039207
114.224096,90.977402,23.246694,115.282743,92.105853,23.176891
113.944197,90.665593,23.278604,115.198592,92.095503,23.103089
113.870824,90.640636,23.230189,115.067427,92.125431,22.941996
113.708900,90.466017,23.242883,114.962246,91.769892,23.192354
113.534361,90.217162,23.317199,115.096690,91.851065,23.245626
113.314638,89.928218,23.386420,114.411975,91.296191,23.115784
113.148027,89.770204,23.377824,114.505581,91.299724,23.205857
113.012012,89.669616,23.342397,114.234295,91.107880,23.126415
112.851736,89.439416,23.412321,114.290691,91.080446,23.210245
112.734047,89.381608,23.352439,114.241916,91.056515,23.185401
112.602818,89.162787,23.440031,114.426142,91.057026,23.369116
112.503314,89.040908,23.462406,113.937404,90.680682,23.256723
112.347292,88.807682,23.539610,114.133571,90.897588,23.235983
112.178020,88.659859,23.518161,113.963638,90.585267,23.378371
112.052204,88.463259,23.588946,114.084206,90.643052,23.441154
111.919652,88.291897,23.627755,113.548061,90.082408,23.465654
111.840016,88.288140,23.551876,113.843175,90.512027,23.331149
111.731874,88.144688,23.587186,113.414297,90.075990,23.338307
111.566527,87.988034,23.578493,113.679391,90.258410,23.420981
111.485082,87.844527,23.640555,113.424103,90.046799,23.377304
111.348394,87.735953,23.612441,113.403076,90.032592,23.370485
111.245790,87.638820,23.606970,113.182608,89.758006,23.424601
111.202613,87.512739,23.689874,113.185991,89.618874,23.567117
111.034152,87.363223,23.670929,113.097651,89.590186,23.507465
110.969706,87.278937,23.690769,113.268320,89.781528,23.486792
110.787562,87.121871,23.665691,112.953021,89.435496,23.517524
110.737645,86.992198,23.745447,113.160699,89.521104,23.639595
110.709925,86.895101,23.814824,112.852645,89.213976,23.638669
110.535271,86.749111,23.786160,113.017045,89.555833,23.461211
110.393796,86.695591,23.698205,112.837472,89.378331,23.459142
110.307775,86.561407,23.746368,112.852223,89.353384,23.498840
110.227816,86.504883,23.722933,112.808598,89.254633,23.553965
110.200915,86.406817,23.794098,112.581971,89.101100,23.480871
110.111735,86.339488,23.772248,112.557389,88.989211,23.568179
110.006047,86.183639,23.822408,112.404605,88.809758,23.594847
109.961817,86.133094,23.828723,112.377115,88.766989,23.610126
109.869134,85.982221,23.886913,112.488626,88.871618,23.617009
109.757184,85.892016,23.865168,112.580388,89.014694,23.565694
109.712552,85.786424,23.926128,112.606284,89.000042,23.606242
109.620715,85.724316,23.896400,112.194468,88.648004,23.546463
109.586592,85.728544,23.858047,112.170950,88.437934,23.733016
109.420262,85.511591,23.908671,111.981199,88.378375,23.602824
109.363279,85.463804,23.899474,112.117700,88.539427,23.578273
109.273161,85.328373,23.944788,112.091281,88.524079,23.567202
109.228340,85.299296,23.929044,111.937359,88.195574,23.741785
109.201975,85.265351,23.936624,111.940346,88.375835,23.564511
109.118476,85.155175,23.963301,111.824073,88.278790,23.545283
108.953746,85.040398,23.913348,112.170975,88.568246,23.602730
108.916108,84.973167,23.942941,111.989578,88.317462,23.672116
108.896207,84.935445,23.960762,111.793432,88.248575,23.544856
108.841914,84.848396,23.993518,112.111972,88.445567,23.666405
108.726609,84.781664,23.944945,111.674346,87.953436,23.720910
108.649685,84.640095,24.009590,111.760744,88.046907,23.713837
108.567334,84.573157,23.994176,111.866628,88.204362,23.662267
108.497060,84.477162,24.019898,111.648439,88.018431,23.630007
108.548897,84.588284,23.960614,111.784210,88.055586,23.728625
108.437372,84.387574,24.049798,111.502572,87.782818,23.719754
108.402252,84.425656,23.976596,111.641056,87.880207,23.760849
108.306676,84.312343,23.994333,111.650258,87.970351,23.679907
108.267513,84.222569,24.044944,111.627087,87.788223,23.838864
108.200292,84.105686,24.094607,111.750535,87.994853,23.755682
108.089381,84.056281,24.033100,111.487016,87.692381,23.794634
108.151237,84.077435,24.073802,111.672984,87.725566,23.947418
108.068413,83.995710,24.072703,111.562311,87.764112,23.798199
107.992400,83.874367,24.118033,111.450281,87.543022,23.907259
107.802772,83.651871,24.150901,111.262875,87.426064,23.836811
107.865721,83.750141,24.115580,111.363618,87.554679,23.808939
107.770568,83.633267,24.137301,111.225695,87.410989,23.814706
107.723442,83.625824,24.097618,111.180624,87.341492,23.839132
107.700114,83.542009,24.158105,111.359993,87.353687,24.006306
107.533417,83.384479,24.148938,111.293960,87.398532,23.895428
107.575624,83.439016,24.136608,111.091233,87.195235,23.895998
107.505734,83.333047,24.172687,111.328139,87.458184,23.869955
107.460936,83.332745,24.128191,111.152114,87.392780,23.759333
107.368903,83.272223,24.096680,111.075381,87.252602,23.822779
107.412371,83.229931,24.182440,111.182083,87.344332,23.837752
107.284932,83.140870,24.144062,111.064672,87.142386,23.922286
107.233330,83.049568,24.183762,110.886227,86.943330,23.942897
107.232565,83.060437,24.172128,111.118991,87.260113,23.858878
107.251291,83.038697,24.212594,111.168522,87.269671,23.898851
107.124388,82.898982,24.225406,110.990202,87.049109,23.941093
107.030890,82.819406,24.211483,111.038530,87.156668,23.881861
107.043288,82.861377,24.181912,110.962386,87.030259,23.932127
106.928052,82.712452,24.215599,111.041142,87.207442,23.833701
106.921838,82.775017,24.146820,110.703383,86.788476,23.914907
106.932245,82.677294,24.254952,111.060374,87.207002,23.853372
106.891156,82.628088,24.263067,110.826532,86.968661,23.857871
106.796962,82.608503,24.188459,110.825201,86.919322,23.905878
106.777320,82.517453,24.259867,110.722648,86.744493,23.978155
106.721235,82.431383,24.289852,110.952004,86.998301,23.953703
106.696480,82.426406,24.270074,110.598496,86.724757,23.873739
106.643636,82.421788,24.221848,110.628481,86.788366,23.840115
106.551702,82.280585,24.271118,110.658069,86.777044,23.881026
106.546310,82.305419,24.240891,110.730586,86.765891,23.964695
106.480455,82.266692,24.213763,110.750892,86.925818,23.825075
106.460203,82.226226,24.233977,110.644042,86.603681,24.040360
106.430319,82.146286,24.284034,110.791095,86.804992,23.986102
106.319900,82.025168,24.294732,110.759882,86.699472,24.060410
106.308465,82.050106,24.258359,110.704408,86.780314,23.924095
106.296853,82.022031,24.274822,110.829174,86.958947,23.870227
106.227580,81.963687,24.263894,110.709256,86.755530,23.953726
106.253422,81.937744,24.315679,110.598350,86.461704,24.136645
106.205073,81.869665,24.335409,110.757591,86.715437,24.042153
106.156118,81.829430,24.326688,110.630156,86.636139,23.994017
106.135494,81.808200,24.327294,110.584299,86.549934,24.034365
106.068262,81.752910,24.315352,110.589664,86.560830,24.028834
106.097310,81.713831,24.383478,110.562483,86.500865,24.061618
106.046301,81.693582,24.352719,110.465108,86.469748,23.995360
105.939749,81.619832,24.319917,110.366502,86.309557,24.056946
105.969891,81.645674,24.324217,110.515507,86.576644,23.938863
105.851353,81.495949,24.355404,110.372620,86.381327,23.991293
105.832021,81.471577,24.360444,110.395941,86.471788,23.924153
105.812154,81.453267,24.358887,110.444481,86.470478,23.974003
105.786115,81.376105,24.410009,110.417262,86.388511,24.028752
105.699596,81.335138,24.364458,110.389195,86.331487,24.057707
105.684027,81.267005,24.417022,110.532243,86.422695,24.109547
105.709320,81.307984,24.401336,110.272777,86.241372,24.031405
105.700015,81.278876,24.421139,110.471255,86.458181,24.013074
105.578983,81.170153,24.408830,110.326216,86.310071,24.016145
105.477237,81.066121,24.411116,110.440127,86.452137,23.987990
105.536098,81.107987,24.428111,110.503715,86.332398,24.171318
