239.430346,234.021530,5.408817,190.989134,186.897686,4.091448
174.510833,165.611239,8.899594,157.397410,144.489717,12.907693
150.920502,136.746389,14.174112,143.531679,127.854496,15.677183
140.194233,123.611713,16.582520,135.589933,118.129295,17.460639
134.041988,115.848896,18.193092,130.547933,111.521803,19.026130
129.697295,110.323307,19.373988,127.169384,107.344964,19.824420
126.762645,106.727908,20.034737,124.701918,104.431750,20.270168
124.487886,104.005380,20.482506,122.318982,101.645664,20.673318
122.691241,101.905900,20.785340,121.423652,100.486171,20.937482
121.257407,100.251862,21.005545,119.646869,98.618599,21.028270
119.978652,98.724100,21.254553,118.721045,97.257707,21.463338
118.922237,97.532731,21.389506,118.286504,96.831778,21.454726
117.917185,96.394785,21.522400,117.077671,95.435797,21.641875
116.941437,95.349482,21.591955,116.137749,94.530535,21.607214
116.114592,94.464279,21.650313,115.721983,94.012910,21.709073
115.392805,93.710511,21.682294,114.799661,93.105840,21.693820
114.738634,93.023571,21.715063,114.266419,92.568796,21.697623
113.981572,92.264765,21.716807,113.758875,92.128824,21.630051
113.378881,91.685089,21.693792,112.914753,91.307936,21.606817
112.882278,91.129151,21.753127,112.659257,90.983932,21.675325
112.384010,90.664185,21.719824,111.964640,90.262305,21.702335
111.862299,90.149727,21.712572,112.030375,90.252444,21.777931
111.422197,89.615086,21.807111,111.326354,89.714602,21.611752
110.919390,89.227499,21.691891,111.118305,89.341273,21.777032
110.524584,88.868488,21.656096,110.519416,88.809075,21.710341
110.206187,88.526446,21.679741,110.169492,88.495310,21.674182
109.715108,88.148293,21.566815,110.113122,88.577056,21.536066
109.357665,87.771494,21.586171,109.739130,88.127221,21.611909
108.976109,87.394442,21.581666,109.287761,87.749086,21.538676
108.639968,87.052483,21.587485,108.905746,87.415067,21.490680
108.312380,86.688695,21.623685,108.630057,86.973165,21.656892
107.943116,86.360388,21.582728,108.491429,87.048179,21.443250
107.696472,86.073417,21.623055,108.241275,86.728179,21.513096
107.397208,85.840051,21.557157,107.752128,86.232925,21.519203
107.130291,85.594219,21.536071,107.880993,86.353193,21.527801
106.817566,85.245945,21.571621,107.383486,85.885725,21.497761
106.510089,85.017300,21.492789,107.338477,85.910346,21.428132
106.284131,84.772529,21.511602,107.120265,85.616674,21.503591
106.049338,84.567063,21.482275,106.773356,85.213043,21.560313
105.824539,84.301175,21.523364,106.601632,85.101280,21.500353
105.535903,84.066964,21.468939,105.982939,84.561336,21.421602
105.243001,83.790569,21.452433,106.095987,84.529076,21.566912
105.067811,83.600511,21.467300,105.600464,84.166969,21.433495
104.849870,83.351019,21.498851,105.869614,84.483826,21.385789
104.592123,83.163037,21.429086,105.241913,83.934750,21.307162
104.396298,82.952321,21.443977,105.338613,83.962703,21.375911
104.255382,82.777681,21.477701,105.119065,83.888671,21.230393
103.973050,82.554806,21.418244,104.885822,83.596096,21.289726
103.805093,82.399247,21.405846,104.561245,83.200263,21.360983
103.541723,82.137992,21.403732,104.519382,83.052396,21.466986
103.467974,82.038471,21.429503,104.155355,82.846255,21.309100
103.213215,81.781666,21.431549,104.346355,82.968474,21.377881
103.112827,81.661909,21.450917,104.013934,82.666120,21.347813
102.894954,81.467404,21.427551,104.077075,82.756081,21.320994
102.760280,81.320128,21.440152,104.016264,82.677455,21.338809
102.695410,81.245653,21.449757,103.762751,82.469964,21.292788
102.506031,81.066902,21.439129,103.806183,82.373356,21.432827
102.409078,80.948154,21.460924,103.591244,82.187568,21.403675
102.303427,80.826010,21.477417,103.478513,81.998399,21.480114
102.216840,80.705239,21.511601,103.335753,81.815499,21.520254
102.029881,80.519584,21.510297,103.270448,81.876932,21.393516
101.891640,80.398670,21.492970,102.876282,81.577574,21.298708
101.853417,80.372773,21.480644,103.044734,81.544671,21.500063
101.723693,80.216994,21.506699,103.446339,81.986367,21.459972
101.658388,80.072160,21.586228,102.842143,81.492073,21.350070
101.515817,80.005867,21.509950,103.038666,81.489163,21.549503
101.422415,79.837052,21.585363,102.826350,81.441697,21.384653
101.399421,79.844753,21.554668,102.590995,81.124795,21.466200
101.249216,79.708518,21.540698,102.696208,81.177575,21.518633
101.128621,79.554935,21.573686,102.617400,81.111124,21.506276
101.059074,79.483696,21.575378,102.677168,81.068106,21.609062
100.980982,79.376391,21.604591,102.543827,80.944906,21.598921
100.853734,79.261765,21.591968,102.556770,80.989014,21.567757
100.821626,79.219044,21.602582,102.502156,81.102027,21.400128
100.753105,79.187653,21.565451,102.448385,80.932040,21.516345
100.691761,79.131918,21.559842,102.138347,80.584850,21.553496
100.682993,79.039963,21.643030,102.313613,80.834602,21.479011
100.488722,78.903318,21.585404,102.194471,80.761393,21.433079
100.524971,78.920977,21.603994,102.191356,80.656944,21.534412
100.410092,78.803413,21.606679,102.259269,80.707497,21.551772
100.353100,78.689562,21.663539,102.100673,80.638086,21.462586
100.239283,78.603825,21.635458,101.948131,80.346312,21.601820
100.249562,78.591431,21.658130,102.189056,80.596105,21.592951
100.236101,78.544943,21.691158,101.844477,80.311444,21.533033
100.066992,78.402673,21.664319,101.769758,80.288013,21.481744
100.032575,78.374467,21.658108,102.124100,80.540757,21.583343
100.026885,78.365712,21.661173,101.701122,80.178637,21.522484
99.937746,78.285411,21.652335,101.942260,80.284893,21.657367
99.939248,78.236911,21.702338,101.713571,80.071040,21.642532
99.870779,78.118540,21.752239,101.813853,80.191897,21.621956
99.794406,78.007166,21.787240,101.767573,80.109286,21.658287
99.801897,78.030892,21.771005,101.698725,80.006624,21.692102
99.683778,77.917421,21.766358,101.704694,80.039535,21.665159
99.621571,77.890983,21.730588,101.672843,79.937788,21.735055
99.575137,77.800600,21.774536,101.564561,80.027666,21.536895
99.533187,77.772428,21.760759,101.631789,79.927478,21.704310
99.466969,77.676508,21.790460,101.673505,80.047780,21.625725
99.452470,77.662933,21.789537,101.493044,79.838612,21.654432
99.427981,77.632477,21.795505,101.680577,79.850737,21.829839
99.369155,77.533798,21.835357,101.571857,79.893774,21.678084
99.316842,77.491243,21.825599,101.373121,79.741397,21.631723
99.266620,77.469340,21.797280,101.544062,79.821437,21.722626
99.260943,77.451839,21.809104,101.311230,79.632436,21.678794
99.244049,77.434005,21.810044,101.415141,79.687671,21.727470
99.145768,77.346607,21.799161,101.352309,79.612005,21.740304
99.142379,77.355057,21.787321,101.473029,79.765001,21.708028
99.172202,77.292613,21.879589,101.324278,79.553034,21.771243
99.083445,77.235083,21.848362,101.244015,79.503379,21.740636
98.939481,77.111042,21.828439,101.206821,79.542621,21.664200
98.993998,77.181188,21.812809,101.499868,79.736002,21.763867
98.950898,77.107260,21.843638,101.263700,79.428693,21.835007
98.889756,77.036218,21.853538,101.209453,79.375495,21.833958
98.861364,76.972561,21.888803,101.134751,79.319812,21.814940
98.812688,76.977827,21.834861,101.459792,79.703419,21.756374
98.814203,76.948930,21.865273,101.367051,79.586657,21.780395
98.864243,76.979462,21.884781,101.314327,79.457437,21.856890
98.759070,76.848988,21.910083,101.077899,79.295080,21.782819
98.689100,76.764662,21.924438,101.304874,79.495801,21.809073
98.680841,76.773343,21.907498,101.009484,79.206970,21.802513
98.652482,76.755811,21.896671,101.269285,79.510971,21.758314
98.569153,76.667298,21.901855,101.191420,79.445615,21.745804
98.549121,76.659462,21.889659,101.152364,79.350960,21.801405
98.556304,76.658416,21.897888,101.321648,79.539196,21.782452
98.541731,76.614318,21.927413,100.956650,79.183667,21.772983
98.505041,76.568292,21.936749,101.046051,79.203771,21.842279
98.464233,76.538886,21.925347,101.097546,79.283250,21.814295
98.454722,76.502197,21.952525,100.843200,78.941661,21.901540
98.411585,76.461756,21.949830,101.216527,79.418920,21.797607
98.500606,76.499733,22.000872,101.040115,79.163722,21.876393
98.416759,76.412600,22.004159,101.247151,79.386066,21.861086
98.383395,76.387225,21.996170,100.958549,79.030315,21.928235
98.323814,76.329028,21.994786,100.871336,79.034762,21.836575
98.289942,76.277118,22.012824,101.100383,79.178737,21.921646
98.331318,76.265580,22.065738,101.283704,79.367603,21.916100
98.316275,76.274672,22.041603,101.027178,79.207469,21.819708
98.268415,76.234313,22.034102,100.970985,79.042653,21.928332
98.216034,76.186329,22.029704,101.013680,79.117514,21.896165
98.169086,76.223885,21.945201,101.006070,79.121131,21.884940
98.236306,76.201243,22.035063,101.013611,79.079075,21.934536
98.198690,76.148682,22.050009,100.925603,78.908871,22.016732
98.146518,76.116339,22.030179,100.918795,78.965513,21.953282
98.141510,76.105128,22.036382,100.974983,79.003282,21.971702
98.077384,76.021466,22.055917,100.889031,78.999670,21.889362
98.066337,76.036023,22.030314,101.088821,79.048194,22.040628
98.030068,75.974300,22.055768,100.797506,78.908473,21.889033
97.992757,75.965766,22.026991,101.130093,79.157168,21.972926
98.069061,75.975581,22.093481,100.966803,79.069438,21.897366
97.989652,75.947219,22.042433,100.964697,79.021703,21.942993
97.989100,75.928971,22.060130,100.786156,78.879250,21.906906
97.951953,75.911429,22.040525,100.934863,79.017562,21.917301
97.951726,75.839038,22.112688,100.927004,78.919286,22.007718
97.932403,75.862253,22.070151,100.982528,78.971314,22.011214
97.905474,75.832751,22.072723,100.931872,78.993935,21.937936
97.882093,75.787933,22.094160,100.872620,78.893703,21.978917
97.861280,75.801686,22.059594,100.998112,78.995578,22.002534
97.812545,75.720210,22.092335,100.803127,78.862401,21.940727
97.860323,75.759594,22.100730,100.911673,78.969516,21.942157
97.780937,75.693763,22.087174,100.922411,78.990646,21.931765
97.827855,75.765068,22.062787,100.958291,78.965249,21.993042
97.822113,75.724841,22.097272,100.962955,78.979466,21.983489
