241.206089,237.971334,3.234755,191.460697,187.990720,3.469977
180.430693,173.510752,6.919941,166.147530,155.713947,10.433582
156.782402,144.477601,12.304800,149.145932,135.560585,13.585346
145.151543,130.514983,14.636560,140.038568,123.957334,16.081234
137.186295,120.228387,16.957907,133.535327,115.382126,18.153201
132.176904,113.617588,18.559316,129.953081,111.076324,18.876757
129.006254,109.475098,19.531156,126.895799,106.909132,19.986667
126.654917,106.505283,20.149634,125.188802,104.714585,20.474217
124.736688,104.209319,20.527368,123.239728,102.517886,20.721842
123.253076,102.374510,20.878565,122.195825,101.117205,21.078620
122.000306,100.849236,21.151070,120.591689,99.589115,21.002575
120.826967,99.580705,21.246262,119.756619,98.448890,21.307729
120.088363,98.507960,21.580402,119.137322,97.505906,21.631416
119.193545,97.341245,21.852300,118.662662,96.907057,21.755605
118.421862,96.448042,21.973820,117.993942,96.071118,21.922823
117.722345,95.651445,22.070900,117.019892,94.877246,22.142647
117.095833,94.938977,22.156855,116.858610,94.698884,22.159727
116.539164,94.241060,22.298104,116.558611,94.177915,22.380696
116.012414,93.593964,22.418450,115.890985,93.645585,22.245400
115.494690,93.062490,22.432200,115.425267,92.976120,22.449147
115.132210,92.655546,22.476664,115.343333,92.883298,22.460036
114.635054,92.113454,22.521600,114.849683,92.397540,22.452142
114.254265,91.698718,22.555546,114.178410,91.816414,22.361997
113.908923,91.369384,22.539539,113.941668,91.459736,22.481932
113.546188,90.977220,22.568968,114.032114,91.501667,22.530448
113.183902,90.549498,22.634404,113.654220,91.037520,22.616700
112.814079,90.124284,22.689794,113.480300,90.781716,22.698583
112.450351,89.729932,22.720419,113.010087,90.461423,22.548664
112.155616,89.423558,22.732058,112.760817,90.260017,22.500800
111.870386,89.177799,22.692587,112.500169,89.924571,22.575598
111.586605,88.826831,22.759774,112.280120,89.664806,22.615314
111.366926,88.601728,22.765198,112.267395,89.498759,22.768636
111.095307,88.281096,22.814210,111.798415,89.046550,22.751865
110.860058,88.008309,22.851749,111.678873,88.765233,22.913641
110.680794,87.753764,22.927029,111.320355,88.632958,22.687397
110.361267,87.449933,22.911334,111.347315,88.467264,22.880052
110.271627,87.370150,22.901477,111.225204,88.494259,22.730945
109.969693,87.071800,22.897894,111.066062,88.272956,22.793106
109.740167,86.728709,23.011458,110.886977,87.991747,22.895230
109.519864,86.591079,22.928785,110.399050,87.529286,22.869764
109.336236,86.412780,22.923456,110.279757,87.541113,22.738645
109.180268,86.340584,22.839684,110.649257,87.787906,22.861351
108.952266,86.062894,22.889372,110.090984,87.479778,22.611206
108.746894,85.877594,22.869300,109.885310,87.161174,22.724136
108.643637,85.749010,22.894627,110.025734,87.218569,22.807165
108.512904,85.575484,22.937421,109.847628,87.115393,22.732235
108.327791,85.384375,22.943416,109.546941,86.756514,22.790427
108.134972,85.199454,22.935518,109.655388,86.920252,22.735136
107.935119,85.026576,22.908544,109.257146,86.467709,22.789438
107.834382,84.930319,22.904064,109.225242,86.479316,22.745925
107.614160,84.738106,22.876054,109.229899,86.453477,22.776422
107.550737,84.608400,22.942337,108.795852,86.052933,22.742919
107.352046,84.424656,22.927390,108.568083,85.795869,22.772213
107.151503,84.236015,22.915489,108.723862,85.993261,22.730601
107.036822,84.090269,22.946553,108.679508,85.809906,22.869603
106.981727,84.001155,22.980572,108.584364,85.730092,22.854272
106.836356,83.896742,22.939614,108.238003,85.486406,22.751597
106.603700,83.622978,22.980723,108.131376,85.192319,22.939057
106.548278,83.562777,22.985501,108.149939,85.374513,22.775426
106.367246,83.459288,22.907958,107.906338,85.164898,22.741440
106.288150,83.353380,22.934771,107.882428,85.086122,22.796306
106.133336,83.234230,22.899105,107.665977,85.065097,22.600881
105.963128,83.070670,22.892458,107.678115,84.881898,22.796217
105.830014,82.942760,22.887254,107.542993,84.836116,22.706877
105.703794,82.821321,22.882473,107.598215,84.900027,22.698187
105.678992,82.790364,22.888628,107.596814,84.847929,22.748885
105.547352,82.598902,22.948450,107.437668,84.668195,22.769473
105.394201,82.531585,22.862617,107.254830,84.455605,22.799225
105.284221,82.383071,22.901151,107.144602,84.333744,22.810859
105.151072,82.222365,22.928707,107.094942,84.337839,22.757104
105.015489,82.121877,22.893611,106.763360,84.038273,22.725087
104.873107,82.010201,22.862906,106.748696,83.901967,22.846729
104.885569,81.947468,22.938101,106.894276,84.194891,22.699385
104.797852,81.928926,22.868926,106.940704,84.109178,22.831526
104.556878,81.641658,22.915220,106.597909,83.983973,22.613937
104.518005,81.654040,22.863965,106.356257,83.655646,22.700611
104.482017,81.548372,22.933645,106.559906,83.654913,22.904993
104.372868,81.429580,22.943288,106.323005,83.638340,22.684665
104.310492,81.343748,22.966745,106.498490,83.624911,22.873579
104.216736,81.256136,22.960600,106.462747,83.740564,22.722184
104.072612,81.167159,22.905453,106.431242,83.582720,22.848522
104.068379,81.098179,22.970200,106.014930,83.276957,22.737973
103.914547,80.965827,22.948721,105.989986,83.214404,22.775583
103.996858,81.015406,22.981452,106.055661,83.303500,22.752161
103.780446,80.770057,23.010389,106.043629,83.271581,22.772048
103.688540,80.633074,23.055466,105.927651,83.052602,22.875049
103.646253,80.566786,23.079466,105.949254,83.047029,22.902225
103.586546,80.587864,22.998682,105.613994,82.668962,22.945032
103.498235,80.445485,23.052750,105.568169,82.769673,22.798496
103.378931,80.365302,23.013629,105.656024,82.829115,22.826909
103.377107,80.326389,23.050718,105.728001,82.770536,22.957466
103.230807,80.185194,23.045613,105.784065,82.956606,22.827459
103.132704,80.130655,23.002049,105.615803,82.738516,22.877288
103.162801,80.137934,23.024868,105.372333,82.496756,22.875577
103.086471,80.079250,23.007222,105.529104,82.735948,22.793157
103.017968,79.991571,23.026397,105.299465,82.539089,22.760376
102.984026,80.010308,22.973719,105.410410,82.652761,22.757650
102.956513,79.916840,23.039674,105.446934,82.580715,22.866220
102.822766,79.812768,23.009999,105.241176,82.468594,22.772582
102.804679,79.786847,23.017833,105.086686,82.177350,22.909336
102.607297,79.593335,23.013962,105.178996,82.363519,22.815477
102.780121,79.772974,23.007147,105.198614,82.405005,22.793609
102.572482,79.534696,23.037786,104.920582,82.049706,22.870876
102.521296,79.513039,23.008257,105.076683,82.324396,22.752287
102.436146,79.478017,22.958129,104.863760,82.059623,22.804137
102.333041,79.387503,22.945539,105.037330,82.202139,22.835191
102.383343,79.396744,22.986599,104.938636,82.184404,22.754232
102.352137,79.324561,23.027576,104.922896,82.019564,22.903333
102.224695,79.211718,23.012977,104.861780,82.042392,22.819388
102.230603,79.271118,22.959485,104.820684,81.929982,22.890703
102.099189,79.119071,22.980118,104.780814,81.909094,22.871720
102.166802,79.148686,23.018116,104.635578,81.813437,22.822141
102.009697,79.056621,22.953076,104.689812,81.955492,22.734320
101.993538,79.024948,22.968591,104.709849,81.840574,22.869275
101.942070,78.926893,23.015177,104.665928,81.650154,23.015774
101.898445,78.887039,23.011406,104.478061,81.630083,22.847979
101.897053,78.883864,23.013188,104.560067,81.784058,22.776009
101.833836,78.773494,23.060342,104.610842,81.775161,22.835681
101.689828,78.660227,23.029601,104.449563,81.567823,22.881740
101.604714,78.647072,22.957642,104.351939,81.561694,22.790244
101.613180,78.663974,22.949205,104.195533,81.468869,22.726664
101.579542,78.639871,22.939671,104.743416,82.020847,22.722569
101.597734,78.605326,22.992407,104.304576,81.502114,22.802462
101.552238,78.574538,22.977700,104.416434,81.558567,22.857867
101.449289,78.447649,23.001640,104.600702,81.840316,22.760385
101.359365,78.376535,22.982830,104.205702,81.467834,22.737868
101.358599,78.397782,22.960817,104.409075,81.662649,22.746426
101.238742,78.283629,22.955113,104.158422,81.380320,22.778102
101.285955,78.323815,22.962141,104.216807,81.410291,22.806516
101.282198,78.255293,23.026906,103.972080,81.164505,22.807575
101.150875,78.182315,22.968560,104.048564,81.293436,22.755128
101.137217,78.207719,22.929498,103.889347,81.152955,22.736392
101.082705,78.068067,23.014638,104.066604,81.205455,22.861149
101.170862,78.135605,23.035258,103.794696,80.989405,22.805291
100.998725,77.968331,23.030394,103.868482,80.964480,22.904003
100.961086,77.907993,23.053093,104.047859,81.120055,22.927804
100.906000,77.892704,23.013297,104.031018,81.284106,22.746912
100.987146,78.016414,22.970732,103.847219,81.055230,22.791989
100.877524,77.849593,23.027931,103.820930,81.016149,22.804781
100.861086,77.847691,23.013395,103.780531,81.001739,22.778792
100.818535,77.816317,23.002218,103.684131,80.929706,22.754425
100.793033,77.771335,23.021698,103.660283,80.853730,22.806553
100.768703,77.716589,23.052114,104.086493,81.258658,22.827834
100.684081,77.689808,22.994273,103.817938,81.042903,22.775035
100.672580,77.665277,23.007303,103.794642,81.037007,22.757635
100.743918,77.730528,23.013391,103.963278,81.117130,22.846148
100.631543,77.587286,23.044258,103.672154,80.813706,22.858448
100.651527,77.588802,23.062725,103.680855,80.932657,22.748199
100.533603,77.517027,23.016576,104.008345,81.152709,22.855636
100.582422,77.541821,23.040602,103.879290,81.033867,22.845423
100.438567,77.428037,23.010530,103.595658,80.804739,22.790920
100.459599,77.403821,23.055778,103.911402,80.997079,22.914323
100.467084,77.441654,23.025430,103.738949,80.912954,22.825995
100.375770,77.342043,23.033728,103.589239,80.866797,22.722443
100.402194,77.371490,23.030704,103.698908,80.906335,22.792574
100.324452,77.305692,23.018760,103.599241,80.843750,22.755490
100.335940,77.359414,22.976526,103.541220,80.765497,22.775724
100.319865,77.321440,22.998426,103.644308,80.846535,22.797773
100.315200,77.295164,23.020036,103.567475,80.793728,22.773747
100.161082,77.138990,23.022092,103.749959,81.003294,22.746666
