253.806314,238.571923,15.234391,202.677895,186.581696,16.096200
180.639836,162.227718,18.412118,162.312809,142.551161,19.761648
156.119167,135.469003,20.650164,149.177486,127.863901,21.313586
146.323456,124.311555,22.011901,142.158125,119.508312,22.649813
140.603648,117.600458,23.003190,137.197641,113.851968,23.345673
136.635295,113.110362,23.524933,134.059433,110.132111,23.927322
133.162326,109.841318,23.321009,130.538103,107.703713,22.834390
130.193810,107.353335,22.840475,128.117546,105.125397,22.992150
128.367988,105.316757,23.051231,126.838611,103.596000,23.242612
126.882567,103.628184,23.254383,125.918215,102.404191,23.514024
125.625632,102.147891,23.477741,124.285778,100.567022,23.718756
124.614968,100.921099,23.693869,123.494417,99.697307,23.797110
123.655087,99.793784,23.861303,122.992565,99.101897,23.890668
122.771035,98.821287,23.949748,122.589248,98.550341,24.038906
122.062856,98.070421,23.992436,121.176472,97.103092,24.073380
121.372874,97.288241,24.084632,121.014993,96.924967,24.090026
120.774279,96.669967,24.104312,120.313267,96.196392,24.116876
120.145061,96.069768,24.075293,119.385119,95.377266,24.007853
119.493088,95.489184,24.003904,119.234286,95.262984,23.971302
119.045877,95.034884,24.010994,118.817431,94.820919,23.996512
118.450026,94.422565,24.027461,118.029015,94.057106,23.971908
118.088161,94.053922,24.034239,118.533356,94.503998,24.029357
117.729501,93.680945,24.048555,117.795764,93.759863,24.035901
117.367903,93.298633,24.069270,117.639638,93.602724,24.036914
116.933640,92.895866,24.037774,117.029400,93.028195,24.001206
116.648054,92.620746,24.027308,116.820078,92.739706,24.080372
116.272582,92.255311,24.017270,116.546028,92.557047,23.988982
115.951045,91.977708,23.973338,116.318375,92.318224,24.000151
115.680104,91.689503,23.990601,115.769065,91.915850,23.853215
114.994499,91.320861,23.673638,115.024856,91.570103,23.454752
114.567922,91.018143,23.549779,114.473925,91.278424,23.195501
113.872187,90.774524,23.097663,113.904158,90.844686,23.059471
113.568221,90.424907,23.143314,113.850630,90.663009,23.187621
113.231099,90.082482,23.148617,113.442424,90.364548,23.077876
112.836512,89.731123,23.105390,113.369338,90.307501,23.061837
112.612692,89.498434,23.114257,113.010392,89.922021,23.088371
112.353663,89.185493,23.168170,112.844161,89.663395,23.180766
112.064457,88.879636,23.184822,112.444554,89.428933,23.015621
111.609398,88.631027,22.978371,111.964961,89.112644,22.852318
111.249329,88.295369,22.953960,111.885914,88.903605,22.982309
110.931757,87.952377,22.979380,111.733203,88.790718,22.942485
110.721649,87.759115,22.962535,111.452699,88.541448,22.911252
110.402742,87.439719,22.963023,110.878188,88.037707,22.840481
110.210084,87.267129,22.942955,110.918883,87.993401,22.925482
109.975861,87.003994,22.971867,110.471121,87.545324,22.925797
109.803527,86.776720,23.026807,110.358586,87.294640,23.063946
109.533153,86.532812,23.000341,110.121087,87.206602,22.914485
109.357639,86.418631,22.939009,110.073972,87.077780,22.996192
109.164212,86.148818,23.015394,110.027112,87.059632,22.967480
109.033755,86.081942,22.951813,109.519252,86.551158,22.968094
108.777600,85.781467,22.996133,109.750093,86.783704,22.966390
108.657897,85.636148,23.021748,109.522067,86.562976,22.959092
108.459725,85.518996,22.940729,109.439185,86.520282,22.918904
108.183620,85.255141,22.928479,108.945425,86.130733,22.814691
107.675620,85.000756,22.674863,108.520181,85.891822,22.628359
107.501887,84.902599,22.599288,108.405620,85.829457,22.576164
107.271812,84.734609,22.537203,108.174168,85.759688,22.414480
107.135178,84.603574,22.531604,107.983880,85.452986,22.530895
106.685778,84.469581,22.216197,107.510507,85.406918,22.103589
106.303109,84.243044,22.060066,107.288035,85.288876,21.999159
106.150058,84.054256,22.095802,107.342735,85.293059,22.049676
106.123055,84.062552,22.060502,107.371175,85.359144,22.012031
105.949346,83.915103,22.034243,106.991229,84.948638,22.042591
105.807047,83.779818,22.027229,106.667418,84.631867,22.035551
105.628543,83.601635,22.026908,107.076769,85.084822,21.991947
105.573959,83.550290,22.023669,106.494603,84.518451,21.976152
105.414637,83.347325,22.067313,106.536435,84.559205,21.977230
105.286412,83.224129,22.062284,106.618852,84.603051,22.015801
105.227857,83.150348,22.077509,106.419331,84.313349,22.105982
105.088349,83.029810,22.058538,106.224352,84.273194,21.951159
104.915401,82.865193,22.050208,106.264183,84.172136,22.092047
104.907648,82.815817,22.091832,105.990106,84.001360,21.988746
104.693538,82.666215,22.027323,105.695392,83.800134,21.895257
104.547014,82.482061,22.064954,105.588803,83.648822,21.939981
104.469205,82.392847,22.076357,105.856071,83.806337,22.049734
104.350400,82.262995,22.087405,105.609136,83.656752,21.952383
104.357297,82.213650,22.143647,105.499351,83.366268,22.133084
104.194558,82.081251,22.113307,105.562363,83.494680,22.067684
104.102324,81.966260,22.136064,105.542108,83.488560,22.053549
104.092522,81.919833,22.172689,105.303856,83.067118,22.236738
103.956288,81.773055,22.183232,105.118349,82.944849,22.173500
103.811145,81.602570,22.208575,105.250458,83.203985,22.046473
103.742728,81.571441,22.171287,104.955366,82.744912,22.210453
103.704876,81.506896,22.197980,105.154974,82.877411,22.277563
103.564592,81.330583,22.234010,105.076233,82.921300,22.154934
103.512336,81.291150,22.221186,104.843813,82.647752,22.196060
103.417061,81.206037,22.211023,104.799771,82.635773,22.163998
103.318208,81.106711,22.211497,104.660475,82.538178,22.122297
103.291749,81.046672,22.245078,104.637913,82.484533,22.153380
103.263989,81.015921,22.248068,104.707864,82.483866,22.223998
103.195538,80.906886,22.288651,104.624621,82.353093,22.271527
103.083179,80.827671,22.255508,104.669546,82.535692,22.133854
103.013605,80.753187,22.260418,104.509828,82.262645,22.247184
102.955908,80.682136,22.273772,104.320650,82.074321,22.246330
102.912971,80.610283,22.302688,104.149376,81.993373,22.156002
102.803232,80.477797,22.325435,104.406732,82.149563,22.257169
102.752707,80.465213,22.287495,104.430452,82.203991,22.226461
102.665821,80.338816,22.327005,104.293004,82.070935,22.222070
102.619575,80.283588,22.335988,104.134624,81.846374,22.288251
102.556188,80.216157,22.340031,104.128766,81.754338,22.374429
102.554222,80.154096,22.400126,104.123389,81.786668,22.336722
102.468524,80.109980,22.358545,104.240279,81.973966,22.266313
102.325378,80.103732,22.221646,103.791317,81.613085,22.178232
102.085130,79.945103,22.140026,103.738162,81.628147,22.110016
102.086904,79.907758,22.179146,103.498062,81.338303,22.159759
101.952816,79.783190,22.169627,103.685253,81.600494,22.084759
101.909189,79.713868,22.195322,103.565516,81.474742,22.090775
101.872700,79.700741,22.171959,103.516165,81.465236,22.050928
101.864826,79.688938,22.175888,103.623410,81.490309,22.133100
101.821553,79.655563,22.165990,103.589000,81.484950,22.104050
101.773561,79.544445,22.229115,103.314471,81.164009,22.150462
101.711929,79.528749,22.183180,103.440157,81.283034,22.157123
101.644159,79.422349,22.221810,103.299334,81.133795,22.165539
101.638100,79.422639,22.215461,103.348029,81.184139,22.163890
101.603925,79.329042,22.274883,103.409561,81.236569,22.172991
101.568894,79.339029,22.229865,103.392509,81.154817,22.237692
101.537076,79.277393,22.259683,103.539307,81.254524,22.284783
101.502711,79.256612,22.246099,103.206442,81.065611,22.140832
101.458495,79.229062,22.229433,103.419229,81.200546,22.218683
101.416778,79.168691,22.248087,103.525709,81.392303,22.133406
101.419253,79.161929,22.257324,103.181902,80.961871,22.220031
101.351717,79.092140,22.259577,103.118848,80.893618,22.225230
101.303704,78.986033,22.317671,103.207831,80.929923,22.277908
101.267272,78.946519,22.320754,103.020524,80.794121,22.226403
101.261528,78.968560,22.292968,103.283227,81.028353,22.254874
101.195011,78.902808,22.292202,103.158960,80.907101,22.251859
101.171045,78.878576,22.292469,102.955227,80.791976,22.163252
101.150880,78.851030,22.299850,103.181835,80.943034,22.238801
101.152246,78.873384,22.278862,103.041976,80.750305,22.291671
101.071237,78.753167,22.318070,102.879929,80.666407,22.213523
101.091294,78.789989,22.301306,103.052157,80.741744,22.310414
101.058670,78.751062,22.307608,102.963287,80.704046,22.259241
100.998864,78.717631,22.281233,103.137752,80.864038,22.273714
100.944989,78.607969,22.337020,102.949296,80.641296,22.308000
100.939896,78.619986,22.319910,102.770725,80.566549,22.204176
100.943865,78.610178,22.333687,102.909345,80.620227,22.289117
100.933266,78.592009,22.341257,102.900247,80.728133,22.172113
100.861286,78.532513,22.328773,102.758596,80.556762,22.201834
100.800717,78.501905,22.298812,103.012651,80.777376,22.235275
100.864969,78.506470,22.358499,102.787532,80.453443,22.334090
100.777842,78.413133,22.364709,102.743387,80.356597,22.386790
100.752818,78.392417,22.360401,102.781667,80.492042,22.289626
100.774309,78.431490,22.342819,103.160966,80.896317,22.264649
100.690354,78.350638,22.339717,102.939834,80.587062,22.352773
100.779250,78.439717,22.339533,102.803342,80.448145,22.355197
100.695743,78.306858,22.388885,102.902001,80.561024,22.340976
100.731602,78.340645,22.390958,102.736389,80.357738,22.378651
100.647047,78.294261,22.352786,102.816507,80.456212,22.360296
100.640045,78.248396,22.391649,102.755675,80.485043,22.270633
100.572908,78.224576,22.348332,102.871522,80.585861,22.285662
100.549464,78.180681,22.368783,102.640778,80.374684,22.266095
100.569723,78.196124,22.373599,102.720061,80.439833,22.280228
100.534817,78.142341,22.392476,102.828115,80.418350,22.409766
100.527820,78.142749,22.385071,102.742465,80.433408,22.309058
100.504638,78.147732,22.356907,102.834062,80.492745,22.341318
100.500618,78.102938,22.397680,102.797379,80.436551,22.360828
100.458528,78.092990,22.365538,102.787985,80.449668,22.338316
100.458496,78.087067,22.371430,102.553979,80.224091,22.329888
100.395856,78.012441,22.383415,102.706519,80.368253,22.338266
100.382297,77.999731,22.382566,102.800583,80.377250,22.423333
