270.735403,252.701290,18.034112,213.260464,190.785002,22.475462
205.257961,181.080047,24.177914,193.052986,167.375094,25.677893
180.321182,153.413125,26.908057,170.254118,143.051592,27.202527
164.641931,137.858505,26.783425,159.008656,132.166065,26.842591
156.542294,129.506357,27.035937,152.248246,125.129537,27.118710
150.644147,123.310735,27.333412,147.624376,120.092541,27.531834
146.554380,119.139192,27.415189,143.853190,116.243144,27.610046
143.561933,116.002622,27.559311,141.561798,113.730518,27.831280
141.463532,113.792865,27.670668,139.528638,111.745805,27.782834
139.684905,111.954987,27.729917,138.396739,110.665577,27.731161
138.237691,110.538663,27.699028,137.050648,109.312536,27.738112
136.939909,109.246532,27.693376,135.414416,107.752371,27.662045
135.829175,108.203107,27.626068,134.360735,106.797803,27.562932
134.700413,107.218324,27.482088,133.537853,106.190688,27.347164
133.573834,106.260227,27.313606,132.296990,105.071269,27.225721
132.598465,105.398936,27.199529,131.915192,104.643070,27.272122
131.798493,104.651842,27.146651,130.997533,103.862569,27.134964
130.817400,103.830480,26.986920,129.839183,103.024042,26.815141
130.048212,103.223306,26.824906,129.581659,102.872715,26.708944
129.267009,102.566687,26.700322,128.487855,101.886006,26.601849
128.415493,101.845076,26.570416,127.916195,101.501477,26.414718
127.621211,101.222519,26.398692,127.426214,101.204422,26.221792
127.042729,100.752255,26.290474,126.605009,100.432691,26.172318
126.533523,100.321594,26.211930,126.282332,100.151640,26.130692
125.818959,99.684429,26.134530,125.644354,99.680829,25.963525
125.395167,99.321849,26.073318,125.425766,99.463216,25.962551
124.901094,98.927029,25.974064,124.817661,98.860385,25.957275
124.355867,98.417463,25.938404,124.089547,98.209917,25.879630
123.979963,98.166627,25.813336,123.731202,97.919477,25.811725
123.390348,97.643492,25.746856,123.517446,97.805792,25.711654
123.049053,97.377797,25.671256,123.259955,97.663809,25.596146
122.652565,97.036873,25.615692,122.819400,97.367161,25.452239
122.280245,96.741460,25.538785,122.426150,97.016882,25.409268
121.980229,96.537415,25.442814,121.907211,96.396375,25.510836
121.528971,96.168350,25.360622,121.969010,96.803774,25.165236
121.155347,95.876885,25.278463,121.386165,96.279683,25.106482
120.866478,95.690424,25.176054,121.275629,96.244977,25.030652
120.406667,95.343768,25.062899,120.755263,95.894379,24.860884
120.149525,95.108518,25.041007,120.462457,95.713806,24.748650
119.650473,94.748130,24.902342,120.061746,95.307557,24.754189
119.285333,94.505718,24.779615,119.792173,95.061638,24.730536
118.980836,94.261884,24.718953,119.320508,94.686284,24.634224
118.712157,94.047794,24.664362,119.118073,94.621074,24.496998
118.359002,93.829204,24.529799,118.768743,94.430711,24.338032
118.079419,93.629355,24.450064,118.597999,94.429183,24.168817
117.703786,93.342630,24.361155,118.299047,94.011427,24.287620
117.432080,93.179774,24.252305,118.039100,93.779937,24.259163
117.156880,92.990754,24.166126,117.683198,93.577067,24.106131
116.803031,92.697561,24.105470,117.245614,93.381542,23.864072
116.587418,92.579842,24.007575,117.367550,93.416629,23.950921
116.349769,92.415971,23.933798,117.057537,93.215564,23.841973
116.024123,92.116930,23.907194,116.847412,93.119761,23.727651
115.755124,91.924162,23.830962,116.444992,92.732003,23.712989
115.504397,91.765813,23.738584,116.378342,92.559826,23.818517
115.224240,91.545594,23.678646,115.763068,92.142246,23.620822
114.947897,91.376958,23.570939,115.675342,92.301777,23.373566
114.627193,91.175497,23.451696,115.358903,91.899742,23.459161
114.447063,91.012193,23.434870,115.254460,91.966101,23.288358
114.235936,90.873697,23.362240,114.856284,91.678596,23.177689
113.990972,90.704571,23.286402,115.025150,91.781115,23.244035
113.712486,90.550546,23.161940,114.786867,91.647941,23.138926
113.453108,90.331945,23.121162,114.396738,91.364742,23.031996
113.256693,90.197121,23.059572,114.193991,91.184154,23.009836
113.035990,90.022445,23.013546,113.858886,90.990536,22.868350
112.876215,89.983695,22.892521,113.835458,90.998535,22.836923
112.638256,89.779095,22.859161,113.634945,90.948080,22.686865
112.326727,89.608317,22.718411,113.400706,90.713396,22.687310
112.058761,89.388739,22.670022,113.139245,90.388426,22.750819
111.962979,89.297878,22.665102,112.842792,90.418724,22.424068
111.695633,89.090775,22.604859,112.757400,90.430748,22.326652
111.489654,88.977634,22.512020,112.560821,90.261632,22.299189
111.186851,88.739729,22.447122,112.356952,90.067975,22.288977
111.128745,88.778390,22.350356,112.208711,89.827233,22.381478
110.885151,88.503837,22.381314,112.104427,89.904357,22.200070
110.710112,88.369007,22.341105,111.978852,89.790339,22.188512
110.582765,88.274115,22.308651,111.601257,89.398355,22.202902
110.289897,88.075176,22.214721,111.188982,89.079616,22.109366
110.203466,88.023675,22.179790,111.300173,89.203149,22.097024
109.969117,87.839444,22.129673,111.130562,89.177770,21.952793
109.816836,87.740835,22.076001,111.066974,89.144341,21.922633
109.648888,87.671600,21.977289,111.020195,89.138417,21.881778
109.507526,87.496225,22.011301,110.660925,88.808961,21.851963
109.272174,87.337730,21.934444,110.639733,88.839074,21.800659
109.145002,87.221243,21.923760,110.427593,88.567533,21.860060
109.004419,87.124424,21.879995,110.140124,88.500304,21.639820
108.826692,87.032394,21.794298,110.021652,88.482220,21.539431
108.624265,86.871927,21.752339,109.805381,88.317879,21.487501
108.481905,86.784221,21.697684,109.624670,88.134839,21.489831
108.352611,86.667410,21.685201,109.382853,87.830263,21.552589
108.226623,86.562193,21.664430,109.354872,87.871876,21.482996
108.078439,86.425280,21.653159,109.355618,87.826213,21.529404
107.969285,86.343444,21.625842,109.060832,87.522070,21.538761
107.797788,86.190865,21.606923,109.108129,87.643381,21.464748
107.630794,86.078906,21.551888,109.017916,87.608311,21.409605
107.443053,85.995895,21.447158,108.772520,87.367407,21.405113
107.445316,85.976089,21.469227,108.671131,87.382128,21.289002
107.239687,85.769492,21.470195,108.885565,87.609191,21.276374
107.097224,85.679964,21.417260,108.397027,87.003734,21.393294
106.970371,85.560682,21.409689,108.342308,86.920329,21.421979
106.816924,85.456650,21.360274,108.239929,86.974285,21.265644
106.701648,85.369865,21.331782,107.962047,86.886479,21.075568
106.559326,85.286085,21.273241,108.007651,86.819669,21.187982
106.483686,85.251638,21.232048,108.545892,87.469878,21.076013
106.440514,85.192892,21.247623,107.776783,86.719713,21.057069
106.300381,85.064676,21.235705,107.662518,86.620874,21.041643
106.021036,84.856166,21.164870,107.373008,86.396509,20.976499
106.056131,84.891692,21.164439,107.514680,86.367707,21.146973
105.884691,84.674385,21.210307,107.323661,86.319193,21.004468
105.795458,84.707819,21.087639,107.217345,86.214273,21.003072
105.655514,84.540316,21.115199,107.264424,86.328228,20.936196
105.583977,84.540605,21.043372,107.001583,86.124744,20.876839
105.420581,84.413455,21.007126,107.056480,86.151584,20.904895
105.281609,84.276901,21.004708,106.884483,86.156395,20.728088
105.251327,84.240345,21.010982,107.024255,86.157188,20.867068
105.143430,84.141160,21.002271,106.839734,86.093625,20.746109
105.112147,84.123051,20.989096,106.590943,85.743381,20.847562
104.939475,84.017240,20.922235,106.637472,85.830717,20.806754
104.857925,83.948440,20.909485,106.482877,85.746266,20.736611
104.736482,83.872630,20.863852,106.332214,85.599802,20.732412
104.669329,83.759689,20.909640,106.275628,85.589841,20.685787
104.570138,83.710871,20.859267,106.188894,85.479859,20.709036
104.463173,83.581371,20.881801,106.050529,85.457956,20.592573
104.365399,83.637103,20.728296,105.893689,85.283803,20.609885
104.332155,83.547658,20.784497,106.035642,85.345215,20.690427
104.313292,83.527159,20.786133,105.926895,85.177227,20.749668
104.135760,83.382522,20.753238,105.879301,85.295792,20.583509
104.062054,83.352714,20.709341,105.855831,85.323863,20.531967
104.013255,83.246922,20.766332,105.565990,84.852578,20.713412
103.857516,83.130473,20.727043,105.712954,85.274032,20.438923
103.849867,83.179286,20.670581,105.655390,85.070720,20.584670
103.744249,83.024153,20.720095,105.418094,84.887870,20.530224
103.612075,82.911367,20.700707,105.465260,84.894480,20.570780
103.589878,82.887785,20.702094,105.451274,84.812777,20.638497
103.443906,82.737501,20.706405,105.406104,84.775913,20.630190
103.408782,82.685437,20.723346,105.237603,84.630948,20.606655
103.334925,82.666407,20.668518,105.022576,84.426298,20.596278
103.286430,82.644233,20.642197,105.159090,84.624983,20.534107
103.246603,82.591710,20.654893,104.967847,84.407193,20.560653
103.116816,82.457042,20.659774,104.892043,84.464655,20.427388
103.101168,82.504098,20.597070,104.866142,84.370008,20.496134
103.014945,82.456890,20.558055,104.711794,84.221525,20.490269
102.914730,82.306518,20.608212,104.826832,84.371203,20.455629
102.808141,82.271253,20.536888,104.806848,84.433931,20.372916
102.766095,82.244973,20.521123,104.723863,84.265973,20.457890
102.751803,82.230441,20.521362,104.619928,84.339932,20.279996
102.680323,82.157265,20.523058,104.706458,84.401432,20.305026
102.549723,82.065242,20.484480,104.611426,84.207771,20.403655
102.607186,82.129940,20.477246,104.599867,84.178494,20.421373
102.472004,82.039921,20.432083,104.424380,84.193900,20.230480
102.461031,82.000074,20.460957,104.363094,84.107182,20.255911
102.434318,81.969735,20.464583,104.428986,84.121490,20.307496
102.316730,81.825196,20.491534,104.350112,83.940433,20.409679
102.246168,81.786712,20.459456,104.270314,83.955675,20.314639
102.173386,81.738006,20.435380,104.070131,83.836582,20.233550
102.083890,81.641889,20.442001,104.192838,83.872656,20.320182
102.067860,81.659668,20.408192,104.129436,83.848535,20.280901
102.006566,81.558555,20.448011,104.093914,83.877174,20.216740
102.075048,81.631171,20.443877,103.930003,83.715259,20.214744
101.991237,81.588753,20.402484,103.868957,83.617160,20.251797
101.882683,81.487132,20.395551,103.988735,83.682262,20.306472
