241.525319,238.585013,2.940305,190.266099,185.867250,4.398849
173.818158,164.943284,8.874873,159.031528,146.602016,12.429511
152.409289,138.363092,14.046197,146.336142,130.881562,15.454579
142.017313,125.374755,16.642558,137.756977,120.170461,17.586517
136.049288,117.777097,18.272191,132.791634,113.901258,18.890376
131.855511,112.616168,19.239343,129.328764,109.622026,19.706737
129.002960,109.076887,19.926073,127.076453,106.736335,20.340118
126.759638,106.339995,20.419643,125.171480,104.512263,20.659216
125.040321,104.157459,20.882862,123.165935,102.036304,21.129630
123.420228,102.084777,21.335451,121.939195,100.496414,21.442781
121.999720,100.405881,21.593838,120.785385,98.937922,21.847462
120.863565,98.913031,21.950535,119.685580,97.658951,22.026629
119.805424,97.632322,22.173103,119.003038,96.823536,22.179502
118.902306,96.557074,22.345232,118.117929,95.589496,22.528433
118.038839,95.546434,22.492405,117.296466,94.931255,22.365211
117.334727,94.714253,22.620475,116.745753,93.961751,22.784002
116.665280,93.886272,22.779009,116.021363,93.136927,22.884436
115.964121,93.035985,22.928136,115.402668,92.358897,23.043772
115.359983,92.439421,22.920562,115.029230,92.054791,22.974439
114.837936,91.846573,22.991363,114.217797,91.230119,22.987679
114.209453,91.112747,23.096706,114.136846,91.141379,22.995467
113.718903,90.612324,23.106579,113.527915,90.373085,23.154831
113.239221,90.103329,23.135892,113.350762,90.307099,23.043663
112.911306,89.731560,23.179746,112.695681,89.475525,23.220156
112.408270,89.207880,23.200390,112.443961,89.254667,23.189295
112.036302,88.883097,23.153206,112.150530,88.933531,23.216999
111.712394,88.483194,23.229200,112.042182,88.858571,23.183612
111.317959,88.085750,23.232209,111.481988,88.260519,23.221469
110.910765,87.662605,23.248160,110.804034,87.605352,23.198682
110.574112,87.381712,23.192400,110.692262,87.490405,23.201858
110.259276,87.014739,23.244537,110.438091,87.286541,23.151550
109.963110,86.717642,23.245468,110.094840,86.929117,23.165723
109.751809,86.488631,23.263179,109.878283,86.737089,23.141194
109.428178,86.167683,23.260495,109.771195,86.434521,23.336673
109.193587,85.859403,23.334185,109.760674,86.536678,23.223996
108.981423,85.712732,23.268691,109.090125,85.896339,23.193786
108.798483,85.490222,23.308261,109.202368,86.038387,23.163981
108.564899,85.272608,23.292291,109.019902,85.815919,23.203982
108.360066,85.077034,23.283031,108.706877,85.457267,23.249611
108.172746,84.911302,23.261444,108.818760,85.685696,23.133064
107.986941,84.727629,23.259312,108.597286,85.418736,23.178550
107.768151,84.520042,23.248109,108.506409,85.407538,23.098872
107.623696,84.374598,23.249097,108.236810,85.039343,23.197466
107.397995,84.139138,23.258857,108.313074,85.195924,23.117150
107.323873,84.050753,23.273120,107.939027,84.767140,23.171887
107.073832,83.815833,23.257998,107.932409,84.711510,23.220899
106.890917,83.623394,23.267522,107.920741,84.710950,23.209790
106.825005,83.506196,23.318809,107.979573,84.809690,23.169883
106.727927,83.442516,23.285410,107.631906,84.361748,23.270159
106.545397,83.237685,23.307712,107.504371,84.377298,23.127073
106.417718,83.140685,23.277033,107.534641,84.359533,23.175109
106.247436,82.926622,23.320814,107.594820,84.386670,23.208150
106.162031,82.806203,23.355829,107.124523,83.881316,23.243208
105.996358,82.727355,23.269003,107.386525,84.197219,23.189306
105.918343,82.554498,23.363845,107.037927,83.828305,23.209622
105.795196,82.461186,23.334010,106.905460,83.520963,23.384498
105.700246,82.334238,23.366008,106.761781,83.507831,23.253950
105.680750,82.213478,23.467272,106.776851,83.403422,23.373430
105.506273,82.070653,23.435620,107.091244,83.738474,23.352770
105.404229,82.041813,23.362416,106.881570,83.641282,23.240288
105.296823,81.906351,23.390473,106.795805,83.489723,23.306083
105.177868,81.765317,23.412551,106.564702,83.194513,23.370190
105.122118,81.685717,23.436400,106.406742,83.027611,23.379131
105.028073,81.601575,23.426498,106.500106,83.203975,23.296131
104.934722,81.485048,23.449674,106.280713,82.907039,23.373674
104.827711,81.402665,23.425047,106.293587,82.845179,23.448407
104.803669,81.317460,23.486209,106.212738,82.944243,23.268495
104.742801,81.213343,23.529459,106.267856,82.799276,23.468581
104.607903,81.042319,23.565584,106.175670,82.762588,23.413081
104.539406,81.019863,23.519542,106.329099,82.929065,23.400034
104.491615,80.977433,23.514182,106.143673,82.747596,23.396077
104.413901,80.885917,23.527984,106.199778,82.810682,23.389096
104.391864,80.873257,23.518607,106.091489,82.708897,23.382593
104.272393,80.751521,23.520872,106.353603,82.960014,23.393589
104.249119,80.704894,23.544225,106.135122,82.746283,23.388838
104.245751,80.639350,23.606402,105.986658,82.467129,23.519529
104.114418,80.543182,23.571237,105.793142,82.346382,23.446760
104.091121,80.536800,23.554321,105.888373,82.424284,23.464088
103.964703,80.427861,23.536843,105.945358,82.523494,23.421864
103.901656,80.346946,23.554710,105.903150,82.413995,23.489155
103.799018,80.252148,23.546870,105.743124,82.379421,23.363703
103.787211,80.237000,23.550211,105.703579,82.157925,23.545653
103.719877,80.121787,23.598090,105.805374,82.356574,23.448800
103.652060,80.137639,23.514422,105.806841,82.340682,23.466159
103.553427,79.955901,23.597526,105.864668,82.435062,23.429605
103.527176,79.978382,23.548794,105.822748,82.351910,23.470839
103.517050,79.937215,23.579835,105.786248,82.285600,23.500649
103.411065,79.754535,23.656529,105.570132,82.009597,23.560536
103.419506,79.774594,23.644912,105.604603,82.006416,23.598187
103.322495,79.713956,23.608539,105.355905,81.811040,23.544865
103.334965,79.740813,23.594152,105.704332,82.190222,23.514110
103.212146,79.634346,23.577800,105.539910,82.090337,23.449574
103.245058,79.642830,23.602228,105.572144,82.109778,23.462366
103.113797,79.491736,23.622061,105.457296,82.052262,23.405033
103.128155,79.486190,23.641966,105.416405,81.854026,23.562379
103.058894,79.436781,23.622112,105.389501,81.862850,23.526652
103.007070,79.395213,23.611857,105.495690,81.922496,23.573194
102.982154,79.353597,23.628556,105.246290,81.724822,23.521468
102.937669,79.303798,23.633871,105.262707,81.769536,23.493170
102.948057,79.295299,23.652758,105.561139,82.065942,23.495197
102.872044,79.239439,23.632605,105.468351,81.884023,23.584328
102.761670,79.117161,23.644509,105.405433,81.875403,23.530029
102.744301,79.103771,23.640531,105.479438,81.889100,23.590337
102.734791,79.068717,23.666074,105.149318,81.587785,23.561533
102.737593,79.064265,23.673328,105.393853,81.825290,23.568564
102.707909,78.990415,23.717495,105.149036,81.653340,23.495696
102.558075,78.894097,23.663977,105.021131,81.428354,23.592777
102.513870,78.830266,23.683604,105.121504,81.580066,23.541438
102.528682,78.895232,23.633450,105.354683,81.773273,23.581410
102.479087,78.825972,23.653114,105.050760,81.540391,23.510370
102.484101,78.835957,23.648144,105.369218,81.843323,23.525895
102.445074,78.794977,23.650098,105.070384,81.603844,23.466540
102.400980,78.752884,23.648096,104.962411,81.513754,23.448658
102.343116,78.689650,23.653465,105.022623,81.511303,23.511320
102.330162,78.678206,23.651956,105.283654,81.745229,23.538425
102.356890,78.659009,23.697881,105.229580,81.593683,23.635898
102.249644,78.542045,23.707599,104.937713,81.402032,23.535681
102.151448,78.477670,23.673778,105.029561,81.485604,23.543958
102.207383,78.526692,23.680691,105.250001,81.720388,23.529613
102.173469,78.516021,23.657448,104.946971,81.423379,23.523592
102.106017,78.429584,23.676433,105.339770,81.775504,23.564267
102.104538,78.413861,23.690678,104.938478,81.396323,23.542155
102.095413,78.363891,23.731523,105.042560,81.413701,23.628859
102.046057,78.283409,23.762648,105.265529,81.566436,23.699093
101.940487,78.203596,23.736891,105.024648,81.439342,23.585306
101.928442,78.189802,23.738640,105.043374,81.429954,23.613421
102.025071,78.265569,23.759503,105.028740,81.464689,23.564051
101.923299,78.167470,23.755828,104.785151,81.162869,23.622282
101.935314,78.202900,23.732415,104.980290,81.335647,23.644643
101.858671,78.107136,23.751535,105.073110,81.393673,23.679438
101.826834,78.053475,23.773359,104.979310,81.343469,23.635841
101.747808,78.031641,23.716167,104.932770,81.333276,23.599494
101.813360,78.045866,23.767493,104.806930,81.144913,23.662017
101.757077,77.980545,23.776532,104.721761,81.089707,23.632054
101.739398,77.977421,23.761977,105.003645,81.408791,23.594854
101.707918,77.918514,23.789404,104.767571,81.197184,23.570388
101.791542,77.979117,23.812426,104.770230,81.025060,23.745170
101.637697,77.833557,23.804140,104.760311,81.237819,23.522492
101.610545,77.825848,23.784697,104.805676,81.233546,23.572130
101.576455,77.817046,23.759409,104.917725,81.241224,23.676501
101.671510,77.889959,23.781551,104.763215,81.073526,23.689689
101.562112,77.750736,23.811376,104.791846,81.153477,23.638369
101.576457,77.755116,23.821342,104.801514,81.081229,23.720286
101.556596,77.687396,23.869200,104.778627,81.049324,23.729303
101.456155,77.651051,23.805104,104.999835,81.327848,23.671987
101.459153,77.650602,23.808550,104.721828,81.073480,23.648348
101.436920,77.577754,23.859166,104.850908,81.161848,23.689060
101.378561,77.516682,23.861879,104.923252,81.186587,23.736665
101.372802,77.519615,23.853188,104.818392,81.029447,23.788946
101.380399,77.512945,23.867454,104.899781,81.139657,23.760124
101.391549,77.530254,23.861295,104.834981,81.149170,23.685811
101.405677,77.529387,23.876291,104.926028,81.182884,23.743144
101.373210,77.472044,23.901166,104.961616,81.229556,23.732060
101.347270,77.448367,23.898903,104.785589,81.047389,23.738200
101.294116,77.399243,23.894873,104.676194,80.926950,23.749244
101.343842,77.459409,23.884433,104.861438,81.064039,23.797400
101.324202,77.382130,23.942072,105.002705,81.135725,23.866980
101.217371,77.278112,23.939259,104.834960,81.049710,23.785249
101.236890,77.288794,23.948097,104.664519,80.854870,23.809650
101.205000,77.278393,23.926607,105.026229,81.269407,23.756822
