243.544787,241.246822,2.297965,193.977885,190.772260,3.205626
187.348077,182.044509,5.303568,176.025347,168.105309,7.920037
165.387921,154.466591,10.921330,155.338514,142.304370,13.034143
151.477090,137.433404,14.043686,146.324269,131.016305,15.307965
143.308477,127.406154,15.902322,138.785627,122.046419,16.739208
137.239930,119.536633,17.703297,133.971233,115.338271,18.632962
132.976025,113.981600,18.994424,130.671458,111.095756,19.575703
130.030183,110.240250,19.789933,128.238872,108.290117,19.948755
127.566257,107.131216,20.435042,125.628239,105.265153,20.363086
125.645117,104.769457,20.875660,124.087880,102.914921,21.172959
124.082176,102.771072,21.311104,122.380108,101.025736,21.354372
122.654989,101.041473,21.613516,121.099574,99.429277,21.670297
121.448339,99.560102,21.888237,120.458960,98.454272,22.004688
120.466264,98.344318,22.121946,119.836080,97.679049,22.157032
119.482654,97.183091,22.299562,118.298541,96.120527,22.178013
118.550314,96.123025,22.427289,117.905815,95.361243,22.544572
117.848334,95.192286,22.656049,117.051039,94.419181,22.631858
117.089978,94.355929,22.734050,116.405926,93.747485,22.658442
116.499359,93.641756,22.857603,116.492916,93.764315,22.728601
115.778987,92.876987,22.902000,115.315632,92.522801,22.792830
115.176425,92.142448,23.033976,114.674818,91.742549,22.932269
114.656398,91.537866,23.118532,114.653430,91.516116,23.137314
114.064741,90.977872,23.086870,113.962613,90.824104,23.138509
113.550428,90.325767,23.224661,113.045132,90.032532,23.012600
113.155188,89.904482,23.250706,112.981265,89.807081,23.174184
112.661861,89.349117,23.312743,112.385181,89.129962,23.255218
112.254620,88.904742,23.349878,111.915853,88.559010,23.356843
111.843813,88.491687,23.352126,111.684408,88.372995,23.311413
111.472125,88.107271,23.364855,111.411822,87.945868,23.465954
111.175224,87.744446,23.430778,111.249108,87.968824,23.280285
110.806713,87.357357,23.449356,110.811386,87.383310,23.428077
110.442920,86.992917,23.450003,110.705375,87.276510,23.428865
110.099855,86.632187,23.467667,110.286209,86.948036,23.338174
109.791029,86.374519,23.416510,109.817780,86.492967,23.324814
109.461962,86.058528,23.403434,109.496218,86.179993,23.316225
109.147504,85.739281,23.408223,109.556207,86.079398,23.476810
108.990171,85.520904,23.469268,108.982380,85.666702,23.315678
108.704127,85.281194,23.422933,108.735607,85.560237,23.175371
108.387207,85.001893,23.385313,108.598364,85.379815,23.218549
108.118900,84.761319,23.357581,108.149174,84.872488,23.276686
107.831106,84.474652,23.356454,108.265315,84.953828,23.311488
107.650122,84.297910,23.352212,107.962394,84.628848,23.333546
107.320745,83.993042,23.327703,107.967392,84.686301,23.281091
107.147710,83.818904,23.328805,107.576999,84.325437,23.251561
106.866353,83.530980,23.335373,107.195865,84.002443,23.193421
106.676383,83.347401,23.328982,107.241410,83.865691,23.375719
106.439730,83.109138,23.330591,106.874864,83.701026,23.173837
106.182860,82.874446,23.308414,106.693411,83.486070,23.207342
105.985848,82.726528,23.259319,106.570172,83.325769,23.244404
105.838119,82.549388,23.288731,106.342219,83.209840,23.132379
105.567023,82.364131,23.202892,106.388899,83.154423,23.234476
105.413786,82.183623,23.230163,106.130900,82.951609,23.179291
105.229895,82.002505,23.227390,106.130444,83.052300,23.078144
105.044117,81.878062,23.166055,105.647903,82.610519,23.037384
104.864669,81.796939,23.067729,105.580206,82.615812,22.964394
104.605937,81.450457,23.155480,105.366543,82.411358,22.955184
104.453672,81.372135,23.081538,105.296598,82.257981,23.038617
104.295103,81.235519,23.059584,105.149858,82.154814,22.995045
104.138713,81.133124,23.005588,104.954404,82.098664,22.855739
103.996255,81.013772,22.982483,104.749672,81.792004,22.957667
103.778821,80.783782,22.995039,104.560658,81.687418,22.873240
103.680888,80.710329,22.970559,104.657684,81.766142,22.891543
103.603974,80.622260,22.981713,104.440158,81.530699,22.909459
103.421423,80.431852,22.989571,104.489234,81.619636,22.869598
103.256571,80.312054,22.944516,104.139766,81.155808,22.983959
103.107722,80.103012,23.004709,103.984377,81.043520,22.940857
103.005497,80.068469,22.937027,104.059572,81.267298,22.792274
102.952089,79.962395,22.989694,104.122545,81.268492,22.854053
102.798980,79.864796,22.934184,103.821633,80.925169,22.896465
102.706643,79.708115,22.998528,103.842201,80.953661,22.888540
102.550365,79.584950,22.965416,103.565968,80.820741,22.745227
102.412638,79.484684,22.927954,103.474024,80.596398,22.877626
102.358750,79.407360,22.951391,103.599154,80.695217,22.903937
102.282045,79.322004,22.960041,103.595627,80.695016,22.900610
102.149356,79.202876,22.946481,103.492992,80.675580,22.817412
102.040062,79.128717,22.911345,103.327077,80.429501,22.897576
101.983699,79.023593,22.960106,103.582356,80.702894,22.879462
101.861055,78.928527,22.932528,103.146589,80.301545,22.845045
101.747745,78.831461,22.916284,103.075804,80.232915,22.842889
101.684820,78.754295,22.930525,103.019577,80.139044,22.880534
101.588484,78.617761,22.970724,102.942561,80.072648,22.869913
101.526151,78.573652,22.952499,102.865790,79.937335,22.928455
101.465173,78.497685,22.967488,102.920295,80.059732,22.860564
101.352899,78.376563,22.976336,102.937980,80.035552,22.902428
101.325615,78.374199,22.951416,102.715609,79.889313,22.826296
101.205845,78.235557,22.970288,102.661805,79.825561,22.836245
101.177471,78.157949,23.019522,102.833797,79.858216,22.975581
101.038827,78.040712,22.998115,102.745358,79.838035,22.907323
101.024085,78.078466,22.945620,102.428482,79.592006,22.836476
100.942911,77.979221,22.963691,102.482108,79.528055,22.954053
100.908802,77.887503,23.021298,102.647036,79.700295,22.946742
100.799886,77.795989,23.003897,102.312084,79.423207,22.888876
100.789118,77.825812,22.963306,102.494365,79.627661,22.866704
100.719773,77.768043,22.951731,102.456934,79.523173,22.933760
100.636736,77.643408,22.993328,102.315608,79.359679,22.955929
100.566613,77.597417,22.969196,102.287021,79.333590,22.953431
100.529955,77.526840,23.003114,102.338520,79.443474,22.895046
100.454413,77.486202,22.968210,102.299016,79.401940,22.897075
100.409961,77.456170,22.953790,102.114185,79.233493,22.880691
100.321101,77.318921,23.002179,102.061478,79.242155,22.819323
100.332313,77.353634,22.978679,101.894469,78.932063,22.962406
100.307387,77.317630,22.989757,102.029601,79.112940,22.916661
100.268504,77.194364,23.074140,102.081712,79.073967,23.007745
100.193632,77.135497,23.058135,102.017448,79.018694,22.998755
100.106339,77.074498,23.031841,102.177908,79.238708,22.939200
100.093712,77.019604,23.074108,101.981372,79.022504,22.958869
100.070703,77.064189,23.006514,101.826737,78.921856,22.904880
99.968720,76.937652,23.031068,101.837255,78.731857,23.105398
99.951956,76.877303,23.074653,101.750929,78.887327,22.863601
99.923101,76.850583,23.072518,101.601519,78.639225,22.962294
99.897329,76.833390,23.063939,101.776259,78.880355,22.895903
99.779527,76.721593,23.057934,101.967450,79.013812,22.953639
99.821377,76.736603,23.084775,101.829993,78.791596,23.038397
99.760255,76.662015,23.098240,101.522588,78.434062,23.088525
99.673453,76.569893,23.103561,101.834873,78.801407,23.033466
99.673072,76.600471,23.072600,101.698336,78.749754,22.948581
99.638593,76.550027,23.088566,101.789954,78.764312,23.025642
99.633820,76.522448,23.111372,101.654248,78.652066,23.002183
99.555858,76.496784,23.059073,101.604369,78.547500,23.056868
99.518393,76.441770,23.076623,101.547963,78.560977,22.986986
99.545915,76.480498,23.065417,101.800123,78.767926,23.032198
99.485159,76.342177,23.142982,101.644689,78.521231,23.123458
99.508541,76.350986,23.157555,101.564664,78.551499,23.013166
99.401119,76.312536,23.088583,101.561244,78.544211,23.017033
99.402379,76.276914,23.125465,101.468141,78.446090,23.022052
99.364600,76.180670,23.183930,101.568765,78.521342,23.047424
99.254213,76.138333,23.115880,101.563855,78.492500,23.071356
99.283274,76.116631,23.166643,101.416580,78.301025,23.115555
99.251075,76.073185,23.177890,101.596464,78.547943,23.048521
99.223450,76.092522,23.130928,101.387016,78.340473,23.046543
99.194392,76.035114,23.159278,101.330597,78.338466,22.992130
99.209165,76.059627,23.149538,101.158447,78.162869,22.995577
99.083528,75.907082,23.176446,101.214104,78.230203,22.983900
99.094037,75.923020,23.171016,101.173192,78.044440,23.128752
99.108583,75.961976,23.146607,101.256036,78.222809,23.033227
99.026685,75.868416,23.158269,101.261976,78.174237,23.087739
98.963901,75.818425,23.145475,101.460129,78.329403,23.130726
98.929056,75.758102,23.170954,101.362831,78.097334,23.265498
98.918554,75.786168,23.132385,101.248402,78.156598,23.091805
98.878474,75.722410,23.156064,101.272818,78.203996,23.068822
98.962911,75.778400,23.184511,101.350004,78.222037,23.127968
98.878065,75.695503,23.182561,101.146718,78.130702,23.016015
98.815659,75.592149,23.223509,101.370028,78.308297,23.061731
98.788871,75.594632,23.194239,101.230043,78.176447,23.053596
98.808863,75.635019,23.173844,100.983990,77.950822,23.033168
98.787868,75.595176,23.192692,101.151490,78.000688,23.150801
98.737104,75.491393,23.245711,101.263475,78.178810,23.084665
98.752108,75.574463,23.177645,101.348902,78.227771,23.121130
98.691821,75.473564,23.218257,101.107969,78.007905,23.100064
98.670556,75.508703,23.161852,100.985387,77.856621,23.128765
98.663419,75.481192,23.182227,101.068782,77.923228,23.145555
98.680483,75.412478,23.268005,101.046594,77.902247,23.144347
98.639210,75.389014,23.250196,101.327100,78.206104,23.120995
98.550460,75.335913,23.214546,101.107342,78.003385,23.103957
98.568579,75.402858,23.165721,101.305884,78.185082,23.120802
98.576153,75.353216,23.222936,101.033600,77.936850,23.096750
98.505011,75.261795,23.243217,101.078574,77.992336,23.086238
98.516791,75.280421,23.236370,100.985309,77.884989,23.100319
98.473267,75.226815,23.246452,100.953004,77.679142,23.273862
98.449485,75.220099,23.229386,101.186342,77.968047,23.218295
