215.776704,207.914568,7.862136,200.794285,192.664921,8.129365
196.724502,188.688922,8.035580,190.715724,182.959810,7.755914
181.050006,173.419815,7.630191,172.522852,164.873645,7.649206
165.709106,158.397141,7.311965,155.709919,148.694104,7.015816
152.444388,145.522249,6.922139,149.154929,142.265970,6.888959
147.710248,140.756959,6.953289,145.384201,138.434345,6.949855
145.066573,138.069868,6.996705,143.561424,136.539647,7.021777
143.344208,136.325053,7.019155,142.138078,135.166983,6.971095
141.870622,134.924952,6.945670,140.360137,133.524430,6.835707
140.191013,133.322336,6.868677,139.180805,132.250034,6.930771
138.967560,132.067399,6.900161,138.293035,131.419107,6.873929
138.191080,131.291808,6.899272,137.872144,130.965970,6.906174
137.415780,130.523703,6.892078,136.896171,129.991523,6.904648
136.577665,129.678413,6.899251,136.515063,129.602859,6.912204
136.063137,129.154736,6.908400,136.034003,129.109838,6.924165
135.530564,128.651789,6.878776,135.155990,128.314210,6.841781
135.149970,128.315592,6.834378,135.026968,128.215771,6.811197
134.530210,127.689069,6.841141,134.453401,127.649697,6.803705
134.082293,127.221129,6.861164,134.067923,127.229819,6.838104
133.784787,126.945478,6.839308,134.073351,127.248378,6.824973
133.447378,126.612893,6.834485,133.301062,126.430642,6.870420
133.109113,126.255348,6.853765,133.135909,126.236444,6.899465
132.879426,126.022019,6.857407,132.907816,126.072228,6.835588
132.700672,125.841640,6.859032,132.502876,125.648173,6.854702
132.330220,125.471251,6.858969,132.718524,125.927870,6.790655
132.364964,125.502452,6.862512,132.360214,125.515334,6.844880
132.136751,125.253114,6.883637,132.856267,126.006397,6.849869
132.065961,125.199655,6.866307,132.054778,125.142190,6.912589
131.804279,124.925665,6.878614,131.461906,124.598485,6.863422
131.745712,124.873510,6.872201,131.270773,124.392899,6.877874
131.540348,124.646482,6.893866,132.046910,125.181492,6.865418
131.399808,124.505145,6.894663,131.653344,124.756109,6.897235
131.458265,124.573624,6.884641,131.444831,124.549894,6.894937
131.184618,124.302646,6.881972,131.646593,124.798278,6.848315
131.129414,124.238715,6.890698,131.413805,124.569066,6.844739
130.949847,124.060394,6.889453,131.067438,124.221983,6.845456
130.894521,124.017237,6.877284,131.165864,124.280545,6.885319
130.780563,123.890300,6.890263,131.056678,124.176648,6.880030
130.674742,123.777891,6.896851,131.153515,124.305946,6.847569
130.658008,123.754867,6.903141,130.466939,123.558021,6.908919
130.543917,123.631235,6.912682,130.867917,124.005595,6.862321
130.484547,123.576912,6.907634,130.767119,123.899726,6.867393
130.381294,123.478512,6.902782,130.584239,123.679420,6.904819
130.321994,123.422701,6.899293,130.692132,123.806959,6.885173
130.231073,123.318164,6.912910,130.542990,123.661830,6.881160
130.069193,123.170274,6.898919,130.669620,123.802761,6.866858
130.069682,123.154573,6.915109,130.089529,123.182406,6.907123
129.909949,122.994634,6.915314,130.014008,123.135338,6.878671
129.857938,122.959152,6.898786,130.574411,123.714766,6.859646
129.793670,122.888075,6.905596,130.778670,123.907442,6.871227
129.812292,122.883254,6.929039,130.708992,123.845419,6.863573
129.687354,122.757662,6.929692,130.107250,123.201493,6.905757
129.621338,122.701524,6.919814,129.749628,122.832775,6.916853
129.628912,122.692002,6.936910,130.240801,123.371458,6.869343
129.585088,122.675802,6.909286,130.537647,123.667649,6.869998
129.487498,122.558623,6.928875,130.045370,123.153283,6.892087
129.389724,122.472628,6.917096,129.714283,122.808337,6.905945
129.321727,122.406388,6.915339,130.206211,123.325174,6.881036
129.325490,122.387736,6.937753,129.741678,122.825198,6.916480
129.183211,122.242347,6.940865,129.973131,123.068075,6.905056
129.117094,122.189408,6.927686,129.498412,122.585610,6.912802
129.062294,122.135925,6.926369,129.993892,123.127155,6.866737
129.028255,122.090539,6.937716,129.553810,122.650088,6.903722
128.997195,122.070126,6.927070,129.799226,122.876912,6.922314
128.911891,121.973209,6.938681,129.492203,122.580498,6.911704
128.875444,121.928767,6.946676,129.758724,122.859716,6.899009
128.819500,121.872224,6.947275,129.379335,122.444711,6.934623
128.827212,121.875996,6.951216,129.841367,122.957557,6.883809
128.792616,121.847672,6.944944,129.531310,122.631186,6.900123
128.753765,121.818208,6.935557,129.407955,122.519017,6.888939
128.650729,121.710786,6.939943,129.594308,122.657951,6.936357
128.631363,121.679101,6.952262,129.394713,122.462884,6.931830
128.500852,121.537425,6.963427,129.404681,122.484753,6.919927
128.536951,121.586192,6.950760,129.190811,122.284860,6.905951
128.486482,121.526703,6.959779,128.833472,121.932669,6.900803
128.431368,121.482251,6.949118,128.999738,122.075381,6.924358
128.397402,121.447811,6.949592,129.426841,122.505042,6.921798
128.393220,121.436848,6.956373,129.007624,122.084026,6.923598
128.224974,121.268538,6.956436,128.947764,122.010503,6.937262
128.312481,121.336659,6.975821,129.306205,122.360854,6.945350
128.218801,121.239811,6.978990,129.273041,122.365085,6.907956
128.193632,121.229208,6.964424,129.229127,122.290504,6.938624
128.197349,121.223531,6.973819,129.338438,122.400717,6.937721
128.114449,121.133522,6.980927,129.069539,122.136510,6.933028
128.014230,121.043722,6.970508,129.249896,122.353059,6.896837
128.077877,121.104930,6.972947,128.906881,121.960530,6.946351
127.902842,120.922233,6.980609,128.801337,121.834544,6.966794
127.858459,120.899965,6.958494,128.783298,121.835254,6.948044
127.853888,120.869765,6.984123,128.442262,121.508693,6.933569
127.785349,120.806073,6.979276,128.820322,121.891015,6.929308
127.913337,120.933967,6.979370,128.697871,121.724481,6.973390
127.844368,120.867743,6.976625,128.782304,121.831803,6.950501
127.936614,120.967656,6.968958,129.046639,122.086143,6.960496
127.836295,120.850000,6.986295,128.813010,121.886012,6.926998
127.915180,120.949865,6.965315,129.134443,122.202913,6.931530
127.847830,120.881722,6.966107,128.749823,121.799467,6.950356
127.736722,120.757730,6.978992,129.010639,122.060299,6.950340
127.729513,120.742715,6.986798,128.616616,121.639023,6.977594
127.697632,120.713738,6.983894,128.847211,121.899987,6.947224
127.685311,120.684443,7.000868,128.600017,121.637622,6.962395
127.629368,120.649075,6.980292,128.559229,121.593035,6.966194
127.614842,120.626152,6.988689,128.462413,121.509657,6.952755
127.622388,120.633677,6.988711,128.407656,121.414460,6.993197
127.428202,120.419747,7.008454,128.707728,121.728725,6.979003
127.549359,120.564731,6.984628,128.365223,121.412924,6.952298
127.486822,120.499542,6.987280,128.679599,121.746925,6.932674
127.578289,120.580874,6.997416,128.893402,121.947633,6.945769
127.514440,120.504583,7.009857,128.535555,121.563514,6.972041
127.455611,120.451489,7.004122,128.281431,121.299272,6.982160
127.329969,120.314261,7.015708,128.272999,121.285953,6.987046
127.293578,120.279411,7.014167,128.489125,121.523468,6.965657
127.354873,120.366997,6.987876,128.795338,121.853003,6.942335
127.333309,120.340387,6.992922,128.968850,122.021748,6.947102
127.442765,120.450861,6.991904,128.498032,121.584184,6.913848
127.226780,120.241443,6.985337,128.516164,121.578603,6.937561
127.294960,120.305817,6.989143,128.523058,121.575286,6.947772
127.199052,120.199924,6.999128,128.447247,121.496845,6.950402
127.261355,120.258661,7.002694,128.438725,121.464209,6.974516
127.231858,120.243870,6.987988,128.616749,121.667590,6.949159
127.238253,120.226965,7.011289,128.465394,121.490701,6.974692
127.212478,120.213961,6.998516,128.198506,121.235336,6.963171
126.977092,119.964563,7.012528,128.386572,121.403056,6.983517
127.238754,120.242539,6.996215,128.689082,121.736961,6.952122
127.160013,120.163735,6.996278,128.092404,121.135395,6.957008
127.113885,120.105674,7.008211,128.241265,121.272150,6.969115
126.884682,119.871741,7.012941,128.195464,121.216673,6.978791
127.105336,120.087320,7.018015,128.229711,121.232736,6.996975
126.969703,119.964421,7.005282,128.342800,121.376984,6.965817
126.943845,119.934881,7.008964,128.096831,121.157477,6.939353
127.065783,120.054952,7.010831,128.283718,121.319086,6.964631
126.903630,119.886142,7.017489,127.930043,120.945946,6.984096
127.123168,120.119628,7.003540,128.217238,121.270326,6.946912
126.947876,119.931692,7.016185,128.204724,121.236639,6.968085
126.913177,119.892782,7.020395,128.403766,121.430010,6.973755
126.831009,119.802290,7.028719,128.423482,121.442074,6.981408
126.907374,119.896242,7.011132,128.549022,121.580806,6.968216
126.969531,119.968827,7.000703,127.939391,120.964794,6.974597
126.897257,119.875065,7.022193,128.105408,121.142035,6.963374
126.756588,119.737769,7.018819,128.187363,121.227196,6.960168
126.915383,119.902879,7.012504,128.137166,121.159797,6.977369
126.789051,119.762752,7.026298,128.058140,121.073986,6.984153
126.816596,119.788542,7.028054,128.487817,121.534697,6.953121
126.912926,119.897101,7.015825,128.280265,121.318592,6.961674
126.853467,119.847668,7.005800,128.194213,121.198503,6.995711
126.791952,119.771493,7.020459,128.471071,121.479566,6.991505
126.900602,119.868149,7.032453,128.052182,121.035710,7.016471
126.692776,119.661746,7.031030,128.139363,121.145248,6.994115
126.788547,119.759716,7.028831,128.103273,121.101258,7.002015
126.738244,119.708733,7.029511,128.495018,121.515364,6.979653
126.897482,119.894464,7.003018,128.186316,121.224116,6.962200
126.699812,119.672960,7.026851,128.316457,121.340755,6.975702
126.698481,119.677722,7.020760,128.256317,121.277030,6.979287
126.664518,119.638782,7.025736,128.119298,121.155874,6.963424
126.788652,119.761581,7.027071,128.777913,121.833278,6.944635
126.944740,119.933707,7.011033,128.009315,121.038031,6.971284
126.755402,119.734601,7.020801,127.916228,120.945642,6.970585
126.630700,119.592645,7.038055,128.773125,121.796553,6.976572
126.693318,119.653229,7.040089,128.154174,121.168737,6.985436
126.682198,119.651183,7.031014,128.236550,121.255041,6.981508
126.652954,119.619752,7.033201,128.256224,121.290788,6.965437
