257.074292,254.793129,2.281163,196.181296,193.564536,2.616760
192.384004,189.015935,3.368069,188.971326,184.964262,4.007064
180.540362,173.801108,6.739254,170.605928,161.375892,9.230036
163.734010,152.623455,11.110556,155.745939,143.168196,12.577743
152.580078,138.910085,13.669993,148.571201,134.043206,14.527994
145.855143,130.627072,15.228071,142.881393,126.315070,16.566323
140.334557,123.629810,16.704747,137.309109,120.070156,17.238953
136.297590,118.409393,17.888197,134.145828,115.519142,18.626686
132.975982,114.104955,18.871027,130.991978,111.836191,19.155786
130.662158,111.105405,19.556753,129.243422,109.482099,19.761323
128.925234,108.734337,20.190897,127.757882,107.215797,20.542085
127.337256,106.773709,20.563547,126.359586,105.641197,20.718388
126.129955,105.270119,20.859836,124.870797,103.904238,20.966559
125.063320,103.922614,21.140706,124.260164,103.081182,21.178982
124.154107,102.721896,21.432212,123.526299,102.030349,21.495950
123.390580,101.825329,21.565250,123.069250,101.292885,21.776366
122.658186,100.834163,21.824024,121.948078,100.208753,21.739325
121.987669,99.982822,22.004847,121.510881,99.248008,22.262872
121.334334,99.203410,22.130924,121.182060,99.218265,21.963795
120.797350,98.620196,22.177154,120.528515,98.446293,22.082222
120.314729,97.951944,22.362786,120.198589,97.883803,22.314786
119.855919,97.370416,22.485503,119.764427,97.399214,22.365213
119.477765,96.948620,22.529146,119.763845,97.222736,22.541110
119.030544,96.365085,22.665458,119.188452,96.563664,22.624787
118.583967,95.862883,22.721084,118.882262,96.073259,22.809003
118.278098,95.420197,22.857901,118.650944,95.984298,22.666646
117.867830,94.941120,22.926709,118.413660,95.566373,22.847288
117.614158,94.610215,23.003944,118.224625,95.228256,22.996369
117.287556,94.257715,23.029841,118.039750,95.022443,23.017308
116.870208,93.813052,23.057156,117.466352,94.414908,23.051444
116.696548,93.623761,23.072786,117.281954,94.206761,23.075193
116.388377,93.284075,23.104303,117.213327,94.153666,23.059661
116.137409,92.962978,23.174432,116.798566,93.728079,23.070488
115.895153,92.638182,23.256971,116.853232,93.640087,23.213145
115.648185,92.330151,23.318035,116.512013,93.314475,23.197538
115.398244,92.052782,23.345462,116.428763,93.104083,23.324681
115.195808,91.833939,23.361869,115.954359,92.604742,23.349618
114.989144,91.551217,23.437927,116.168768,92.841569,23.327199
114.722668,91.304284,23.418384,115.856402,92.538216,23.318185
114.600659,91.146334,23.454326,115.501497,92.377156,23.124342
114.389470,90.928994,23.460475,115.510249,92.190792,23.319456
114.222599,90.747518,23.475080,115.433224,91.918208,23.515016
113.931441,90.413195,23.518246,115.289037,91.977678,23.311359
113.863576,90.296538,23.567039,115.172177,91.733847,23.438329
113.655139,90.023189,23.631950,115.070855,91.601397,23.469458
113.502488,89.826848,23.675640,115.090844,91.538490,23.552354
113.282891,89.593310,23.689581,114.699035,91.186718,23.512317
113.206026,89.466594,23.739432,115.062089,91.437017,23.625073
113.015745,89.225837,23.789908,114.652078,91.013121,23.638956
112.856186,89.070925,23.785261,114.355345,90.791695,23.563651
112.762455,88.947814,23.814641,114.362398,90.674108,23.688290
112.655626,88.765991,23.889635,114.644947,91.000081,23.644866
112.503594,88.673018,23.830576,114.308555,90.706504,23.602051
112.323385,88.461728,23.861657,114.194600,90.464607,23.729993
112.296540,88.345805,23.950735,114.175541,90.312129,23.863412
112.130643,88.130871,23.999772,114.119539,90.319120,23.800419
112.000785,88.023733,23.977052,113.920331,90.206088,23.714242
111.857378,87.887918,23.969460,113.841188,89.892279,23.948909
111.789135,87.732864,24.056271,113.874637,89.926310,23.948327
111.691742,87.618004,24.073738,113.916521,90.120847,23.795674
111.589547,87.580939,24.008609,113.747204,89.956886,23.790317
111.539578,87.388827,24.150751,113.732224,89.683035,24.049189
111.411806,87.274946,24.136860,113.458545,89.619835,23.838710
111.292871,87.218522,24.074349,113.357182,89.465983,23.891199
111.189302,87.079984,24.109318,113.517232,89.654627,23.862605
111.028099,86.864029,24.164070,113.440292,89.543500,23.896791
110.974581,86.821395,24.153185,113.469798,89.611534,23.858265
110.826344,86.635440,24.190905,113.467453,89.468397,23.999057
110.837776,86.602180,24.235596,113.178307,89.157794,24.020513
110.652789,86.471675,24.181114,113.187885,89.235621,23.952264
110.624020,86.380488,24.243531,113.331066,89.232577,24.098489
110.549073,86.264809,24.284264,113.089883,89.019051,24.070832
110.381850,86.132923,24.248927,113.090701,89.236138,23.854563
110.339743,86.040647,24.299096,112.931082,88.947103,23.983979
110.319580,86.019557,24.300023,113.003467,88.846497,24.156970
110.125849,85.805141,24.320708,112.997291,88.929453,24.067838
110.166220,85.810222,24.355998,112.799036,88.621231,24.177805
110.028780,85.650392,24.378388,112.773320,88.601415,24.171905
109.986621,85.567458,24.419163,112.935720,88.770342,24.165377
109.845602,85.494871,24.350731,112.522792,88.410214,24.112578
109.816069,85.443800,24.372270,112.716464,88.549630,24.166834
109.695415,85.297143,24.398273,112.845582,88.655667,24.189915
109.647927,85.238782,24.409144,112.641076,88.474343,24.166733
109.598989,85.167078,24.431911,112.876958,88.601312,24.275646
109.535077,85.088036,24.447041,112.659488,88.377516,24.281972
109.464760,84.986044,24.478716,112.521287,88.340011,24.181276
109.381985,84.876128,24.505858,112.514293,88.271145,24.243148
109.257218,84.780642,24.476576,112.389144,88.187352,24.201792
109.200699,84.707587,24.493111,112.330982,88.179540,24.151442
109.221859,84.641877,24.579982,112.696690,88.335048,24.361642
109.028337,84.489050,24.539286,112.502157,88.220001,24.282156
108.965893,84.410635,24.555257,112.369510,88.014544,24.354966
108.937952,84.395830,24.542122,112.478042,88.242494,24.235548
108.906341,84.316913,24.589428,112.278873,87.841210,24.437663
108.864840,84.262314,24.602526,112.211654,87.851319,24.360335
108.699090,84.075722,24.623368,112.353482,87.918237,24.435245
108.728580,84.144796,24.583784,112.237243,87.803750,24.433493
108.650384,84.041996,24.608388,112.129457,87.825683,24.303773
108.593772,83.933383,24.660389,112.369147,87.924934,24.444213
108.541068,83.939541,24.601527,112.493703,88.096278,24.397426
108.486974,83.871454,24.615521,112.317668,88.079436,24.238232
108.379584,83.707349,24.672235,112.302254,87.889375,24.412879
108.376846,83.691995,24.684851,112.091555,87.780895,24.310660
108.336572,83.618749,24.717823,112.216808,87.804361,24.412448
108.292617,83.632655,24.659962,112.208599,87.786582,24.422017
108.180267,83.431709,24.748558,112.251266,87.815314,24.435952
108.163187,83.437571,24.725617,112.149299,87.672393,24.476905
108.023993,83.322721,24.701272,112.032980,87.615149,24.417831
108.058960,83.300211,24.758749,111.900810,87.514643,24.386167
107.995872,83.268392,24.727480,112.001620,87.578943,24.422677
107.937505,83.200132,24.737374,112.099768,87.559161,24.540608
108.023005,83.237373,24.785631,111.990380,87.457651,24.532729
107.892962,83.131245,24.761717,112.177989,87.622944,24.555044
107.858450,83.030895,24.827555,112.112385,87.580161,24.532223
107.781281,82.971351,24.809931,112.170358,87.659923,24.510435
107.754704,82.947838,24.806866,111.845353,87.230022,24.615331
107.643466,82.789614,24.853852,111.898260,87.319825,24.578435
107.689250,82.776053,24.913196,112.054278,87.425668,24.628610
107.573162,82.737706,24.835456,111.814825,87.388750,24.426075
107.515462,82.708139,24.807324,112.013267,87.599190,24.414077
107.534182,82.691970,24.842212,111.944645,87.471366,24.473279
107.496039,82.617929,24.878110,112.051334,87.465767,24.585567
107.436791,82.548917,24.887873,111.936068,87.378233,24.557835
107.325701,82.465015,24.860686,112.132639,87.679568,24.453071
107.360285,82.471881,24.888404,112.074143,87.479315,24.594828
107.265514,82.335246,24.930268,111.848585,87.293786,24.554799
107.205493,82.234906,24.970587,111.546996,86.903356,24.643640
107.136834,82.191594,24.945240,111.753862,87.219247,24.534615
107.144143,82.201605,24.942538,111.610813,87.015735,24.595077
107.101290,82.139818,24.961472,111.835741,87.192906,24.642834
107.089791,82.105253,24.984539,112.014627,87.330384,24.684243
107.069451,82.093220,24.976231,111.814093,87.164320,24.649773
106.948494,81.962282,24.986212,111.770375,87.121051,24.649324
106.888920,81.914478,24.974441,112.000448,87.369404,24.631044
106.942122,81.943084,24.999038,111.914930,87.187864,24.727066
106.909972,81.868875,25.041097,111.711172,86.938908,24.772264
106.850110,81.766591,25.083519,111.931182,87.168997,24.762185
106.812356,81.775005,25.037351,111.849894,87.144276,24.705618
106.796909,81.775141,25.021768,111.916233,87.024856,24.891377
106.760314,81.614572,25.145742,111.707394,86.906133,24.801261
106.729751,81.668688,25.061063,111.903377,87.106978,24.796399
106.679691,81.612830,25.066861,111.890780,87.184689,24.706091
106.625296,81.517003,25.108293,111.820865,87.074038,24.746827
106.602896,81.468701,25.134195,111.637875,86.817385,24.820490
106.534362,81.429541,25.104821,111.814630,86.970876,24.843754
106.571649,81.421852,25.149796,111.774884,86.902310,24.872574
106.447417,81.321797,25.125620,111.939276,87.148487,24.790789
106.440251,81.346740,25.093511,111.634152,86.981010,24.653141
106.414405,81.318500,25.095905,111.871106,87.037424,24.833681
106.414576,81.304056,25.110519,111.754427,87.126942,24.627485
106.401383,81.242250,25.159133,111.658203,86.852407,24.805796
106.369007,81.187412,25.181595,111.915400,86.981456,24.933943
106.391802,81.228106,25.163696,111.671532,86.868562,24.802970
106.267993,81.058715,25.209278,111.899273,87.017947,24.881326
106.218105,81.012203,25.205901,111.763388,86.875940,24.887448
106.126064,80.971359,25.154705,111.904853,87.133893,24.770960
106.196307,81.002367,25.193939,112.028177,87.156177,24.872000
106.163543,80.968720,25.194823,112.001593,87.099792,24.901800
106.097517,80.868087,25.229430,111.980698,87.076416,24.904282
106.062545,80.860894,25.201651,111.810628,86.888403,24.922226
