243.015558,238.046954,4.968604,190.732818,186.344391,4.388427
174.226099,165.157482,9.068617,159.200710,146.181532,13.019178
152.709405,138.188221,14.521184,145.246656,129.099191,16.147465
142.462539,125.537963,16.924575,137.950751,120.024405,17.926347
136.194437,117.743198,18.451239,132.874817,113.813615,19.061202
131.620180,112.075078,19.545102,128.544179,108.548674,19.995505
128.526533,108.175906,20.350628,126.419810,105.686038,20.733772
126.212816,105.329882,20.882934,124.315890,103.217822,21.098068
124.301549,103.072079,21.229470,122.637515,101.307222,21.330294
122.786186,101.312162,21.474024,121.429711,99.847151,21.582560
121.543209,99.880735,21.662474,120.233709,98.506414,21.727295
120.417965,98.630211,21.787754,119.368957,97.461153,21.907804
119.456059,97.558155,21.897904,118.796226,96.941646,21.854580
118.520052,96.493885,22.026167,117.461398,95.308724,22.152674
117.783039,95.625644,22.157395,117.055843,94.832319,22.223524
117.088021,94.822170,22.265850,116.670802,94.238743,22.432058
116.454834,94.145015,22.309819,116.372987,94.078228,22.294759
115.839850,93.506755,22.333095,115.566445,93.105180,22.461265
115.228748,92.828794,22.399955,115.144261,92.754305,22.389956
114.686427,92.282190,22.404237,114.706288,92.177054,22.529233
114.248855,91.822597,22.426257,114.040253,91.568608,22.471646
113.799048,91.332447,22.466601,114.044819,91.580286,22.464532
113.429185,91.010397,22.418788,113.436609,90.982314,22.454295
113.037640,90.560041,22.477599,113.045978,90.480716,22.565262
112.554246,90.097502,22.456744,112.564431,90.169928,22.394503
112.172492,89.695646,22.476846,112.239948,89.735729,22.504219
111.825891,89.317410,22.508482,112.023269,89.653709,22.369560
111.455338,89.006666,22.448672,111.725098,89.235423,22.489675
111.161656,88.652522,22.509133,111.218385,88.897016,22.321370
110.791311,88.224893,22.566418,110.957240,88.610475,22.346765
110.438367,87.915327,22.523040,110.750554,88.288629,22.461925
110.116076,87.594370,22.521706,110.432295,87.928352,22.503943
109.859864,87.294424,22.565441,110.310412,87.790224,22.520188
109.550903,86.964429,22.586473,109.792626,87.338923,22.453703
109.322845,86.748783,22.574062,109.624216,87.050756,22.573460
108.980947,86.369708,22.611239,109.550925,87.043151,22.507774
108.818820,86.208447,22.610373,109.569934,86.941600,22.628335
108.564850,85.921811,22.643039,109.049728,86.590501,22.459227
108.305093,85.713213,22.591880,109.202850,86.688827,22.514023
108.181230,85.498814,22.682416,108.531811,86.051320,22.480492
107.938812,85.305018,22.633794,108.565929,85.958836,22.607094
107.685780,85.054036,22.631744,108.234544,85.754214,22.480331
107.519514,84.890048,22.629466,108.437947,85.919045,22.518903
107.376618,84.728920,22.647697,108.036552,85.430427,22.606125
107.150566,84.491826,22.658740,107.928479,85.418563,22.509917
106.940911,84.332736,22.608175,107.749905,85.197950,22.551955
106.785945,84.083682,22.702263,107.705234,84.984884,22.720349
106.580167,83.897389,22.682778,107.367493,84.774822,22.592670
106.365688,83.737794,22.627894,107.329619,84.832248,22.497371
106.315810,83.655839,22.659971,107.184536,84.548607,22.635929
106.147262,83.495057,22.652205,106.977471,84.376093,22.601379
105.978596,83.335054,22.643542,107.042751,84.447215,22.595537
105.873178,83.206734,22.666445,106.620260,84.075750,22.544510
105.680159,83.035956,22.644203,106.995644,84.420547,22.575097
105.590093,82.999081,22.591012,106.596095,84.089055,22.507040
105.449935,82.838128,22.611808,106.579436,84.029795,22.549641
105.317232,82.697222,22.620010,106.531852,83.972677,22.559175
105.122792,82.501672,22.621119,106.036624,83.510054,22.526570
104.984188,82.372618,22.611570,105.988290,83.380999,22.607291
105.076565,82.366523,22.710043,106.152534,83.416775,22.735758
104.857649,82.202334,22.655315,105.693287,83.187946,22.505340
104.806970,82.191639,22.615331,105.775933,83.169860,22.606073
104.630905,82.007726,22.623179,105.983965,83.406946,22.577020
104.556636,81.968872,22.587764,105.657437,83.123321,22.534116
104.418475,81.807555,22.610921,105.770388,83.166327,22.604061
104.343983,81.694230,22.649753,105.581101,82.940472,22.640630
104.245652,81.565521,22.680130,105.574085,82.973373,22.600712
104.093625,81.424429,22.669196,105.322060,82.754648,22.567411
104.033024,81.391501,22.641523,105.372995,82.689177,22.683818
103.944255,81.251910,22.692345,105.228461,82.582259,22.646202
103.838879,81.166124,22.672755,105.138353,82.617300,22.521054
103.842920,81.179525,22.663395,105.084046,82.487626,22.596419
103.622346,80.950533,22.671813,105.222291,82.508356,22.713936
103.533637,80.845148,22.688489,105.117738,82.413801,22.703937
103.445445,80.767108,22.678338,105.102884,82.429193,22.673691
103.373378,80.696317,22.677061,104.930310,82.290784,22.639526
103.268490,80.545963,22.722526,104.681112,81.975005,22.706107
103.161096,80.416342,22.744753,104.858710,82.142527,22.716182
103.056662,80.318247,22.738415,104.591714,81.923594,22.668121
103.086982,80.397049,22.689933,104.470788,81.804362,22.666426
102.961512,80.218810,22.742701,104.503276,81.778205,22.725071
102.931763,80.146562,22.785201,104.709377,81.931990,22.777387
102.851563,80.063904,22.787660,104.417021,81.580168,22.836852
102.770579,79.997763,22.772816,104.343430,81.725343,22.618087
102.692474,79.995480,22.696994,104.139076,81.600816,22.538260
102.600210,79.904266,22.695944,104.469420,81.870712,22.598708
102.582746,79.841137,22.741608,104.339836,81.597617,22.742220
102.548097,79.774364,22.773732,104.227972,81.543095,22.684878
102.448269,79.695736,22.752533,104.386357,81.633480,22.752878
102.413555,79.635592,22.777963,104.127287,81.411857,22.715430
102.334344,79.560767,22.773577,103.988528,81.235423,22.753104
102.261543,79.490926,22.770617,104.126597,81.435843,22.690755
102.259241,79.433420,22.825821,104.049035,81.347515,22.701521
102.152427,79.378440,22.773987,103.934115,81.203938,22.730177
102.034955,79.224108,22.810847,103.899185,81.185465,22.713720
102.043261,79.257520,22.785741,103.887408,81.139319,22.748089
101.960261,79.177008,22.783253,104.136252,81.398997,22.737255
102.004982,79.188981,22.816002,103.714672,80.761623,22.953049
101.866614,79.043226,22.823388,103.778237,81.036691,22.741546
101.859515,79.021941,22.837574,103.727908,80.924619,22.803289
101.793684,78.939504,22.854180,103.621507,80.778646,22.842862
101.780626,78.984310,22.796316,103.834287,81.074030,22.760257
101.766101,78.947205,22.818896,103.724922,80.938857,22.786066
101.615530,78.845964,22.769566,103.769754,81.079880,22.689874
101.592377,78.794619,22.797759,103.470840,80.655130,22.815710
101.577144,78.732573,22.844571,103.576745,80.842235,22.734510
101.519688,78.723014,22.796674,103.563362,80.804260,22.759102
101.542544,78.716303,22.826241,103.438527,80.647845,22.790682
101.422517,78.549456,22.873060,103.575079,80.817371,22.757708
101.414937,78.603881,22.811056,103.525193,80.691693,22.833500
101.326598,78.485219,22.841379,103.421116,80.545499,22.875617
101.310430,78.486650,22.823780,103.481399,80.624846,22.856553
101.296505,78.457828,22.838677,103.321048,80.548503,22.772545
101.231932,78.359681,22.872251,103.234671,80.352408,22.882264
101.249272,78.395905,22.853367,103.329343,80.501620,22.827724
101.189631,78.329414,22.860217,103.366451,80.497143,22.869308
101.129908,78.279060,22.850849,103.280701,80.563106,22.717594
101.072196,78.250021,22.822175,103.230228,80.534739,22.695489
101.026222,78.235872,22.790351,103.201210,80.443456,22.757754
101.008081,78.222606,22.785476,103.209067,80.470342,22.738725
100.965569,78.149528,22.816040,103.158129,80.304657,22.853473
100.876143,78.039578,22.836565,103.192812,80.434790,22.758022
100.886950,78.030896,22.856054,103.016382,80.216149,22.800232
100.850954,78.024596,22.826358,102.918433,80.110892,22.807541
100.795834,77.994751,22.801084,103.007334,80.122121,22.885212
100.725676,77.891960,22.833715,103.036233,80.235768,22.800465
100.738311,77.932924,22.805388,103.168867,80.277582,22.891286
100.655016,77.816682,22.838333,102.800922,80.037424,22.763499
100.607521,77.825928,22.781594,102.867275,80.114377,22.752899
100.560477,77.764291,22.796186,102.989301,80.248688,22.740613
100.601635,77.764310,22.837325,102.938614,80.196631,22.741984
100.546502,77.723933,22.822569,102.834527,80.018069,22.816458
100.515595,77.642023,22.873572,102.728972,79.929860,22.799112
100.423907,77.582021,22.841886,102.666114,79.849017,22.817097
100.411094,77.616736,22.794358,102.729565,79.974493,22.755072
100.490839,77.593765,22.897074,102.704945,79.834683,22.870262
100.379397,77.487788,22.891609,102.695961,79.915208,22.780754
100.352190,77.471919,22.880272,102.810773,79.967188,22.843585
100.339508,77.442295,22.897214,102.612488,79.815414,22.797074
100.260043,77.389786,22.870258,102.808706,79.936719,22.871987
100.213473,77.387487,22.825986,102.698556,79.970196,22.728359
100.249563,77.387328,22.862235,102.622745,79.860478,22.762268
100.207377,77.299794,22.907583,102.672946,79.802614,22.870332
100.135866,77.283081,22.852785,102.689039,79.932358,22.756681
100.171818,77.334543,22.837275,102.806181,80.038804,22.767376
100.068255,77.240868,22.827386,102.552998,79.749442,22.803556
100.118063,77.226774,22.891289,102.795210,79.923591,22.871619
100.059165,77.127852,22.931313,102.406727,79.547504,22.859223
99.973929,77.068980,22.904949,102.585783,79.670513,22.915270
99.972373,77.087843,22.884530,102.619841,79.788025,22.831817
99.945295,77.021614,22.923681,102.766388,79.919301,22.847087
99.937309,77.070672,22.866637,102.904091,80.116712,22.787380
99.959302,77.102010,22.857292,102.560722,79.770238,22.790485
99.871613,77.007396,22.864217,102.781667,79.931262,22.850405
99.830654,76.952224,22.878429,102.472002,79.689996,22.782006
99.789984,76.916434,22.873550,102.585098,79.719296,22.865801
99.818330,76.950660,22.867671,102.381911,79.452115,22.929797
99.782941,76.878928,22.904013,102.585515,79.715476,22.870038
99.762115,76.879640,22.882475,102.530811,79.670327,22.860484
99.743320,76.875018,22.868302,102.534308,79.795301,22.739007
