240.013641,237.075941,2.937700,191.927261,188.006588,3.920672
180.921411,174.284590,6.636820,166.769723,156.448945,10.320777
156.574917,144.364757,12.210160,149.487391,136.349080,13.138311
145.180806,130.894206,14.286599,140.395582,124.526653,15.868928
137.259832,120.614542,16.645290,133.578040,115.948526,17.629513
132.272975,114.023786,18.249190,129.559398,110.733893,18.825504
128.909960,109.616231,19.293729,126.611489,107.067172,19.544317
126.645164,106.743362,19.901801,124.912250,104.863166,20.049084
124.834487,104.486990,20.347498,123.162351,102.793356,20.368995
123.332851,102.682001,20.650850,121.953830,101.086037,20.867793
121.930146,101.035210,20.894937,120.936234,99.769270,21.166964
121.063349,99.863525,21.199825,120.116353,98.768233,21.348120
120.112667,98.699066,21.413601,119.682998,98.159406,21.523591
119.287458,97.686459,21.601000,118.710117,97.069411,21.640706
118.507193,96.765402,21.741792,118.155977,96.510459,21.645517
117.784832,95.938036,21.846796,117.878284,96.146243,21.732041
117.213434,95.248464,21.964971,117.324825,95.299537,22.025288
116.659970,94.501659,22.158311,116.455743,94.330756,22.124987
116.133331,93.887030,22.246301,116.155127,93.967179,22.187948
115.643564,93.291998,22.351566,115.943449,93.357792,22.585656
115.211314,92.740798,22.470516,115.602271,93.203839,22.398433
114.912023,92.387407,22.524616,114.991721,92.622399,22.369321
114.272448,91.766721,22.505727,114.738035,92.285963,22.452072
113.942922,91.393233,22.549689,114.274173,91.739368,22.534804
113.600517,90.906419,22.694098,113.985860,91.327783,22.658077
113.190943,90.522492,22.668451,113.589921,90.869284,22.720638
112.936894,90.131716,22.805178,113.427924,90.568224,22.859700
112.629471,89.789114,22.840357,113.355721,90.483550,22.872171
112.278228,89.407421,22.870807,113.186556,90.540285,22.646271
112.034576,89.230624,22.803953,113.052735,90.339623,22.713112
111.754589,88.861741,22.892848,112.644564,89.872154,22.772410
111.432254,88.545986,22.886268,111.907296,89.146405,22.760891
111.193862,88.237162,22.956700,112.204268,89.374106,22.830162
110.945746,87.916917,23.028829,111.903774,88.931446,22.972328
110.601714,87.583405,23.018309,111.554753,88.720362,22.834390
110.357641,87.348973,23.008668,111.471805,88.552093,22.919712
110.218613,87.173844,23.044768,111.664623,88.834484,22.830139
109.940985,86.960228,22.980756,110.983528,88.123321,22.860208
109.689422,86.683701,23.005722,110.833081,87.892598,22.940484
109.491155,86.430427,23.060729,110.560608,87.622344,22.938264
109.278655,86.217976,23.060679,110.524391,87.606442,22.917949
109.014522,86.042289,22.972232,110.310777,87.427416,22.883361
108.875032,85.846831,23.028201,110.013996,86.948951,23.065045
108.664721,85.588603,23.076118,109.949902,86.988205,22.961698
108.446360,85.370419,23.075941,109.600800,86.730785,22.870015
108.340775,85.184398,23.156378,109.936194,86.888272,23.047922
108.109986,84.996918,23.113068,109.362135,86.319944,23.042192
107.923813,84.758716,23.165097,109.219561,86.198500,23.021061
107.762384,84.564842,23.197542,109.192118,86.084030,23.108088
107.676482,84.502428,23.174054,109.046272,85.966423,23.079849
107.468255,84.324067,23.144189,108.773787,85.758238,23.015549
107.238294,84.074426,23.163869,109.077058,85.991715,23.085343
107.116769,83.928845,23.187924,108.866346,85.809500,23.056847
107.005973,83.836428,23.169545,108.535356,85.420553,23.114803
106.772205,83.585359,23.186846,108.324405,85.321046,23.003359
106.694426,83.490261,23.204165,108.520056,85.489315,23.030742
106.594714,83.362753,23.231961,108.333397,85.204593,23.128804
106.392170,83.228034,23.164136,107.977241,84.892794,23.084446
106.229377,83.034788,23.194590,108.068590,85.115468,22.953123
106.119503,82.938796,23.180707,107.879831,84.742002,23.137829
106.022454,82.863419,23.159035,107.687124,84.621031,23.066093
105.860238,82.706372,23.153866,107.519207,84.548316,22.970891
105.719504,82.564536,23.154968,107.565504,84.454746,23.110757
105.738689,82.511577,23.227112,107.808294,84.680993,23.127301
105.526380,82.349381,23.176999,107.182659,84.239563,22.943096
105.409207,82.252320,23.156887,107.307365,84.339612,22.967754
105.272995,82.063766,23.209230,107.635051,84.600770,23.034281
105.175222,81.978824,23.196398,107.271909,84.324115,22.947795
105.099523,81.967727,23.131796,106.985147,83.944326,23.040820
105.094981,81.786748,23.308233,107.179093,83.965171,23.213921
104.937457,81.662153,23.275304,107.126082,83.809457,23.316625
104.822187,81.500696,23.321491,106.988428,83.758207,23.230222
104.755610,81.484430,23.271179,106.867342,83.752971,23.114372
104.704788,81.420272,23.284516,106.778529,83.681614,23.096915
104.544810,81.294142,23.250669,106.634581,83.518052,23.116529
104.453278,81.171761,23.281517,106.685029,83.565049,23.119981
104.326802,81.064203,23.262599,106.454650,83.389820,23.064829
104.233733,80.978143,23.255590,106.456381,83.394590,23.061792
104.332301,81.041873,23.290428,106.569982,83.449383,23.120599
104.156658,80.847312,23.309346,106.441002,83.308492,23.132510
104.089913,80.734746,23.355167,106.319848,83.088728,23.231119
104.087685,80.780656,23.307029,106.360883,83.194774,23.166109
103.940248,80.646890,23.293358,106.166386,83.001855,23.164531
103.933968,80.603832,23.330136,106.489322,83.247637,23.241685
103.899589,80.490001,23.409588,106.157047,82.973203,23.183844
103.772160,80.433176,23.338984,106.372330,83.106031,23.266299
103.795409,80.447479,23.347930,106.135042,82.885150,23.249893
103.663883,80.303000,23.360883,106.395580,83.148056,23.247524
103.604947,80.235120,23.369827,106.070643,82.787347,23.283295
103.483813,80.109637,23.374177,105.956706,82.791535,23.165171
103.428732,80.097276,23.331455,105.913001,82.731206,23.181796
103.352469,80.029144,23.323325,105.817811,82.691011,23.126800
103.258635,79.937765,23.320870,105.964878,82.853978,23.110900
103.274669,79.886816,23.387853,105.761381,82.480770,23.280611
103.209707,79.767358,23.442349,106.054379,82.795198,23.259180
103.142872,79.755589,23.387283,105.721700,82.430249,23.291451
103.043900,79.648261,23.395639,105.775239,82.520376,23.254863
103.069401,79.693433,23.375968,105.606176,82.402911,23.203265
102.889779,79.524705,23.365074,105.627082,82.527851,23.099232
102.816736,79.504490,23.312245,105.666268,82.431197,23.235071
102.818079,79.455164,23.362916,105.502281,82.316429,23.185852
102.794468,79.367603,23.426865,105.560376,82.247745,23.312632
102.665582,79.223361,23.442221,105.740003,82.483039,23.256965
102.675233,79.308530,23.366703,105.820328,82.624542,23.195786
102.534639,79.224409,23.310231,105.522109,82.260855,23.261253
102.569635,79.188863,23.380771,105.621366,82.429935,23.191431
102.501078,79.138506,23.362572,105.301996,82.068334,23.233662
102.556356,79.177570,23.378786,105.502792,82.288609,23.214183
102.504028,79.146006,23.358022,105.465318,82.172673,23.292645
102.380635,78.959735,23.420900,105.401441,82.144090,23.257351
102.356849,78.960174,23.396675,105.384372,82.198367,23.186005
102.287167,78.899992,23.387174,105.132069,81.948795,23.183273
102.205025,78.850974,23.354051,105.031159,81.833440,23.197719
102.213234,78.889738,23.323496,105.407618,82.262492,23.145125
102.239490,78.860665,23.378825,105.114573,81.902657,23.211916
102.181206,78.753799,23.427407,105.238375,81.977182,23.261193
102.022838,78.592101,23.430737,104.901772,81.639201,23.262570
101.985866,78.606646,23.379220,105.309499,82.080674,23.228825
102.053321,78.609880,23.443441,105.233709,81.862385,23.371324
101.955370,78.518341,23.437029,104.854028,81.583707,23.270321
101.833140,78.429376,23.403764,105.132511,81.894436,23.238075
101.907895,78.490119,23.417776,105.121152,81.957797,23.163355
101.857109,78.435335,23.421773,105.034265,81.808267,23.225999
101.687418,78.288860,23.398558,104.909301,81.639831,23.269470
101.684359,78.299784,23.384575,104.874571,81.678783,23.195789
101.631885,78.313399,23.318486,104.671226,81.544325,23.126901
101.636185,78.213241,23.422944,104.936901,81.701837,23.235064
101.619039,78.306010,23.313030,104.746414,81.528347,23.218068
101.611873,78.191339,23.420534,104.863847,81.520619,23.343228
101.511464,78.094517,23.416947,104.769094,81.488177,23.280917
101.511035,78.092208,23.418828,104.571684,81.343256,23.228428
101.483740,78.037641,23.446099,104.956916,81.651253,23.305663
101.456116,77.983580,23.472535,105.152470,81.816984,23.335486
101.334810,77.916054,23.418756,105.054341,81.753919,23.300422
101.499336,78.056865,23.442472,104.674899,81.398096,23.276803
101.359785,77.929922,23.429864,104.524981,81.197300,23.327681
101.285438,77.818410,23.467028,104.508333,81.128269,23.380064
101.241259,77.790216,23.451043,104.630491,81.458837,23.171655
101.210580,77.774961,23.435619,104.823498,81.588837,23.234661
101.145900,77.730825,23.415075,104.784457,81.500241,23.284216
101.119794,77.662318,23.457476,104.626183,81.314865,23.311318
101.170650,77.651017,23.519633,104.812845,81.484429,23.328417
101.021114,77.519118,23.501996,104.629265,81.311398,23.317868
101.130794,77.610758,23.520036,104.583079,81.211841,23.371238
101.094940,77.604331,23.490609,104.808732,81.390070,23.418662
101.102610,77.598978,23.503632,104.474787,81.171286,23.303500
100.935626,77.470902,23.464724,104.472732,81.134865,23.337867
100.936269,77.461332,23.474937,104.537475,81.261318,23.276157
100.915897,77.402250,23.513647,104.302380,80.979533,23.322847
100.820136,77.369382,23.450754,104.340576,81.030492,23.310084
100.920031,77.435562,23.484469,104.454465,81.193146,23.261318
100.804536,77.337205,23.467331,104.442560,81.141977,23.300583
100.781649,77.315150,23.466499,104.397496,81.137224,23.260272
100.743777,77.251479,23.492298,104.149507,80.893055,23.256452
100.707114,77.205741,23.501373,104.616521,81.216793,23.399728
100.689002,77.198394,23.490608,104.582416,81.337956,23.244460
100.627104,77.179925,23.447180,104.404565,81.155858,23.248707
100.635201,77.220274,23.414927,104.401295,81.139125,23.262170
100.627633,77.158023,23.469610,104.257131,80.906676,23.350454
100.595102,77.085334,23.509768,104.279643,80.955347,23.324297
