257.414565,254.335149,3.079416,196.390013,193.683333,2.706679
192.681910,189.180356,3.501554,189.587770,185.423988,4.163782
180.525259,173.738767,6.786491,169.286937,159.598760,9.688177
162.652681,151.509310,11.143371,155.781226,143.494968,12.286257
152.214149,138.641420,13.572728,147.919998,133.239450,14.680548
145.426320,130.087259,15.339060,141.688937,125.465619,16.223318
140.150902,123.449805,16.701096,137.078475,119.542833,17.535642
135.979199,118.026304,17.952894,133.181551,114.669736,18.511815
132.572278,113.726885,18.845393,130.826256,111.487615,19.338642
130.206750,110.649961,19.556788,128.685993,108.786307,19.899686
128.264414,108.240749,20.023665,126.836752,106.615053,20.221700
126.834534,106.445749,20.388785,125.578591,104.998588,20.580003
125.536362,104.861166,20.675196,124.269204,103.617573,20.651630
124.422448,103.495534,20.926913,123.346654,102.530679,20.815974
123.506426,102.380845,21.125581,122.755656,101.579042,21.176614
122.676708,101.385324,21.291385,122.076671,100.880728,21.195943
121.933337,100.493594,21.439743,121.514158,99.933376,21.580782
121.328772,99.691688,21.637084,120.758462,99.144649,21.613814
120.725731,98.962627,21.763103,120.819071,99.051895,21.767176
120.125671,98.277857,21.847814,119.946572,98.092704,21.853868
119.675184,97.713669,21.961515,119.421379,97.528352,21.893027
119.204446,97.124603,22.079843,119.237631,97.089435,22.148197
118.738723,96.623380,22.115343,118.797370,96.741208,22.056163
118.316647,96.174836,22.141811,118.554900,96.420638,22.134261
117.971940,95.750718,22.221223,117.985173,95.815587,22.169586
117.565723,95.237908,22.327815,117.667301,95.430895,22.236405
117.131540,94.831031,22.300509,117.409626,95.264518,22.145108
116.907645,94.446870,22.460775,117.177666,94.820501,22.357165
116.541159,94.108425,22.432734,116.919208,94.631519,22.287689
116.280350,93.751559,22.528791,116.574084,94.101047,22.473037
115.898198,93.335534,22.562664,116.524855,94.102623,22.422232
115.620572,93.063777,22.556795,116.370974,93.968383,22.402590
115.339456,92.814026,22.525430,116.187530,93.677296,22.510234
115.173409,92.577853,22.595556,116.059699,93.526230,22.533469
114.934282,92.301981,22.632301,115.796568,93.283722,22.512846
114.680610,92.038608,22.642002,115.428723,92.900467,22.528256
114.488371,91.855734,22.632637,115.547660,93.128241,22.419419
114.196360,91.537094,22.659265,115.409625,92.898634,22.510990
113.977535,91.227654,22.749881,114.902362,92.308088,22.594274
113.843627,91.046035,22.797592,114.649383,91.927455,22.721927
113.631495,90.850323,22.781173,114.699770,92.127280,22.572489
113.458161,90.656000,22.802162,114.517168,91.989860,22.527309
113.221584,90.468436,22.753148,114.373258,91.820822,22.552436
113.111463,90.295907,22.815556,114.281984,91.573358,22.708625
112.964073,90.137438,22.826635,114.144854,91.538450,22.606404
112.752745,89.913658,22.839088,114.019749,91.185427,22.834321
112.591752,89.714518,22.877234,114.099986,91.454249,22.645737
112.437521,89.517526,22.919995,113.880819,91.153989,22.726830
112.264434,89.328876,22.935559,113.816047,91.029320,22.786727
112.083059,89.201368,22.881690,113.546862,91.023347,22.523515
112.013613,89.147581,22.866033,113.358729,90.716381,22.642348
111.839301,88.996962,22.842339,113.292891,90.704226,22.588665
111.720235,88.775448,22.944787,113.191321,90.631523,22.559798
111.555451,88.692278,22.863173,113.266754,90.677673,22.589082
111.446350,88.563024,22.883326,113.043555,90.449530,22.594025
111.267889,88.478092,22.789797,113.138098,90.572614,22.565484
111.250680,88.384038,22.866641,112.799846,90.161910,22.637936
111.078694,88.099257,22.979437,112.664471,89.857808,22.806663
110.957094,88.005605,22.951489,112.662503,89.832778,22.829725
110.786951,87.832412,22.954539,112.366030,89.768366,22.597663
110.723929,87.796240,22.927689,112.659402,89.939145,22.720257
110.593755,87.669599,22.924156,112.524171,89.784934,22.739238
110.450821,87.521032,22.929789,112.307370,89.487603,22.819766
110.344281,87.327320,23.016960,112.608091,89.807130,22.800961
110.282644,87.285373,22.997271,112.171021,89.521994,22.649028
110.125140,87.179188,22.945952,112.102000,89.387281,22.714719
110.047283,87.084936,22.962347,112.238226,89.570416,22.667810
109.898036,86.925511,22.972525,111.942272,89.153610,22.788662
109.763095,86.785618,22.977478,111.827708,89.160737,22.666971
109.698360,86.770109,22.928252,111.872295,89.145916,22.726380
109.557229,86.580050,22.977180,111.570695,88.909169,22.661526
109.504355,86.538116,22.966239,111.929076,89.145444,22.783632
109.450178,86.485626,22.964552,111.354509,88.578593,22.775916
109.238138,86.252949,22.985189,111.684524,88.896738,22.787786
109.278168,86.228719,23.049449,111.490995,88.718044,22.772951
109.157454,86.152221,23.005234,111.527921,88.763050,22.764871
108.984245,85.990663,22.993582,111.197926,88.426056,22.771870
108.885863,85.907169,22.978693,111.170059,88.510271,22.659787
108.827898,85.842930,22.984968,110.998062,88.269199,22.728862
108.684875,85.711906,22.972969,111.272592,88.606517,22.666075
108.736348,85.773316,22.963032,110.964623,88.171323,22.793300
108.656007,85.680886,22.975121,111.055547,88.330441,22.725106
108.543305,85.555459,22.987846,111.156156,88.469419,22.686737
108.463724,85.480537,22.983186,110.965866,88.169390,22.796476
108.363672,85.401504,22.962168,111.011877,88.312496,22.699380
108.332613,85.334978,22.997635,110.951575,88.128493,22.823082
108.232221,85.218460,23.013761,110.949382,88.193746,22.755635
108.157939,85.056405,23.101534,110.603923,87.776180,22.827743
108.054058,84.976041,23.078017,110.562572,87.674095,22.888477
108.006704,84.981321,23.025384,110.564799,87.799897,22.764902
107.898853,84.860795,23.038058,110.832370,88.167230,22.665140
107.777427,84.816182,22.961244,110.539310,87.766138,22.773172
107.769850,84.745091,23.024759,110.592860,87.764370,22.828491
107.682269,84.642718,23.039551,110.492046,87.721917,22.770130
107.680428,84.660270,23.020158,110.517337,87.692171,22.825165
107.615265,84.549309,23.065956,110.424684,87.615249,22.809434
107.524348,84.524927,22.999421,110.154164,87.398382,22.755782
107.402700,84.414396,22.988303,110.284925,87.558364,22.726560
107.368402,84.309810,23.058592,110.121646,87.352469,22.769177
107.341605,84.299907,23.041699,110.275583,87.408229,22.867354
107.248372,84.188673,23.059699,109.989231,87.175711,22.813519
107.199943,84.102489,23.097453,110.102806,87.353149,22.749657
107.077002,84.020804,23.056198,110.248057,87.486371,22.761687
106.964570,83.953254,23.011316,109.898727,87.081313,22.817414
106.936655,83.864284,23.072370,109.878205,87.022973,22.855231
106.929017,83.868146,23.060870,109.824316,87.003186,22.821131
106.881523,83.809990,23.071533,109.641602,86.913125,22.728477
106.799714,83.736880,23.062834,110.014265,87.166178,22.848087
106.670604,83.591968,23.078636,109.731814,86.822376,22.909437
106.643137,83.547192,23.095945,109.597365,86.821083,22.776281
106.613068,83.540799,23.072269,109.701010,86.874010,22.826999
106.535154,83.425580,23.109574,109.542119,86.556332,22.985787
106.502581,83.360814,23.141767,109.461149,86.646334,22.814815
106.402148,83.289034,23.113114,109.412863,86.589397,22.823466
106.374685,83.280670,23.094015,109.287318,86.488593,22.798725
106.285384,83.194628,23.090756,109.333704,86.556725,22.776979
106.216430,83.128493,23.087937,109.406707,86.520304,22.886402
106.245409,83.145761,23.099648,109.407654,86.664936,22.742718
106.150430,83.035530,23.114900,109.287542,86.491933,22.795609
106.081852,82.970999,23.110853,109.343071,86.481956,22.861115
106.078881,82.920372,23.158509,109.312274,86.408737,22.903538
105.993491,82.849529,23.143963,109.208350,86.421786,22.786563
105.944977,82.807308,23.137669,109.234816,86.313433,22.921382
105.877799,82.727055,23.150745,109.248307,86.428461,22.819846
105.818781,82.727935,23.090846,109.148642,86.173104,22.975538
105.833358,82.687790,23.145569,109.266779,86.297597,22.969182
105.693455,82.557497,23.135959,108.968909,86.034629,22.934281
105.639587,82.529431,23.110156,108.976791,86.198839,22.777951
105.611546,82.480297,23.131249,109.081213,86.158783,22.922429
105.635523,82.476691,23.158832,108.916856,86.077732,22.839124
105.514812,82.382163,23.132649,108.910412,85.989677,22.920735
105.464956,82.340921,23.124035,109.168896,86.415705,22.753191
105.440557,82.271489,23.169068,108.778211,85.935396,22.842814
105.357735,82.277720,23.080015,108.969892,86.231581,22.738311
105.304741,82.226544,23.078198,108.963587,86.104215,22.859372
105.331484,82.217596,23.113888,108.842332,85.951954,22.890378
105.224960,82.091638,23.133322,108.676673,85.888578,22.788094
105.212456,82.102814,23.109643,108.658896,85.823662,22.835234
105.173022,82.010388,23.162634,108.694332,85.775642,22.918690
105.121061,81.980446,23.140615,108.574806,85.771807,22.802999
105.048110,81.924621,23.123489,108.822574,86.023110,22.799464
105.073548,81.937371,23.136177,108.807554,86.011558,22.795996
104.978705,81.808222,23.170483,108.549422,85.706635,22.842787
104.972260,81.793493,23.178767,108.571963,85.676888,22.895075
104.935273,81.781135,23.154138,108.593381,85.722524,22.870857
104.866614,81.638790,23.227824,108.696152,85.767987,22.928165
104.857925,81.631184,23.226741,108.607366,85.743566,22.863799
104.790847,81.599916,23.190931,108.398254,85.497208,22.901046
104.683564,81.452546,23.231018,108.509230,85.703072,22.806158
104.715172,81.481875,23.233297,108.381905,85.542667,22.839237
104.715032,81.516561,23.198471,108.495392,85.576251,22.919141
104.625915,81.353124,23.272791,108.185025,85.220348,22.964677
104.518424,81.330549,23.187875,108.424809,85.539109,22.885699
104.577879,81.360743,23.217136,108.267714,85.376490,22.891225
104.582625,81.325033,23.257592,108.283930,85.289301,22.994630
104.493073,81.280525,23.212548,108.371320,85.419817,22.951502
104.379240,81.189124,23.190116,108.174529,85.270576,22.903954
104.390229,81.213593,23.176635,108.321269,85.460601,22.860669
104.387348,81.108004,23.279344,108.013831,85.084147,22.929685
104.307596,81.058570,23.249026,107.993430,85.031212,22.962218
