208.621171,202.159338,6.461832,185.994062,179.049624,6.944438
175.541141,168.386659,7.154482,166.349900,158.874437,7.475462
160.447827,152.965990,7.481837,155.227424,147.737593,7.489831
153.161653,145.593204,7.568450,151.035631,143.465435,7.570196
150.078914,142.469003,7.609912,148.906184,141.282606,7.623578
147.744976,140.149177,7.595799,147.283330,139.705737,7.577595
146.018476,138.421315,7.597161,144.467618,136.866637,7.600981
144.276016,136.672314,7.603702,143.657655,136.064431,7.593223
143.357377,135.709523,7.647854,143.049320,135.377076,7.672244
142.245954,134.565372,7.680583,142.230733,134.569030,7.661703
141.634698,133.953490,7.681208,141.678923,133.982013,7.696910
141.257526,133.562750,7.694776,140.628708,132.956717,7.671991
140.755640,133.067524,7.688116,140.446229,132.757695,7.688534
140.044972,132.374499,7.670473,139.701372,132.051851,7.649521
139.300199,131.636883,7.663316,139.298745,131.640944,7.657801
138.722230,131.050694,7.671536,138.794241,131.117131,7.677111
138.374367,130.692399,7.681967,138.358835,130.677980,7.680854
137.977182,130.274990,7.702192,137.455680,129.761587,7.694093
137.396501,129.697844,7.698657,138.304916,130.621781,7.683135
137.151301,129.460343,7.690957,137.572269,129.888108,7.684161
136.717579,129.032337,7.685243,136.669915,129.003602,7.666313
136.304651,128.627379,7.677272,135.812878,128.148252,7.664626
135.939160,128.247637,7.691523,136.244920,128.554193,7.690727
135.711284,128.017157,7.694127,135.827109,128.137196,7.689912
135.540236,127.823603,7.716633,135.556424,127.863727,7.692697
135.236222,127.512822,7.723400,135.777736,128.044929,7.732807
134.801094,127.094068,7.707026,134.949997,127.259122,7.690875
134.836751,127.126898,7.709853,135.120083,127.417511,7.702573
134.650370,126.942002,7.708368,135.049991,127.344846,7.705145
134.389281,126.674822,7.714459,135.000382,127.299596,7.700785
134.266093,126.541518,7.724575,134.737260,127.018206,7.719053
134.019741,126.285809,7.733932,134.347613,126.619459,7.728154
133.654199,125.931768,7.722431,133.838623,126.121740,7.716884
133.450319,125.719340,7.730978,133.899277,126.201422,7.697854
133.385523,125.661749,7.723774,133.511969,125.807373,7.704595
133.324813,125.585067,7.739747,133.634745,125.897783,7.736962
133.055291,125.313165,7.742126,133.372888,125.660259,7.712629
132.894593,125.151398,7.743195,133.509311,125.783669,7.725642
132.803893,125.059727,7.744166,133.050113,125.322066,7.728047
132.750362,124.999406,7.750955,133.244980,125.509176,7.735804
132.493978,124.736445,7.757534,133.256052,125.514839,7.741212
132.706477,124.946905,7.759572,133.737837,125.996549,7.741288
132.536293,124.777077,7.759216,133.509527,125.766985,7.742543
132.285248,124.520395,7.764853,132.676575,124.933351,7.743224
132.258199,124.489674,7.768525,134.002787,126.253566,7.749222
132.074437,124.312988,7.761449,132.203328,124.466646,7.736681
131.887327,124.122953,7.764374,132.584002,124.841247,7.742754
131.849794,124.092720,7.757073,132.552914,124.829856,7.723058
131.864963,124.109120,7.755843,133.371767,125.637503,7.734263
131.832480,124.064542,7.767938,131.912027,124.177130,7.734897
131.790683,124.022843,7.767840,132.208514,124.469120,7.739394
131.464365,123.693094,7.771271,132.697403,124.943877,7.753527
131.374362,123.601642,7.772720,132.332602,124.588890,7.743712
131.274807,123.495286,7.779522,132.243382,124.498768,7.744614
131.025936,123.246093,7.779842,131.485751,123.743168,7.742583
130.862533,123.091051,7.771482,132.187333,124.453397,7.733935
130.947505,123.174226,7.773279,132.096235,124.360777,7.735459
130.760465,122.987705,7.772760,132.017158,124.276673,7.740484
130.735595,122.966897,7.768698,131.370813,123.629419,7.741394
130.698283,122.919886,7.778397,132.113067,124.370385,7.742683
130.544889,122.767587,7.777302,131.640542,123.895411,7.745130
130.533356,122.748105,7.785251,131.984896,124.239115,7.745781
130.323908,122.537443,7.786465,131.971582,124.225320,7.746263
130.419718,122.632189,7.787529,131.170329,123.414589,7.755740
130.361140,122.570590,7.790550,131.567969,123.801752,7.766218
130.322418,122.534547,7.787871,131.334840,123.570044,7.764795
130.131644,122.337224,7.794420,131.329523,123.573301,7.756222
130.125374,122.340743,7.784632,131.720288,123.968195,7.752093
130.140938,122.350196,7.790743,131.141914,123.386229,7.755686
129.998761,122.216882,7.781879,130.876891,123.132139,7.744752
129.897697,122.115245,7.782452,131.807639,124.038992,7.768647
129.974590,122.188140,7.786450,130.913521,123.155180,7.758341
129.760160,121.966803,7.793357,131.309198,123.540129,7.769069
129.882747,122.086569,7.796178,130.901667,123.138012,7.763655
129.677318,121.877326,7.799992,131.244744,123.466880,7.777864
129.765481,121.962534,7.802948,130.940257,123.173876,7.766382
129.709332,121.905986,7.803346,131.600577,123.826886,7.773691
129.701920,121.900423,7.801497,130.633795,122.876547,7.757248
129.626446,121.821567,7.804879,131.390018,123.606255,7.783762
129.670048,121.863735,7.806314,131.030860,123.264700,7.766160
129.412323,121.601853,7.810470,131.166965,123.388151,7.778813
129.559065,121.745742,7.813323,131.158001,123.376688,7.781314
129.332746,121.511898,7.820848,130.896129,123.104533,7.791597
129.387215,121.562336,7.824880,130.920196,123.128551,7.791645
129.084978,121.261799,7.823179,130.928701,123.151386,7.777315
129.205248,121.388010,7.817238,130.794700,123.010921,7.783778
129.261080,121.445991,7.815088,130.579162,122.793806,7.785356
129.203334,121.380401,7.822932,130.953651,123.180237,7.773414
129.329070,121.514357,7.814712,130.917460,123.128305,7.789155
129.185851,121.365798,7.820053,130.214633,122.427527,7.787106
129.013130,121.186570,7.826561,130.286296,122.507419,7.778876
129.003502,121.176088,7.827414,130.901747,123.099430,7.802317
129.071621,121.238285,7.833336,130.409357,122.599986,7.809370
129.110008,121.281786,7.828222,130.698316,122.904326,7.793990
129.298982,121.459703,7.839279,130.805487,122.995466,7.810021
128.974444,121.129470,7.844974,130.942408,123.133289,7.809119
128.931495,121.088411,7.843084,130.488998,122.686354,7.802644
128.997362,121.150926,7.846437,130.210958,122.399628,7.811331
129.068580,121.214137,7.854442,130.737769,122.917310,7.820459
128.901306,121.048911,7.852395,130.999908,123.177491,7.822416
128.901649,121.045046,7.856603,130.864833,123.045634,7.819199
128.737362,120.885668,7.851694,130.738111,122.924735,7.813375
128.788637,120.936981,7.851656,131.101022,123.288041,7.812981
128.652244,120.796824,7.855420,130.226752,122.412867,7.813885
128.854938,120.995862,7.859076,130.469172,122.649597,7.819575
128.796271,120.930700,7.865571,130.571163,122.749290,7.821874
128.833269,120.970162,7.863107,130.677575,122.850432,7.827142
128.959787,121.091095,7.868692,130.410808,122.585881,7.824926
128.597419,120.733645,7.863773,130.633250,122.809528,7.823722
128.927472,121.057464,7.870008,131.081258,123.249667,7.831591
128.744422,120.867384,7.877037,130.435697,122.592011,7.843685
128.698893,120.820409,7.878484,130.215436,122.381368,7.834067
128.542990,120.672668,7.870322,130.332730,122.510208,7.822523
128.589346,120.723639,7.865708,130.292892,122.471055,7.821837
128.622390,120.762916,7.859475,130.348532,122.519613,7.828920
128.686917,120.816958,7.869958,130.770444,122.937814,7.832629
128.583739,120.717380,7.866360,130.320672,122.494785,7.825887
128.346560,120.471890,7.874671,130.727793,122.893879,7.833914
128.500116,120.624526,7.875590,130.777096,122.934497,7.842600
128.376702,120.487841,7.888861,129.856441,122.012183,7.844258
128.441224,120.551434,7.889791,131.103937,123.252713,7.851225
128.288141,120.399176,7.888965,130.161357,122.307252,7.854105
128.389162,120.496178,7.892985,130.345806,122.498790,7.847016
128.402288,120.513601,7.888687,129.957498,122.118231,7.839268
128.330725,120.442882,7.887843,130.477150,122.628462,7.848688
128.543797,120.660683,7.883115,130.634945,122.789478,7.845467
128.365703,120.476153,7.889550,130.310287,122.454422,7.855864
128.432376,120.539355,7.893020,130.235778,122.383322,7.852456
128.437166,120.542483,7.894683,130.476876,122.619521,7.857354
128.681037,120.787055,7.893981,130.882452,123.038821,7.843631
128.532544,120.641631,7.890913,130.159041,122.306790,7.852251
128.080651,120.190198,7.890453,129.967129,122.114709,7.852420
128.210497,120.312823,7.897674,130.282412,122.442395,7.840016
128.423044,120.532948,7.890095,130.765623,122.918577,7.847046
128.299517,120.403263,7.896254,130.490887,122.639936,7.850952
128.266100,120.369823,7.896277,129.962603,122.119335,7.843268
128.242057,120.354999,7.887058,130.316542,122.472581,7.843961
128.148366,120.255030,7.893335,130.490968,122.638483,7.852485
128.252987,120.364134,7.888853,131.077202,123.226070,7.851132
128.284608,120.391272,7.893337,130.789589,122.934786,7.854802
128.225885,120.328327,7.897559,130.843213,122.977101,7.866112
128.165605,120.259930,7.905675,130.710589,122.844325,7.866264
128.143612,120.242790,7.900822,130.427223,122.563219,7.864004
128.263402,120.355985,7.907418,130.132069,122.262627,7.869442
128.169781,120.261478,7.908304,130.371805,122.503982,7.867824
128.178453,120.269326,7.909126,130.791777,122.918096,7.873681
128.240903,120.327597,7.913306,130.414052,122.547193,7.866859
128.253555,120.340594,7.912961,130.863448,122.985180,7.878268
128.131899,120.211965,7.919934,130.634420,122.755246,7.879174
128.275563,120.360385,7.915178,130.338949,122.466813,7.872135
128.176898,120.260624,7.916274,130.169826,122.290701,7.879125
128.239820,120.319006,7.920814,131.356842,123.481258,7.875584
128.174501,120.245351,7.929150,130.453398,122.564326,7.889072
128.054390,120.125920,7.928470,130.457000,122.572933,7.884067
128.042215,120.107975,7.934240,130.386252,122.495439,7.890813
128.144991,120.214143,7.930848,130.844184,122.947867,7.896317
128.206000,120.273637,7.932364,130.567141,122.678688,7.888453
127.998761,120.072069,7.926693,130.496058,122.607808,7.888251
128.049091,120.118049,7.931041,130.409133,122.524991,7.884142
128.299456,120.366447,7.933008,130.663468,122.769139,7.894330
