241.948640,238.440466,3.508173,190.517030,185.913893,4.603135
174.017922,164.869724,9.148197,158.213882,145.109567,13.104315
152.263439,137.744689,14.518750,144.501664,128.540407,15.961257
141.571103,124.455140,17.115963,137.495061,119.542288,17.952773
135.755812,117.249316,18.506497,132.429575,113.545076,18.884498
131.649817,112.316972,19.332844,128.860218,109.219628,19.640590
128.616596,108.742046,19.874550,126.881889,106.785110,20.096779
126.285490,106.074807,20.210684,124.405730,103.884475,20.521254
124.405204,103.774303,20.630901,122.926788,102.034484,20.892304
122.944000,101.963643,20.980357,121.635408,100.427758,21.207650
121.603212,100.404785,21.198427,120.427695,99.059086,21.368609
120.519421,99.096904,21.422517,119.379071,97.981529,21.397543
119.524892,97.993145,21.531746,118.854424,97.149106,21.705318
118.642127,96.918501,21.723627,117.933553,96.135512,21.798041
117.872285,96.043138,21.829147,117.455087,95.598622,21.856465
117.050689,95.160257,21.890433,116.676827,94.830452,21.846376
116.420355,94.382803,22.037552,115.657930,93.577617,22.080314
115.840265,93.689829,22.150437,115.345018,93.160968,22.184050
115.162377,92.979764,22.182613,115.208007,92.993726,22.214281
114.675604,92.388662,22.286942,114.245862,91.960932,22.284930
114.112389,91.827823,22.284566,113.708787,91.526262,22.182525
113.560091,91.285426,22.274665,113.483340,91.354181,22.129159
113.164891,90.827399,22.337492,112.892299,90.623878,22.268422
112.785613,90.362743,22.422870,112.681840,90.254418,22.427422
112.301208,89.821390,22.479819,112.360188,89.894405,22.465783
111.880250,89.387221,22.493029,111.950329,89.485317,22.465012
111.616399,89.062215,22.554184,111.804921,89.274486,22.530435
111.154077,88.629650,22.524427,111.630477,89.126214,22.504263
110.862652,88.283025,22.579627,111.115804,88.730065,22.385739
110.575386,88.006346,22.569040,110.673719,88.115369,22.558351
110.156137,87.559761,22.596376,110.500404,87.938089,22.562315
109.906670,87.237225,22.669445,110.250275,87.551974,22.698302
109.580308,86.904614,22.675693,109.884243,87.225800,22.658444
109.336017,86.664419,22.671597,109.797362,87.182051,22.615312
109.114741,86.368719,22.746022,109.687973,86.823801,22.864172
108.852325,86.003911,22.848413,109.286763,86.572921,22.713842
108.589640,85.845267,22.744373,109.092920,86.445981,22.646940
108.389276,85.632057,22.757219,108.590575,85.934373,22.656202
108.160621,85.374809,22.785812,108.647850,85.876813,22.771037
107.918358,85.098885,22.819473,108.512264,85.720112,22.792153
107.716185,84.896808,22.819377,108.245226,85.522327,22.722899
107.505226,84.729070,22.776156,108.124431,85.513550,22.610881
107.377888,84.601152,22.776736,108.019970,85.272002,22.747968
107.138670,84.323163,22.815507,107.953629,85.213029,22.740600
107.048463,84.243440,22.805023,107.625314,84.894008,22.731305
106.808464,84.008296,22.800167,107.427227,84.672953,22.754273
106.608410,83.834345,22.774065,107.490862,84.783401,22.707460
106.420940,83.676677,22.744264,107.255892,84.573747,22.682145
106.240710,83.489119,22.751591,107.171045,84.418782,22.752263
106.106400,83.387946,22.718454,106.958590,84.298245,22.660345
105.935381,83.186719,22.748662,106.799221,84.121607,22.677614
105.840806,83.089976,22.750829,106.887353,84.315414,22.571939
105.687944,82.932343,22.755602,106.581738,83.932506,22.649232
105.505303,82.719765,22.785538,106.584271,83.797938,22.786333
105.425617,82.595550,22.830068,106.267793,83.538783,22.729011
105.250368,82.406968,22.843400,106.165386,83.400132,22.765254
105.139391,82.319334,22.820057,106.463688,83.749026,22.714663
105.015866,82.174155,22.841712,106.312233,83.534897,22.777335
104.942567,82.114414,22.828152,105.993746,83.234450,22.759297
104.827303,82.012542,22.814762,105.972812,83.184505,22.788307
104.715621,81.881180,22.834441,105.659662,82.931417,22.728245
104.584736,81.814994,22.769742,106.026938,83.331052,22.695887
104.539566,81.710815,22.828752,105.710833,83.048829,22.662004
104.406850,81.528839,22.878011,105.530473,82.785396,22.745077
104.383836,81.469492,22.914345,105.504163,82.709323,22.794841
104.268250,81.384136,22.884113,105.714542,83.021932,22.692610
104.168658,81.267698,22.900960,105.552829,82.746017,22.806812
104.052096,81.092444,22.959651,105.475343,82.604518,22.870826
104.005357,81.058314,22.947043,105.494357,82.697535,22.796822
104.002055,81.027380,22.974675,105.230814,82.337748,22.893066
103.871219,80.960115,22.911103,105.232180,82.432587,22.799593
103.808723,80.896115,22.912608,105.230708,82.400709,22.829998
103.767851,80.833297,22.934554,105.405486,82.654790,22.750697
103.604943,80.638215,22.966728,105.108816,82.176237,22.932580
103.654901,80.678237,22.976664,105.206092,82.292079,22.914014
103.598980,80.605867,22.993113,105.245300,82.327826,22.917474
103.403729,80.440261,22.963468,105.002438,82.207300,22.795138
103.430528,80.438541,22.991987,104.982043,82.171147,22.810897
103.336325,80.388134,22.948191,104.929040,82.062923,22.866117
103.347732,80.345276,23.002457,104.880867,81.962477,22.918390
103.205246,80.220855,22.984391,104.638523,81.759866,22.878658
103.196565,80.194328,23.002237,104.738401,81.803347,22.935054
103.063204,80.087384,22.975820,104.991805,81.995161,22.996645
103.039171,80.009302,23.029869,105.059540,82.067809,22.991731
102.980590,79.913882,23.066709,104.765478,81.885702,22.879776
102.932401,79.891843,23.040557,104.910564,81.952692,22.957872
102.907766,79.887351,23.020415,104.576953,81.696310,22.880643
102.815179,79.777225,23.037954,104.541556,81.595642,22.945915
102.753321,79.685829,23.067492,104.740447,81.786650,22.953797
102.712933,79.654297,23.058636,104.604296,81.680754,22.923542
102.694715,79.650934,23.043781,104.772146,81.837039,22.935106
102.676453,79.603859,23.072595,104.837038,81.920205,22.916833
102.593988,79.558824,23.035164,104.407289,81.474781,22.932508
102.492425,79.439261,23.053164,104.554725,81.697848,22.856877
102.449719,79.382677,23.067042,104.616376,81.681134,22.935242
102.480636,79.387859,23.092778,104.272467,81.252079,23.020388
102.370656,79.314982,23.055674,104.479594,81.595726,22.883868
102.358244,79.283518,23.074727,104.642844,81.681633,22.961211
102.354389,79.269103,23.085286,104.729244,81.738560,22.990684
102.284145,79.223635,23.060510,104.575155,81.649443,22.925713
102.289524,79.216992,23.072532,104.392432,81.348352,23.044080
102.236518,79.085359,23.151159,104.375322,81.304632,23.070691
102.155800,79.064702,23.091098,104.463600,81.522919,22.940681
102.183354,79.102408,23.080947,104.394504,81.429683,22.964821
102.092492,78.991155,23.101337,104.330126,81.335356,22.994770
101.973161,78.913371,23.059791,104.569319,81.620866,22.948453
102.013209,78.941919,23.071290,104.444199,81.526022,22.918177
101.974525,78.921080,23.053445,104.454610,81.643262,22.811348
102.010662,78.983106,23.027556,104.162120,81.257582,22.904539
101.882068,78.812312,23.069756,104.129396,81.149944,22.979453
101.872194,78.773882,23.098311,104.292360,81.332894,22.959466
101.803930,78.709180,23.094750,104.369705,81.427027,22.942679
101.778107,78.722969,23.055138,104.035241,81.183811,22.851430
101.741573,78.683470,23.058103,104.126319,81.198059,22.928259
101.757926,78.714016,23.043910,104.024901,81.217375,22.807526
101.706954,78.662069,23.044885,104.189318,81.213255,22.976063
101.665615,78.633463,23.032152,103.868607,80.928850,22.939757
101.563588,78.534136,23.029452,104.107893,81.152350,22.955542
101.686798,78.595629,23.091169,104.351790,81.426719,22.925071
101.599300,78.543310,23.055990,104.029673,81.034700,22.994973
101.596887,78.560948,23.035939,104.343472,81.405662,22.937809
101.579981,78.523183,23.056797,104.099510,81.177148,22.922362
101.584592,78.515398,23.069194,104.311502,81.298370,23.013131
101.452437,78.392499,23.059938,104.084350,81.104214,22.980136
101.439937,78.383607,23.056330,104.078881,81.109280,22.969601
101.444835,78.369952,23.074883,104.218574,81.240758,22.977816
101.396660,78.339070,23.057590,103.972707,81.063783,22.908923
101.309581,78.232944,23.076637,103.928809,80.936144,22.992665
101.340661,78.242083,23.098579,103.691234,80.740544,22.950690
101.262600,78.176788,23.085812,103.726411,80.810442,22.915969
101.295549,78.248085,23.047464,103.896994,80.935811,22.961182
101.292116,78.187440,23.104676,103.974043,80.998292,22.975751
101.208734,78.156441,23.052293,104.019891,81.007342,23.012549
101.236491,78.127184,23.109307,103.859249,80.896728,22.962521
101.165008,78.062760,23.102248,103.866165,80.882797,22.983368
101.135063,78.053660,23.081403,103.915751,80.913993,23.001758
101.145758,78.025454,23.120304,104.036861,81.099083,22.937778
101.159020,78.067937,23.091083,103.883355,80.860716,23.022640
101.130347,78.000742,23.129605,104.025479,81.079537,22.945942
101.039208,77.948041,23.091168,103.890060,80.955123,22.934938
101.029721,77.916718,23.113003,104.176403,81.231207,22.945195
101.025187,77.919236,23.105951,103.648545,80.648572,22.999974
101.114797,77.988985,23.125812,103.833480,80.838434,22.995045
101.084874,77.968166,23.116709,103.794561,80.773946,23.020615
101.008228,77.907642,23.100586,103.748925,80.828652,22.920272
100.930830,77.830222,23.100608,103.954490,80.958116,22.996375
100.971001,77.849896,23.121106,103.778633,80.812093,22.966540
100.909828,77.757885,23.151943,103.830060,80.849089,22.980971
100.835804,77.737671,23.098133,103.738625,80.756247,22.982378
100.880158,77.747514,23.132644,103.764241,80.854156,22.910086
100.883944,77.747581,23.136363,103.665025,80.656478,23.008547
100.844520,77.711112,23.133408,103.815404,80.796065,23.019340
100.819201,77.674046,23.145155,103.764039,80.753049,23.010990
100.868281,77.698706,23.169574,104.035968,80.899527,23.136442
100.779115,77.598885,23.180231,103.701631,80.695929,23.005702
100.763795,77.617448,23.146347,103.651468,80.604217,23.047251
100.749004,77.588090,23.160915,103.903771,80.932430,22.971341
100.641725,77.527077,23.114648,103.794154,80.786627,23.007528
100.608507,77.467582,23.140925,103.695019,80.691200,23.003820
100.678086,77.517236,23.160850,103.726832,80.717277,23.009555
