248.539656,239.365209,9.174447,191.840124,187.742104,4.098021
175.734932,166.814496,8.920435,159.602378,146.371532,13.230846
153.187770,138.231440,14.956330,145.584397,129.076787,16.507609
142.857391,125.566992,17.290399,138.929809,120.788069,18.141740
136.868668,118.158329,18.710339,133.431989,113.970274,19.461716
132.505375,112.684814,19.820561,129.760221,109.461471,20.298749
129.526397,108.945664,20.580733,127.211100,106.184707,21.026393
127.165627,106.133694,21.031932,125.404722,104.097332,21.307390
125.414313,104.037717,21.376596,124.070164,102.615543,21.454620
123.894720,102.234254,21.660465,122.436411,100.705320,21.731091
122.530568,100.694459,21.836109,121.651757,99.806639,21.845118
121.445392,99.512286,21.933106,120.455595,98.374402,22.081193
120.518839,98.423105,22.095734,119.433255,97.386160,22.047095
119.572111,97.373733,22.198378,118.907514,96.697245,22.210269
118.837392,96.538709,22.298682,118.208932,95.851117,22.357816
118.025105,95.648845,22.376260,117.371469,95.062085,22.309383
117.401083,94.980017,22.421067,116.793372,94.206090,22.587282
116.785471,94.312372,22.473100,116.242129,93.783637,22.458492
116.238083,93.776635,22.461448,116.199966,93.687299,22.512666
115.606567,93.114394,22.492173,115.144223,92.508903,22.635320
115.183702,92.602493,22.581210,114.759147,92.132642,22.626505
114.731826,92.160841,22.570985,114.452736,91.869397,22.583339
114.319323,91.711393,22.607931,114.139603,91.589213,22.550390
113.862554,91.235461,22.627094,113.708342,91.110045,22.598298
113.429338,90.783237,22.646102,113.358176,90.719462,22.638714
113.120880,90.458974,22.661906,112.927150,90.370998,22.556152
112.700619,90.008853,22.691766,112.815302,90.155178,22.660124
112.367673,89.683840,22.683833,112.648632,90.096467,22.552164
112.064997,89.360906,22.704092,112.304201,89.526108,22.778093
111.730544,89.007159,22.723385,111.994036,89.491927,22.502109
111.392632,88.671584,22.721048,111.739386,89.109367,22.630019
111.125115,88.456023,22.669093,111.555999,88.940049,22.615950
110.878367,88.197651,22.680716,111.274411,88.639960,22.634451
110.611479,87.894185,22.717294,110.882293,88.191068,22.691225
110.231216,87.593816,22.637400,110.506207,87.916279,22.589928
109.999425,87.300423,22.699002,110.434585,87.723307,22.711279
109.753348,87.041816,22.711532,110.146037,87.418729,22.727308
109.539136,86.872682,22.666454,109.786340,87.253174,22.533166
109.209003,86.577493,22.631510,109.881462,87.300467,22.580995
108.984700,86.337635,22.647066,109.939458,87.301678,22.637780
108.750674,86.091659,22.659015,109.301191,86.719337,22.581854
108.468358,85.797537,22.670821,109.347288,86.729886,22.617402
108.354333,85.739421,22.614912,109.113281,86.480436,22.632845
108.078039,85.380112,22.697928,108.793139,86.148304,22.644834
107.852763,85.221589,22.631174,108.616898,86.097421,22.519477
107.680725,85.069044,22.611681,108.481353,85.825528,22.655826
107.523464,84.886569,22.636895,108.340053,85.834791,22.505262
107.406632,84.744877,22.661754,108.299020,85.750490,22.548530
107.143879,84.573036,22.570843,107.851179,85.295676,22.555503
106.994401,84.364223,22.630178,107.656668,85.137465,22.519203
106.819711,84.253112,22.566599,107.676676,85.148324,22.528352
106.687371,84.061949,22.625422,107.592903,85.006391,22.586511
106.494488,83.867685,22.626803,107.380999,84.798366,22.582633
106.318921,83.711041,22.607880,107.180299,84.756347,22.423952
106.155338,83.603631,22.551707,107.057902,84.541244,22.516657
106.010820,83.450512,22.560309,107.107655,84.573162,22.534493
105.820818,83.292257,22.528562,106.970383,84.494650,22.475733
105.840767,83.297257,22.543510,106.812720,84.328019,22.484701
105.619297,83.065131,22.554166,106.663311,84.175706,22.487604
105.473219,82.929851,22.543368,106.661178,84.242583,22.418595
105.326186,82.788838,22.537349,106.318703,83.870667,22.448035
105.191934,82.671050,22.520883,106.345696,83.939295,22.406401
105.188184,82.594341,22.593844,106.056029,83.613260,22.442769
104.952577,82.450642,22.501935,106.106973,83.701285,22.405689
104.873830,82.326683,22.547147,106.141076,83.612835,22.528241
104.773192,82.198006,22.575185,106.026292,83.511016,22.515277
104.609543,82.104237,22.505307,105.774292,83.251166,22.523126
104.580710,82.046018,22.534693,105.783926,83.379090,22.404835
104.454495,81.949049,22.505446,105.617052,83.168187,22.448866
104.301744,81.789980,22.511764,105.742838,83.194213,22.548625
104.293491,81.765905,22.527586,105.469891,83.034080,22.435812
104.194154,81.678108,22.516045,105.557332,83.119824,22.437508
103.982693,81.483427,22.499266,105.371015,82.987169,22.383847
103.967385,81.450274,22.517111,105.436002,82.941371,22.494631
103.833930,81.326812,22.507118,105.284641,82.871041,22.413600
103.781375,81.301442,22.479933,104.954164,82.516985,22.437178
103.714034,81.183378,22.530656,105.085428,82.665599,22.419829
103.666497,81.155402,22.511096,105.258820,82.783233,22.475587
103.531724,81.016650,22.515074,105.109323,82.689571,22.419751
103.397231,80.917738,22.479494,104.821306,82.353164,22.468142
103.376148,80.892096,22.484052,104.874489,82.509868,22.364621
103.291442,80.858573,22.432870,104.682655,82.316865,22.365790
103.199884,80.767707,22.432178,104.759727,82.403548,22.356179
103.125538,80.695490,22.430048,104.525377,82.279637,22.245740
103.056888,80.622993,22.433894,104.650401,82.244263,22.406138
103.005337,80.541713,22.463624,104.571040,82.217969,22.353072
102.871051,80.408046,22.463005,104.519733,82.152571,22.367162
102.833428,80.424092,22.409336,104.421590,82.030677,22.390913
102.763347,80.336248,22.427099,104.517118,82.150554,22.366563
102.685337,80.223628,22.461709,104.413818,82.061488,22.352330
102.738936,80.218444,22.520492,104.312484,81.876968,22.435516
102.530339,80.007860,22.522479,104.163913,81.751545,22.412367
102.589646,80.066336,22.523311,104.335883,81.887620,22.448264
102.465989,80.004823,22.461166,104.038633,81.711425,22.327209
102.405324,79.922696,22.482628,104.075609,81.588263,22.487346
102.294461,79.843061,22.451400,104.013024,81.670910,22.342114
102.286499,79.816254,22.470245,103.933298,81.519876,22.413421
102.184682,79.688852,22.495831,104.113327,81.667616,22.445712
102.149455,79.665906,22.483548,103.938802,81.484128,22.454674
102.070148,79.616413,22.453735,103.841702,81.572364,22.269337
102.040272,79.645162,22.395111,103.805611,81.426229,22.379382
102.008478,79.578350,22.430128,103.779717,81.490905,22.288812
101.963693,79.508412,22.455281,103.728508,81.321883,22.406624
101.822956,79.378646,22.444310,103.867551,81.612880,22.254671
101.784036,79.366352,22.417683,103.643321,81.311814,22.331507
101.766862,79.328891,22.437971,103.502898,81.139558,22.363339
101.684493,79.246172,22.438321,103.635304,81.272149,22.363155
101.698172,79.248123,22.450049,103.729422,81.351878,22.377544
101.676610,79.212683,22.463927,103.439710,81.070911,22.368798
101.558537,79.106863,22.451674,103.656022,81.312872,22.343149
101.572352,79.112335,22.460017,103.623753,81.247202,22.376551
101.493530,79.053315,22.440216,103.431376,81.166698,22.264678
101.515677,79.024223,22.491454,103.340875,80.940353,22.400523
101.404888,78.923971,22.480916,103.440336,81.135359,22.304977
101.419458,78.985441,22.434017,103.514521,81.066977,22.447544
101.408519,78.895516,22.513002,103.338461,80.950769,22.387692
101.269209,78.845366,22.423843,103.101823,80.761685,22.340139
101.228636,78.788285,22.440351,103.220411,80.889708,22.330703
101.184887,78.737321,22.447565,103.167693,80.809810,22.357882
101.164260,78.749549,22.414711,103.095542,80.801710,22.293833
101.184604,78.755619,22.428985,103.078580,80.751136,22.327444
101.073682,78.623750,22.449932,103.097683,80.802592,22.295092
101.062046,78.605657,22.456389,103.059709,80.661101,22.398608
100.984613,78.549175,22.435438,102.983368,80.704708,22.278661
100.936665,78.524870,22.411795,103.038529,80.700852,22.337677
100.957302,78.510127,22.447175,103.004821,80.640387,22.364435
100.993295,78.510144,22.483151,103.108698,80.684296,22.424401
100.904457,78.403580,22.500878,102.903851,80.478730,22.425121
100.797159,78.298053,22.499107,102.745350,80.433919,22.311432
100.856423,78.361883,22.494540,102.957455,80.488471,22.468984
100.844639,78.329873,22.514766,103.055281,80.563518,22.491763
100.753324,78.235605,22.517719,102.707637,80.260617,22.447020
100.719672,78.225440,22.494232,102.813720,80.440472,22.373248
100.742665,78.229582,22.513083,102.782640,80.246616,22.536024
100.733317,78.179841,22.553477,102.920876,80.443559,22.477318
100.628383,78.101267,22.527115,102.904330,80.494053,22.410278
100.636851,78.133181,22.503670,102.863760,80.510253,22.353506
100.592971,78.070470,22.522501,102.695874,80.218915,22.476959
100.498962,77.978837,22.520125,102.798876,80.359089,22.439787
100.579829,78.051035,22.528795,103.058983,80.641471,22.417511
100.521516,77.989880,22.531635,102.805453,80.328701,22.476752
100.394313,77.872380,22.521932,102.633176,80.308918,22.324257
100.522090,77.944517,22.577573,103.146438,80.646542,22.499896
100.355959,77.802067,22.553892,102.779350,80.401526,22.377824
100.427254,77.846018,22.581236,102.790122,80.182827,22.607296
100.347762,77.791946,22.555815,102.778139,80.392062,22.386078
100.351498,77.767333,22.584165,102.680017,80.180155,22.499863
100.342710,77.786624,22.556086,102.818729,80.395757,22.422971
100.285665,77.716057,22.569607,102.599103,80.074659,22.524445
100.252345,77.694547,22.557799,102.486035,80.063829,22.422206
100.216155,77.650434,22.565721,102.484289,80.010039,22.474250
100.293763,77.690320,22.603444,102.453403,79.983273,22.470130
100.240890,77.698270,22.542621,102.657775,80.249739,22.408035
100.199921,77.620025,22.579897,102.633256,80.089338,22.543918
100.136486,77.543316,22.593170,102.458406,79.965742,22.492665
100.175104,77.583581,22.591523,102.472423,80.020899,22.451525
100.073332,77.490627,22.582705,102.639314,80.187268,22.452046
100.151161,77.576193,22.574968,102.537887,80.020504,22.517384
100.125339,77.504383,22.620956,102.337265,79.810383,22.526882
100.079487,77.430527,22.648960,102.639403,80.043955,22.595447
