249.144070,233.299432,15.844638,189.756719,184.247579,5.509140
171.211198,160.752497,10.458701,156.466714,142.253953,14.212761
150.374541,135.063375,15.311166,143.460523,126.860129,16.600393
140.245174,122.608852,17.636322,135.696015,117.321474,18.374541
134.069284,114.946799,19.122486,131.461434,111.505070,19.956364
130.065861,109.963407,20.102454,127.950597,107.570258,20.380338
127.197502,106.510874,20.686628,125.168840,104.316619,20.852221
125.030792,103.966174,21.064618,123.691453,102.486330,21.205123
123.129721,101.820048,21.309673,121.705717,100.165314,21.540403
121.740710,100.240386,21.500324,120.431083,98.876022,21.555061
120.484642,98.868190,21.616453,119.696355,97.906282,21.790073
119.588087,97.813884,21.774202,118.452201,96.684362,21.767839
118.514568,96.701987,21.812580,117.897624,96.135912,21.761712
117.804204,95.937301,21.866903,117.125420,95.109252,22.016168
116.965731,95.069867,21.895864,117.009533,94.976282,22.033251
116.302086,94.381520,21.920565,116.020064,94.202030,21.818034
115.742326,93.827221,21.915105,115.369604,93.473878,21.895726
115.115025,93.183770,21.931255,114.942550,93.076980,21.865570
114.535636,92.609210,21.926426,114.499294,92.581141,21.918154
113.956678,92.052723,21.903955,113.872265,91.984006,21.888259
113.516612,91.555858,21.960754,113.340967,91.392146,21.948821
112.994478,91.060390,21.934088,112.842468,90.864747,21.977720
112.515047,90.628063,21.886984,112.462685,90.616084,21.846600
112.142217,90.208360,21.933857,112.223940,90.224286,21.999653
111.717650,89.812994,21.904656,111.963033,90.006486,21.956546
111.285639,89.333860,21.951779,111.640270,89.716087,21.924183
110.902305,89.025647,21.876658,111.184137,89.359839,21.824298
110.541827,88.671394,21.870433,110.643597,88.968372,21.675225
110.215027,88.422577,21.792451,110.442867,88.646621,21.796247
109.861227,88.067242,21.793985,110.080505,88.373263,21.707242
109.470604,87.731783,21.738821,109.755900,88.088645,21.667255
109.015667,87.386656,21.629011,109.386429,87.774864,21.611565
108.731393,87.095733,21.635660,109.022527,87.432838,21.589688
108.441935,86.883389,21.558545,108.875847,87.351950,21.523898
108.092401,86.533161,21.559240,108.544758,86.947016,21.597742
107.743285,86.218060,21.525225,108.623526,87.113155,21.510372
107.470055,85.978057,21.491998,108.214497,86.825513,21.388984
107.224570,85.747910,21.476660,107.686997,86.213229,21.473768
106.951027,85.492604,21.458422,107.539504,86.179042,21.360462
106.770424,85.330205,21.440219,107.391255,86.071966,21.319289
106.500543,85.055976,21.444567,107.266227,85.826246,21.439981
106.263472,84.861674,21.401797,107.175289,85.881993,21.293296
106.006315,84.623645,21.382670,106.862136,85.575829,21.286306
105.832358,84.424150,21.408209,106.574757,85.184303,21.390453
105.571609,84.165423,21.406186,106.303536,84.893350,21.410186
105.360070,83.998416,21.361654,106.176484,84.973174,21.203310
105.155185,83.779698,21.375488,106.288943,84.893294,21.395649
105.010634,83.634492,21.376142,106.086766,84.710768,21.375998
104.798521,83.438666,21.359856,105.753577,84.387176,21.366400
104.581714,83.255517,21.326196,105.947453,84.658395,21.289058
104.460026,83.146781,21.313244,105.517726,84.176892,21.340834
104.300048,82.977771,21.322277,105.178587,83.976523,21.202065
104.097113,82.808176,21.288937,105.289137,84.148863,21.140274
103.996824,82.689154,21.307670,105.092075,83.841882,21.250193
103.806269,82.512494,21.293776,105.035971,83.861255,21.174716
103.705037,82.392421,21.312617,104.790152,83.455781,21.334371
103.539271,82.184204,21.355066,104.725650,83.403100,21.322551
103.430831,82.044101,21.386730,104.642285,83.295769,21.346516
103.302664,81.968905,21.333758,104.475014,83.168318,21.306696
103.150913,81.874588,21.276326,104.474131,83.225690,21.248441
102.931080,81.626023,21.305057,104.325126,83.095194,21.229932
102.915315,81.590911,21.324404,104.378262,83.165792,21.212470
102.748742,81.467824,21.280918,104.073371,82.872322,21.201050
102.655328,81.351095,21.304233,104.385715,83.055477,21.330239
102.491760,81.180728,21.311032,103.767127,82.516614,21.250512
102.372579,81.070548,21.302031,103.933471,82.642296,21.291175
102.307420,81.035148,21.272272,103.552429,82.325334,21.227095
102.147980,80.908595,21.239385,103.645447,82.487734,21.157713
101.980612,80.706199,21.274413,103.557911,82.320519,21.237392
101.913846,80.666494,21.247352,103.532577,82.227488,21.305088
101.868554,80.605383,21.263171,103.350440,82.176153,21.174287
101.739925,80.501946,21.237980,103.085412,82.048337,21.037075
101.616454,80.401955,21.214499,103.164541,82.183078,20.981463
101.558850,80.390470,21.168380,103.017261,81.877801,21.139460
101.522170,80.330562,21.191608,103.023475,81.805838,21.217638
101.369492,80.103682,21.265809,102.914933,81.767976,21.146957
101.264808,80.041290,21.223518,102.775502,81.727405,21.048097
101.151401,79.935395,21.216006,102.685311,81.369229,21.316082
101.141664,79.907868,21.233797,103.073380,81.869168,21.204210
100.999218,79.790054,21.209164,102.588359,81.520900,21.067459
100.960402,79.741587,21.218816,102.720734,81.605183,21.115551
100.834493,79.615838,21.218655,102.767121,81.659524,21.107597
100.828088,79.584966,21.243121,102.567550,81.440844,21.126706
100.737441,79.526319,21.211122,102.632134,81.480448,21.151686
100.724022,79.479969,21.244054,102.614810,81.394915,21.219894
100.583074,79.346994,21.236079,102.418348,81.294254,21.124093
100.570986,79.359474,21.211512,102.245790,81.216645,21.029145
100.536846,79.268146,21.268700,102.418470,81.315217,21.103253
100.412131,79.181289,21.230842,102.195309,81.016507,21.178803
100.452893,79.123839,21.329054,102.219317,80.916582,21.302735
100.363682,79.061770,21.301912,102.178371,80.963225,21.215146
100.307763,78.969224,21.338539,102.206567,80.934401,21.272166
100.206226,78.845023,21.361202,102.089363,80.850345,21.239018
100.157002,78.830231,21.326771,101.903642,80.510590,21.393052
100.127214,78.743317,21.383896,101.939907,80.631859,21.308048
100.011893,78.652965,21.358928,101.988383,80.702967,21.285416
100.005974,78.609845,21.396129,102.021350,80.758640,21.262709
99.955448,78.575737,21.379711,101.916362,80.719994,21.196367
99.933153,78.566859,21.366293,101.796954,80.597546,21.199408
99.841401,78.481769,21.359632,101.948395,80.630783,21.317613
99.897809,78.502289,21.395521,101.783985,80.424058,21.359927
99.778475,78.360506,21.417969,101.928529,80.649489,21.279040
99.799586,78.383306,21.416280,101.785186,80.437216,21.347970
99.742921,78.270665,21.472257,101.932773,80.444084,21.488689
99.699686,78.236648,21.463038,101.614536,80.286666,21.327870
99.610528,78.189036,21.421492,101.535615,80.264596,21.271018
99.546185,78.065116,21.481069,101.534086,80.165606,21.368480
99.559026,78.089936,21.469090,101.684406,80.368423,21.315983
99.517192,78.046656,21.470536,101.483675,80.148147,21.335528
99.446487,77.956042,21.490446,101.705070,80.295575,21.409495
99.402203,77.936715,21.465487,101.655797,80.235045,21.420751
99.400916,77.920017,21.480899,101.522447,80.173719,21.348729
99.331557,77.878309,21.453248,101.504719,80.174092,21.330627
99.287359,77.789684,21.497675,101.516058,80.070095,21.445963
99.265634,77.754856,21.510778,101.560903,80.155445,21.405458
99.250614,77.743131,21.507483,101.523168,80.051599,21.471569
99.177390,77.661467,21.515923,101.483882,79.970144,21.513738
99.151601,77.645919,21.505682,101.230511,79.864935,21.365576
99.134795,77.662271,21.472523,101.353080,79.957498,21.395582
99.058256,77.578265,21.479992,101.438414,80.086366,21.352048
99.117476,77.617056,21.500421,101.226556,79.663852,21.562703
99.040323,77.530543,21.509780,101.099910,79.780537,21.319373
98.976247,77.489715,21.486532,101.229838,79.799170,21.430669
99.042121,77.546100,21.496021,101.501768,80.013883,21.487885
98.910990,77.419983,21.491007,101.185085,79.759647,21.425437
98.913655,77.357610,21.556045,101.227378,79.860170,21.367208
98.870207,77.353234,21.516972,101.195375,79.765790,21.429585
98.810698,77.302060,21.508638,101.147135,79.855304,21.291831
98.762256,77.309560,21.452696,101.132550,79.752430,21.380120
98.787525,77.265706,21.521819,101.131760,79.659385,21.472374
98.757425,77.260489,21.496936,101.166788,79.699352,21.467436
98.730409,77.203709,21.526700,101.124085,79.657221,21.466864
98.631420,77.113412,21.518008,101.024189,79.580439,21.443750
98.625301,77.130481,21.494820,101.037851,79.685575,21.352276
98.595560,77.083128,21.512432,101.335219,79.864022,21.471197
98.627538,77.089879,21.537659,101.056785,79.617564,21.439222
98.608776,77.058652,21.550125,101.000743,79.526549,21.474193
98.528690,77.007305,21.521386,101.146510,79.703568,21.442942
98.546488,76.955126,21.591362,100.854217,79.291169,21.563048
98.518770,76.899457,21.619313,101.193465,79.633186,21.560278
98.382648,76.867061,21.515586,100.921769,79.512158,21.409611
98.436831,76.886506,21.550325,100.856340,79.389188,21.467152
98.366289,76.796798,21.569491,101.218501,79.675182,21.543319
98.402291,76.824236,21.578055,101.195792,79.656810,21.538982
98.391957,76.788134,21.603823,101.082877,79.591184,21.491693
98.285824,76.716558,21.569267,100.714913,79.231631,21.483282
98.334237,76.764540,21.569697,100.913397,79.389923,21.523474
98.278570,76.683455,21.595116,100.845644,79.338614,21.507030
98.188324,76.639157,21.549166,100.641374,79.108670,21.532704
98.221670,76.655917,21.565754,100.863742,79.370122,21.493620
98.222458,76.666379,21.556079,100.882337,79.365366,21.516971
98.194387,76.590050,21.604337,101.061141,79.601049,21.460092
98.122666,76.568878,21.553788,100.867644,79.348055,21.519589
98.107436,76.486705,21.620731,100.724837,79.190783,21.534055
98.062253,76.426171,21.636083,100.797721,79.328276,21.469445
98.033970,76.518540,21.515430,100.920582,79.414438,21.506144
98.084704,76.535769,21.548935,100.784801,79.271367,21.513434
98.076695,76.425089,21.651606,100.780809,79.241501,21.539307
98.030138,76.405503,21.624635,100.852597,79.316484,21.536114
98.013765,76.374316,21.639449,100.770635,79.166681,21.603954
