242.640186,238.644349,3.995836,190.114771,185.568753,4.546018
174.635425,165.723437,8.911988,158.461590,145.522059,12.939531
152.573202,138.542456,14.030747,145.745322,130.465071,15.280251
142.228936,125.776892,16.452044,137.748900,120.097390,17.651510
135.694452,117.523865,18.170587,131.950917,113.207863,18.743054
131.473951,112.302402,19.171549,129.046497,109.402217,19.644280
128.487719,108.651988,19.835731,126.270086,106.159978,20.110109
126.154496,105.849785,20.304712,124.598954,104.131870,20.467084
124.488260,103.791408,20.696852,122.868891,101.976892,20.892000
122.950115,101.988274,20.961841,121.556335,100.375579,21.180756
121.730374,100.530659,21.199716,120.491433,99.132410,21.359023
120.506899,99.110685,21.396214,119.453463,97.814706,21.638757
119.515464,98.041182,21.474282,118.700078,97.081820,21.618258
118.649520,96.949901,21.699619,117.951586,96.046938,21.904648
117.792338,95.988342,21.803996,117.187472,95.416057,21.771415
117.034698,95.145865,21.888833,116.375833,94.356501,22.019332
116.258935,94.250422,22.008513,115.673592,93.496367,22.177225
115.574358,93.495767,22.078591,115.082002,93.018750,22.063252
115.019976,92.907438,22.112537,114.360905,92.264110,22.096796
114.369472,92.178737,22.190735,114.060340,91.858013,22.202327
113.899051,91.664664,22.234387,113.603261,91.338314,22.264948
113.403544,91.101927,22.301618,113.281640,91.022405,22.259235
112.865187,90.584491,22.280696,112.762171,90.478662,22.283509
112.542228,90.231674,22.310554,112.524098,90.214894,22.309203
112.099994,89.749340,22.350654,111.918681,89.751432,22.167248
111.711386,89.420742,22.290644,111.964700,89.645434,22.319267
111.354173,89.025386,22.328787,111.533618,89.237258,22.296360
111.028978,88.680177,22.348801,111.170481,88.893589,22.276892
110.628018,88.353398,22.274621,110.669950,88.478878,22.191072
110.409334,88.143837,22.265496,110.663574,88.469650,22.193924
110.027497,87.757427,22.270070,110.642957,88.431435,22.211522
109.767919,87.535921,22.231998,110.206500,87.959847,22.246652
109.469546,87.249911,22.219635,109.889355,87.670340,22.219014
109.266644,87.004924,22.261719,109.725266,87.530350,22.194917
108.984081,86.788402,22.195679,109.424747,87.358579,22.066168
108.722911,86.538194,22.184717,109.607499,87.528633,22.078866
108.494992,86.356672,22.138320,108.855908,86.814185,22.041723
108.234422,86.074142,22.160280,108.622994,86.562000,22.060994
107.959088,85.876656,22.082432,108.758950,86.701133,22.057817
107.777646,85.755944,22.021702,108.426942,86.398083,22.028859
107.533072,85.497868,22.035204,108.150537,86.167796,21.982741
107.329313,85.290672,22.038640,108.164691,86.151160,22.013530
107.102896,85.091430,22.011466,107.739929,85.843541,21.896388
106.868340,84.835996,22.032344,107.710934,85.796725,21.914210
106.712268,84.644689,22.067579,107.400416,85.459611,21.940805
106.476979,84.416084,22.060895,107.312096,85.204800,22.107295
106.310269,84.253742,22.056527,107.214828,85.221946,21.992882
106.092200,84.043092,22.049108,106.747911,84.760625,21.987286
105.924453,83.867475,22.056978,106.978878,85.012717,21.966160
105.842831,83.774859,22.067972,106.620150,84.613851,22.006299
105.619167,83.470592,22.148575,106.479869,84.413147,22.066722
105.373056,83.249913,22.123142,106.126304,84.111768,22.014536
105.243803,83.108266,22.135537,106.576405,84.507188,22.069217
105.085756,82.924612,22.161145,106.053138,83.992637,22.060501
104.991900,82.795193,22.196707,105.966811,83.818965,22.147845
104.752238,82.565839,22.186399,105.844384,83.782431,22.061953
104.643007,82.476324,22.166683,105.732109,83.746931,21.985178
104.510979,82.339423,22.171556,105.752129,83.673348,22.078781
104.382800,82.174121,22.208679,105.594802,83.613118,21.981684
104.196000,82.042621,22.153379,105.414747,83.271521,22.143226
104.114244,81.873550,22.240694,105.257642,83.128446,22.129196
103.966051,81.776168,22.189882,105.112084,83.016437,22.095647
103.834208,81.619151,22.215057,105.093753,82.867743,22.226010
103.775710,81.499715,22.275995,104.747896,82.562515,22.185381
103.581641,81.297119,22.284522,104.885227,82.675391,22.209836
103.456854,81.220563,22.236290,104.704309,82.581787,22.122522
103.436834,81.140614,22.296220,104.522819,82.355839,22.166980
103.316834,81.056454,22.260380,104.584901,82.279289,22.305611
103.208679,80.924836,22.283843,104.368600,82.215673,22.152927
103.120570,80.820096,22.300474,104.489700,82.278649,22.211051
103.039127,80.737012,22.302115,104.503158,82.363385,22.139773
102.958732,80.622154,22.336579,104.365499,82.139170,22.226329
102.831863,80.493126,22.338737,104.609074,82.340236,22.268839
102.814590,80.413013,22.401577,104.211699,82.040938,22.170761
102.676608,80.334755,22.341854,104.230587,81.921521,22.309066
102.627794,80.235445,22.392350,104.295607,82.041292,22.254315
102.538213,80.181998,22.356215,104.075232,81.800728,22.274503
102.542756,80.156703,22.386052,104.087017,81.821975,22.265042
102.434382,80.014197,22.420185,103.829476,81.527951,22.301526
102.346257,79.903249,22.443008,103.961505,81.629203,22.332302
102.279826,79.831989,22.447836,104.033924,81.681042,22.352882
102.223102,79.776306,22.446795,103.745577,81.385431,22.360146
102.187563,79.722486,22.465077,103.713220,81.395023,22.318198
102.044782,79.610154,22.434628,103.735955,81.465354,22.270600
102.072782,79.572302,22.500481,104.047279,81.543064,22.504215
101.953011,79.377699,22.575312,103.787236,81.284989,22.502247
101.892340,79.369508,22.522832,103.710821,81.321671,22.389150
101.797254,79.263698,22.533556,103.640447,81.244922,22.395525
101.812571,79.274517,22.538055,103.837217,81.389643,22.447574
101.691388,79.199779,22.491609,103.574870,81.236388,22.338482
101.686033,79.149329,22.536704,103.396484,80.980728,22.415756
101.629101,79.080008,22.549094,103.579861,81.204674,22.375187
101.513921,78.999019,22.514902,103.404034,81.066814,22.337220
101.531892,78.985437,22.546454,103.229704,80.763516,22.466188
101.406160,78.861902,22.544258,103.123453,80.724922,22.398531
101.367248,78.849420,22.517829,103.220986,80.818038,22.402949
101.360372,78.810492,22.549880,103.314754,80.886806,22.427949
101.282652,78.686552,22.596101,103.338024,80.912674,22.425350
101.192151,78.588427,22.603724,103.048083,80.553961,22.494122
101.231249,78.681954,22.549296,103.208480,80.770868,22.437613
101.152745,78.581154,22.571591,103.293104,80.777834,22.515270
101.164320,78.564642,22.599677,103.257858,80.780997,22.476862
101.035793,78.399886,22.635907,103.175786,80.650750,22.525036
101.040140,78.424680,22.615460,103.276196,80.723034,22.553162
100.978102,78.341295,22.636807,103.236535,80.811606,22.424929
100.976323,78.317884,22.658439,103.318552,80.839198,22.479354
100.930539,78.279724,22.650815,103.145055,80.544597,22.600458
100.879562,78.204849,22.674714,103.224193,80.639203,22.584991
100.798711,78.137618,22.661093,103.051546,80.582280,22.469266
100.794976,78.108941,22.686035,102.863458,80.347034,22.516423
100.767457,78.073302,22.694155,102.903498,80.380197,22.523301
100.737906,78.045600,22.692306,102.932418,80.397427,22.534992
100.701751,78.036873,22.664878,102.919784,80.368627,22.551157
100.694838,77.967019,22.727819,102.837061,80.289865,22.547197
100.610017,77.922522,22.687495,102.770901,80.261535,22.509366
100.542155,77.879262,22.662893,102.747231,80.161668,22.585562
100.536563,77.801803,22.734761,102.823442,80.259714,22.563729
100.537334,77.826140,22.711194,102.758436,80.143336,22.615100
100.430166,77.662958,22.767207,102.785558,80.193012,22.592547
100.463927,77.742543,22.721383,102.857946,80.301655,22.556292
100.374044,77.638128,22.735916,102.706343,80.032717,22.673626
100.361029,77.603181,22.757848,102.664808,80.027831,22.636977
100.364660,77.616435,22.748226,102.887199,80.267672,22.619527
100.301671,77.532089,22.769582,102.717083,80.163273,22.553811
100.270863,77.514535,22.756328,102.613452,79.885025,22.728428
100.170411,77.376736,22.793675,102.412932,79.784554,22.628378
100.152526,77.392248,22.760279,102.674818,80.020220,22.654598
100.180447,77.344562,22.835885,102.750547,80.090127,22.660419
100.108287,77.359107,22.749180,102.609034,79.947929,22.661105
100.150837,77.327404,22.823433,102.505363,79.797127,22.708237
100.090875,77.268796,22.822078,102.597718,79.940142,22.657576
100.050911,77.246491,22.804420,102.610967,79.941504,22.669464
99.985518,77.155642,22.829876,102.413453,79.766673,22.646780
99.961195,77.172592,22.788602,102.402612,79.788525,22.614087
99.955737,77.125379,22.830358,102.209163,79.468567,22.740597
99.873211,77.050049,22.823163,102.363417,79.725250,22.638167
99.909013,77.079609,22.829404,102.635447,79.859918,22.775530
99.855339,77.038071,22.817268,102.337555,79.769494,22.568061
99.865525,77.071263,22.794262,102.599019,79.946244,22.652775
99.829602,77.042848,22.786754,102.430105,79.814899,22.615206
99.749531,76.922964,22.826567,102.419132,79.721186,22.697947
99.804204,76.921840,22.882364,102.304625,79.682157,22.622468
99.760744,76.931133,22.829612,102.363492,79.648266,22.715226
99.697969,76.798538,22.899430,102.517862,79.755378,22.762484
99.627299,76.744288,22.883011,102.320072,79.666195,22.653877
99.680279,76.792111,22.888168,102.341441,79.597787,22.743655
99.646207,76.727211,22.918996,102.343289,79.661341,22.681948
99.558624,76.655983,22.902641,102.106128,79.335802,22.770326
99.574260,76.699182,22.875079,102.530810,79.763335,22.767475
99.585700,76.673355,22.912345,102.226762,79.537912,22.688850
99.522438,76.622600,22.899839,102.178364,79.396842,22.781522
99.511269,76.597712,22.913557,102.394945,79.690490,22.704455
99.458114,76.564684,22.893430,102.389356,79.685521,22.703835
99.483101,76.569365,22.913736,102.260837,79.533470,22.727367
99.403259,76.503847,22.899412,102.384087,79.690343,22.693744
99.433552,76.518031,22.915522,102.360286,79.701846,22.658440
99.446782,76.563193,22.883588,102.301883,79.484867,22.817016
99.460929,76.551929,22.909000,102.304406,79.518998,22.785408
99.356871,76.429771,22.927100,102.061958,79.386867,22.675091
99.360527,76.423083,22.937444,102.332922,79.600716,22.732206
