206.830943,204.470630,2.360313,187.482688,183.900590,3.582098
174.173392,167.875569,6.297823,162.327881,154.210677,8.117204
155.577669,146.305687,9.271983,149.676672,139.692159,9.984512
146.848196,136.282993,10.565203,143.031139,131.988749,11.042390
141.001772,129.569464,11.432308,137.801791,125.847608,11.954183
136.802023,124.666616,12.135406,134.394575,121.988310,12.406265
133.609175,120.937716,12.671459,131.144278,118.150052,12.994226
130.898744,117.788949,13.109795,129.185958,115.860750,13.325208
128.656051,115.242966,13.413086,127.037643,113.338021,13.699621
126.941441,113.164432,13.777009,125.210725,111.252090,13.958635
125.377617,111.357167,14.020449,124.117919,110.057085,14.060834
124.236710,110.039691,14.197019,122.587135,108.208942,14.378193
122.927294,108.585578,14.341716,121.860714,107.531686,14.329028
122.052612,107.617123,14.435490,121.234097,106.800241,14.433856
121.306524,106.736363,14.570161,120.168630,105.568935,14.599695
120.467351,105.820854,14.646498,119.474032,104.900349,14.573683
119.583595,104.934451,14.649144,118.924180,104.341090,14.583090
118.936049,104.280242,14.655807,118.112858,103.518411,14.594447
118.340831,103.664478,14.676353,117.838879,103.198798,14.640082
117.639341,102.960319,14.679021,116.572209,101.778455,14.793754
117.014773,102.314398,14.700375,116.603431,101.857963,14.745469
116.441987,101.682340,14.759647,115.912151,101.188182,14.723970
115.909277,101.168783,14.740494,115.305502,100.541558,14.763945
115.438201,100.694660,14.743541,114.978402,100.461900,14.516502
114.967439,100.206494,14.760945,114.455494,99.678876,14.776618
114.419763,99.659994,14.759769,114.009771,99.238603,14.771168
113.995920,99.212063,14.783857,113.692755,99.025633,14.667122
113.617399,98.818440,14.798960,113.267306,98.458886,14.808421
113.121912,98.351739,14.770174,112.930991,98.240553,14.690439
112.791048,97.967732,14.823317,112.604117,97.880444,14.723673
112.374315,97.550098,14.824217,112.419492,97.635452,14.784040
112.175312,97.353641,14.821671,111.429239,96.548917,14.880322
111.735468,96.889283,14.846185,111.373360,96.601270,14.772090
111.431906,96.587218,14.844688,111.406590,96.496256,14.910335
111.172585,96.357369,14.815216,110.990045,96.257413,14.732631
110.855271,96.018125,14.837146,110.612921,95.832047,14.780874
110.538188,95.649522,14.888666,110.450962,95.659083,14.791879
110.327258,95.466389,14.860869,110.309343,95.451802,14.857541
110.107790,95.233738,14.874052,110.053394,95.234126,14.819268
109.828462,94.947617,14.880846,109.941349,95.118772,14.822578
109.651850,94.747454,14.904396,109.632530,94.787120,14.845410
109.402598,94.498584,14.904015,109.645325,94.763610,14.881715
109.218421,94.311755,14.906666,109.306425,94.428203,14.878222
109.006285,94.021253,14.985032,108.994295,94.002646,14.991649
108.771860,93.842763,14.929098,108.734954,93.783902,14.951051
108.620027,93.625047,14.994980,108.719378,93.797767,14.921610
108.423490,93.468863,14.954627,108.642668,93.669130,14.973538
108.341992,93.359870,14.982122,108.559299,93.703049,14.856251
108.103415,93.133393,14.970022,108.314940,93.334136,14.980803
107.945783,92.932311,15.013471,108.199101,93.223659,14.975442
107.787756,92.768270,15.019486,108.053370,93.098840,14.954530
107.759088,92.715619,15.043469,107.998835,93.061202,14.937633
107.521937,92.442850,15.079087,107.728089,92.787801,14.940287
107.457944,92.392798,15.065145,107.865316,92.862248,15.003069
107.379065,92.297969,15.081096,107.837919,92.581462,15.256457
107.234625,92.144893,15.089732,107.422900,92.287107,15.135793
107.080201,91.984315,15.095886,107.473534,92.384282,15.089252
107.003756,91.859858,15.143898,107.294319,92.307235,14.987084
106.948745,91.808356,15.140389,107.153593,92.053614,15.099979
106.844483,91.720455,15.124028,107.281825,92.115714,15.166112
106.739416,91.575489,15.163927,106.957414,91.786893,15.170521
106.621914,91.413198,15.208716,107.181718,92.090481,15.091237
106.595737,91.447094,15.148643,106.999562,91.827655,15.171906
106.566075,91.376067,15.190008,107.083224,91.896202,15.187022
106.434887,91.178502,15.256386,106.613232,91.437520,15.175712
106.215870,90.997985,15.217886,106.606276,91.481805,15.124471
106.292328,91.039864,15.252465,106.782884,91.533794,15.249090
106.205126,90.972940,15.232187,106.867490,91.737377,15.130113
106.122047,90.917083,15.204964,106.504201,91.356046,15.148155
106.012460,90.731953,15.280507,106.576988,91.256579,15.320409
105.954574,90.672332,15.282242,106.589214,91.410191,15.179023
105.908044,90.626290,15.281754,106.337943,91.116824,15.221119
105.760034,90.467655,15.292378,106.395590,91.166429,15.229161
105.690967,90.361225,15.329742,106.513281,91.223030,15.290251
105.688990,90.360280,15.328710,106.375858,91.026685,15.349172
105.623391,90.260077,15.363314,106.308101,90.920208,15.387894
105.547152,90.176227,15.370926,106.367952,91.186919,15.181033
105.549185,90.204368,15.344817,106.278420,90.998499,15.279922
105.473534,90.094444,15.379090,106.016742,90.779372,15.237371
105.358986,89.934173,15.424813,105.957212,90.712628,15.244584
105.281311,89.860445,15.420866,105.981492,90.662859,15.318633
105.272179,89.868591,15.403588,105.757464,90.361131,15.396332
105.206070,89.744549,15.461522,105.678049,90.383353,15.294695
105.227767,89.797590,15.430177,106.320460,90.915709,15.404751
105.165893,89.680166,15.485727,105.916955,90.564217,15.352738
105.003748,89.529532,15.474216,105.797849,90.384971,15.412878
104.983845,89.503798,15.480047,105.901240,90.420735,15.480505
104.983364,89.494984,15.488381,105.833555,90.401586,15.431969
104.952240,89.445200,15.507040,105.809233,90.404515,15.404717
104.880631,89.384235,15.496395,105.671344,90.299354,15.371990
104.917249,89.375934,15.541315,105.916762,90.404970,15.511793
104.776588,89.257689,15.518899,105.747762,90.297700,15.450063
104.784948,89.241784,15.543164,105.702811,90.292702,15.410109
104.800782,89.256579,15.544203,105.769762,90.198423,15.571338
104.629338,89.050303,15.579036,105.434454,89.974698,15.459756
104.676048,89.068839,15.607210,105.604928,90.256648,15.348280
104.712385,89.104911,15.607474,105.331035,89.741545,15.589491
104.562491,88.954574,15.607917,105.766972,90.302968,15.464004
104.525460,88.951679,15.573780,105.371565,89.924770,15.446795
104.486682,88.852167,15.634516,105.476346,89.964948,15.511398
104.514511,88.909759,15.604752,105.367124,89.902664,15.464460
104.542535,88.926757,15.615778,105.474499,90.011998,15.462501
104.428272,88.809322,15.618951,105.314778,89.801847,15.512931
104.429672,88.739163,15.690509,105.645005,90.102826,15.542179
104.355364,88.670855,15.684509,105.087973,89.554983,15.532989
104.232327,88.586618,15.645709,105.340996,89.882827,15.458169
104.330596,88.691695,15.638901,105.288521,89.724186,15.564335
104.188139,88.516467,15.671672,105.347381,89.739029,15.608352
104.191553,88.478081,15.713472,105.184847,89.630681,15.554167
104.248399,88.574081,15.674318,105.331395,89.708464,15.622932
104.079050,88.385573,15.693478,105.088749,89.385968,15.702781
104.125632,88.462904,15.662728,105.008166,89.386010,15.622157
104.081467,88.375950,15.705517,104.950871,89.381890,15.568982
104.070357,88.327198,15.743159,105.174224,89.562911,15.611313
103.996636,88.265124,15.731513,105.366632,89.630165,15.736466
104.014051,88.283895,15.730156,104.837494,89.197339,15.640156
104.000154,88.246128,15.754026,105.019747,89.383267,15.636481
103.933724,88.161934,15.771791,105.064290,89.465090,15.599200
103.936971,88.154379,15.782592,105.149166,89.458901,15.690265
103.915681,88.157622,15.758059,104.982754,89.310056,15.672698
103.891252,88.142143,15.749109,105.039605,89.358348,15.681258
103.844991,88.062874,15.782117,104.853627,89.087435,15.766192
103.844491,88.071294,15.773197,105.095565,89.414439,15.681127
103.733876,87.967993,15.765883,105.017011,89.315961,15.701050
103.735559,87.937734,15.797825,104.860849,89.185843,15.675006
103.739235,87.959824,15.779411,105.059090,89.327799,15.731291
103.681577,87.879301,15.802276,105.000948,89.346754,15.654194
103.711966,87.893554,15.818413,105.038377,89.371504,15.666874
103.636896,87.826078,15.810818,105.046216,89.346098,15.700118
103.619984,87.797395,15.822588,105.220726,89.453353,15.767373
103.627944,87.793785,15.834159,104.883382,89.133497,15.749886
103.605611,87.745578,15.860033,104.637916,88.834849,15.803068
103.537083,87.706886,15.830197,104.826901,89.157398,15.669503
103.527750,87.740197,15.787553,104.878906,89.047150,15.831756
103.518045,87.666888,15.851157,104.681397,88.914683,15.766713
103.499835,87.637330,15.862506,104.846846,88.967224,15.879622
103.431619,87.579163,15.852456,104.606553,88.817158,15.789395
103.386774,87.530410,15.856364,104.806164,89.046082,15.760082
103.467021,87.654552,15.812469,104.610785,88.896743,15.714042
103.493225,87.601198,15.892027,104.795381,89.040551,15.754830
103.416859,87.511193,15.905666,104.583204,88.818021,15.765183
103.408061,87.511653,15.896408,104.870058,89.050006,15.820052
103.392810,87.488576,15.904234,104.537242,88.767245,15.769997
103.315390,87.420012,15.895378,104.890423,89.130910,15.759514
103.341952,87.408369,15.933583,104.462225,88.566149,15.896075
103.325572,87.423447,15.902125,104.762784,88.978323,15.784460
103.335188,87.421197,15.913991,104.753821,88.996651,15.757169
103.288376,87.389796,15.898580,104.919026,89.108848,15.810179
103.257209,87.363858,15.893351,104.612102,88.696332,15.915770
103.154900,87.188037,15.966863,104.783865,88.956998,15.826868
103.202778,87.266746,15.936032,104.449876,88.555960,15.893916
103.179172,87.224167,15.955004,104.435482,88.510034,15.925447
103.134846,87.182022,15.952824,104.726970,88.922729,15.804242
103.190100,87.242442,15.947658,104.714959,88.913055,15.801904
103.240587,87.337716,15.902871,104.670403,88.780090,15.890314
103.179629,87.232731,15.946898,104.505325,88.706356,15.798969
103.088504,87.108407,15.980097,104.611287,88.802329,15.808958
103.032348,87.091887,15.940462,104.869617,89.122323,15.747295
103.121815,87.177502,15.944313,104.601785,88.734351,15.867434
103.069047,87.128635,15.940412,104.932508,89.104354,15.828154
