243.807661,240.539454,3.268207,194.028240,190.718452,3.309788
188.432609,182.964766,5.467844,177.786481,169.732965,8.053516
167.401708,156.017728,11.383980,156.862934,142.777371,14.085563
152.681165,137.606756,15.074409,147.703652,131.567934,16.135718
144.274898,127.385547,16.889351,140.168790,122.190864,17.977926
138.524011,120.231828,18.292182,135.199549,116.254772,18.944777
134.486142,115.156610,19.329532,131.868935,111.824826,20.044110
131.200014,111.010646,20.189369,129.024730,108.355520,20.669210
128.782825,107.895770,20.887055,127.659236,106.479201,21.180035
126.746080,105.312238,21.433843,125.098755,103.125728,21.973027
125.053872,103.173483,21.880389,123.462411,101.367370,22.095041
123.545242,101.436908,22.108334,122.155369,99.937240,22.218129
122.256277,99.884063,22.372214,120.885686,98.395920,22.489766
121.096755,98.491936,22.604819,119.849254,97.165177,22.684077
119.957210,97.216238,22.740972,119.079219,96.325118,22.754102
119.115025,96.219972,22.895053,118.351262,95.331452,23.019810
118.234515,95.186908,23.047608,117.390442,94.095650,23.294791
117.504077,94.338991,23.165086,116.860891,93.720684,23.140207
116.742498,93.484416,23.258083,116.003189,92.653017,23.350171
116.002187,92.718173,23.284014,115.171612,91.817217,23.354396
115.324552,91.931566,23.392986,114.904220,91.638054,23.266166
114.734840,91.371431,23.363409,114.293114,90.919385,23.373730
114.255816,90.799045,23.456771,113.566299,90.103291,23.463008
113.622213,90.151023,23.471190,113.135970,89.635194,23.500776
113.149856,89.606404,23.543452,112.904756,89.311736,23.593020
112.711650,89.133394,23.578256,112.381317,88.911733,23.469585
112.234278,88.618086,23.616192,112.150247,88.471853,23.678395
111.760189,88.152785,23.607404,111.375547,87.899033,23.476514
111.351849,87.735396,23.616453,111.023410,87.611413,23.411997
110.952014,87.323012,23.629002,110.698461,87.179006,23.519455
110.572505,86.974662,23.597842,110.155082,86.677842,23.477239
110.145138,86.597190,23.547948,110.448553,87.093546,23.355007
109.842147,86.323487,23.518659,109.635709,86.175540,23.460169
109.484652,85.946519,23.538133,109.420183,85.971419,23.448764
109.108524,85.552102,23.556422,109.220169,85.766212,23.453957
108.795220,85.284466,23.510753,108.839792,85.414328,23.425464
108.491076,85.004955,23.486121,108.512646,85.029631,23.483015
108.171567,84.667226,23.504341,108.456114,85.031854,23.424259
107.903569,84.421160,23.482410,108.054726,84.667263,23.387463
107.595810,84.149669,23.446141,108.030352,84.676367,23.353985
107.337368,83.892992,23.444376,107.468320,84.280028,23.188292
107.113047,83.641135,23.471912,107.373199,84.010032,23.363167
106.858773,83.395325,23.463447,106.798883,83.586493,23.212389
106.603033,83.123107,23.479926,106.837771,83.381045,23.456726
106.370509,82.862472,23.508036,106.532020,83.269337,23.262684
106.248817,82.735976,23.512841,106.350896,82.838097,23.512799
106.016925,82.539830,23.477095,106.394023,83.050235,23.343788
105.857734,82.359008,23.498726,106.050684,82.605493,23.445191
105.592243,82.087061,23.505182,106.132616,82.639249,23.493367
105.397423,81.873813,23.523611,105.936534,82.569995,23.366540
105.240727,81.742654,23.498073,105.548065,82.091347,23.456717
105.097121,81.633553,23.463568,105.393351,81.989382,23.403970
104.918743,81.447762,23.470981,105.346381,81.937489,23.408893
104.686410,81.178166,23.508243,104.947767,81.621949,23.325818
104.570054,81.084489,23.485565,105.074920,81.756868,23.318052
104.409484,80.940806,23.468679,104.867289,81.472791,23.394498
104.283680,80.792750,23.490929,104.684737,81.281118,23.403619
104.192013,80.686123,23.505890,104.870058,81.467559,23.402500
104.002286,80.556754,23.445532,104.509223,81.155013,23.354209
103.838455,80.392656,23.445799,104.611394,81.289580,23.321814
103.667759,80.244271,23.423488,104.304072,80.978630,23.325442
103.633762,80.231484,23.402277,104.153557,80.890781,23.262777
103.380932,79.991556,23.389376,103.986502,80.741622,23.244881
103.347031,79.941003,23.406028,103.927778,80.592504,23.335274
103.106566,79.763965,23.342601,103.879784,80.807344,23.072440
103.052477,79.715139,23.337338,103.854940,80.583606,23.271334
102.938097,79.576868,23.361229,103.716821,80.563767,23.153054
102.906909,79.542500,23.364409,103.612232,80.446000,23.166231
102.693831,79.320766,23.373065,103.427578,80.212819,23.214759
102.647988,79.284017,23.363970,103.450395,80.321429,23.128966
102.508776,79.257923,23.250853,103.448967,80.266677,23.182290
102.469156,79.094824,23.374332,102.978213,79.778074,23.200138
102.312441,78.951582,23.360859,103.245208,79.917113,23.328095
102.319821,78.948280,23.371541,103.203763,79.938947,23.264816
102.211269,78.795642,23.415627,103.051688,79.650310,23.401378
102.104917,78.716571,23.388346,103.027501,79.698953,23.328548
102.022131,78.677191,23.344940,102.800363,79.612415,23.187947
101.981555,78.591348,23.390207,102.900752,79.591851,23.308901
101.926953,78.517014,23.409940,102.825840,79.489227,23.336613
101.808632,78.419173,23.389459,102.883759,79.682439,23.201319
101.732072,78.381539,23.350534,102.749100,79.455973,23.293127
101.629792,78.281762,23.348029,102.604882,79.448860,23.156022
101.566509,78.231270,23.335239,102.672484,79.404050,23.268434
101.500726,78.145367,23.355359,102.634775,79.370935,23.263839
101.447814,78.099553,23.348261,102.675949,79.413706,23.262244
101.443098,78.048018,23.395079,102.451070,79.137602,23.313467
101.371244,77.986419,23.384825,102.416385,79.162975,23.253410
101.298158,77.906347,23.391810,102.434695,79.084188,23.350507
101.261409,77.867662,23.393747,102.525513,79.263814,23.261700
101.163950,77.750851,23.413099,102.563823,79.267845,23.295978
101.111992,77.732724,23.379268,102.406565,79.141943,23.264622
101.050800,77.693118,23.357682,102.095438,78.818067,23.277371
100.937479,77.603261,23.334218,102.022403,78.839313,23.183090
100.923536,77.558003,23.365534,102.112356,78.984420,23.127937
100.862961,77.509931,23.353031,102.059613,78.778888,23.280725
100.774893,77.480301,23.294592,101.982064,78.878790,23.103274
100.745137,77.473855,23.271282,101.850865,78.732275,23.118590
100.659487,77.356860,23.302627,101.875726,78.761992,23.113734
100.696017,77.379829,23.316188,101.979152,78.733948,23.245204
100.564222,77.314821,23.249401,101.897575,78.869341,23.028233
100.500701,77.260844,23.239856,101.770229,78.648190,23.122039
100.491755,77.232762,23.258993,101.786419,78.646678,23.139740
100.398412,77.180636,23.217776,101.687827,78.509013,23.178814
100.360025,77.125985,23.234039,101.649711,78.476465,23.173246
100.327800,77.100143,23.227657,101.674122,78.591555,23.082567
100.284892,77.033522,23.251370,101.728950,78.650445,23.078505
100.242914,76.985208,23.257706,101.577250,78.469400,23.107851
100.149214,76.923020,23.226194,101.455297,78.333419,23.121879
100.109363,76.921874,23.187489,101.570801,78.534818,23.035984
100.097906,76.854193,23.243713,101.513662,78.338433,23.175230
100.099797,76.845500,23.254297,101.496429,78.309764,23.186665
100.025522,76.757219,23.268303,101.338592,78.312259,23.026333
100.007706,76.737542,23.270164,101.469041,78.343501,23.125540
99.943606,76.688451,23.255155,101.394182,78.273217,23.120964
99.856012,76.598419,23.257593,101.308630,78.225365,23.083265
99.881865,76.677878,23.203986,101.376652,78.342867,23.033785
99.801923,76.552298,23.249625,101.242336,78.076438,23.165898
99.763760,76.520130,23.243630,101.321229,78.215640,23.105589
99.715428,76.472313,23.243115,101.219563,78.171650,23.047912
99.657169,76.412605,23.244564,101.074160,78.011602,23.062558
99.673639,76.387392,23.286246,101.260790,78.149160,23.111630
99.678972,76.419294,23.259677,101.121368,78.006102,23.115266
99.582637,76.352222,23.230416,101.335511,78.224307,23.111204
99.581671,76.312847,23.268824,101.183736,78.068390,23.115347
99.510140,76.272552,23.237588,101.153648,78.066487,23.087161
99.513156,76.230676,23.282480,100.995539,77.891057,23.104482
99.423499,76.184916,23.238584,101.026173,77.951338,23.074835
99.423323,76.127636,23.295687,101.019443,77.947356,23.072086
99.372051,76.142172,23.229879,100.988234,77.930289,23.057945
99.337693,76.080137,23.257556,101.104326,78.038768,23.065558
99.341605,76.078721,23.262884,101.102378,77.960456,23.141922
99.303852,76.083260,23.220592,101.026241,77.911671,23.114570
99.244621,76.025223,23.219397,101.125583,78.048508,23.077074
99.230024,76.023326,23.206698,101.179748,78.057398,23.122350
99.175813,75.916286,23.259527,100.981162,77.885917,23.095244
99.155396,75.969213,23.186183,100.919638,77.748820,23.170818
99.125783,75.873720,23.252064,100.987330,77.908720,23.078609
99.116960,75.909781,23.207179,100.832708,77.793594,23.039114
99.116835,75.881338,23.235496,101.043712,77.908462,23.135250
99.102377,75.825505,23.276872,100.929071,77.909564,23.019507
99.084498,75.847425,23.237072,100.764992,77.654056,23.110935
99.007083,75.807972,23.199112,100.776206,77.743692,23.032514
98.985217,75.760323,23.224894,100.807552,77.781275,23.026278
98.982947,75.724109,23.258839,100.747455,77.576302,23.171153
98.909828,75.675108,23.234719,100.708709,77.622499,23.086210
98.958412,75.730906,23.227506,100.750291,77.748830,23.001461
98.897378,75.705947,23.191431,100.868189,77.797718,23.070471
98.872722,75.666118,23.206604,100.739117,77.772950,22.966166
98.817837,75.619324,23.198514,100.665464,77.677177,22.988286
98.816634,75.593865,23.222769,100.748074,77.599025,23.149049
98.844121,75.588967,23.255154,100.773871,77.739352,23.034519
98.749116,75.480178,23.268937,100.596701,77.503709,23.092992
98.769530,75.566671,23.202859,100.651144,77.643019,23.008124
98.731437,75.488519,23.242918,100.696819,77.672439,23.024381
98.734390,75.528052,23.206338,100.545980,77.447514,23.098465
98.665031,75.448555,23.216476,100.641009,77.658485,22.982524
98.709709,75.472848,23.236861,100.629744,77.464970,23.164775
98.671224,75.453236,23.217988,100.910825,77.876705,23.034119
98.641343,75.398431,23.242912,100.741299,77.674940,23.066359
98.649148,75.385318,23.263830,100.540343,77.428669,23.111674
