257.315694,254.767755,2.547938,197.296647,194.582038,2.714609
192.538708,189.164316,3.374392,189.269963,185.335779,3.934184
181.298482,174.969771,6.328710,170.394756,160.954782,9.439975
163.571705,152.690644,10.881061,156.903273,144.998494,11.904779
153.236262,139.783203,13.453059,149.280176,135.092585,14.187591
146.465904,131.447417,15.018487,142.854198,126.951731,15.902468
140.731415,124.119159,16.612256,137.818454,120.572313,17.246140
136.356675,118.477696,17.878979,133.772401,115.305513,18.466888
133.116299,114.173756,18.942542,131.129167,111.863031,19.266135
130.664330,111.103289,19.561042,128.918188,108.919939,19.998250
128.762784,108.726953,20.035831,127.523942,107.281475,20.242467
127.189601,106.692117,20.497484,125.904022,105.380868,20.523153
126.043027,105.295959,20.747067,124.996749,104.021469,20.975280
124.888120,103.869174,21.018946,124.196497,102.940480,21.256016
123.919866,102.613519,21.306347,123.037295,101.803493,21.233802
123.133461,101.636710,21.496752,122.656903,100.936308,21.720595
122.274047,100.544186,21.729861,121.714250,100.088804,21.625446
121.713837,99.864058,21.849779,121.363053,99.507044,21.856008
121.187969,99.165716,22.022253,120.957355,98.902583,22.054772
120.524771,98.385139,22.139632,120.583082,98.469895,22.113186
120.168857,97.915455,22.253402,120.012849,97.721276,22.291573
119.639614,97.254843,22.384772,119.593106,97.391760,22.201346
119.203110,96.853234,22.349877,119.333652,96.996776,22.336876
118.763216,96.347196,22.416020,118.748364,96.402972,22.345393
118.410954,95.852443,22.558511,118.665202,96.242944,22.422258
118.017669,95.434123,22.583547,118.507896,95.936259,22.571637
117.598970,95.006849,22.592122,118.104061,95.621066,22.482995
117.361054,94.751271,22.609783,117.690432,95.127961,22.562471
117.029117,94.316763,22.712354,117.731270,95.108288,22.622982
116.770938,94.004164,22.766774,117.530277,94.935581,22.594696
116.566942,93.736559,22.830383,117.169223,94.372458,22.796766
116.272402,93.327752,22.944650,116.883631,94.036184,22.847448
115.999030,92.997373,23.001657,116.465043,93.657998,22.807045
115.714841,92.645151,23.069691,116.563006,93.722306,22.840700
115.528582,92.489640,23.038941,116.412816,93.604130,22.808686
115.303284,92.214162,23.089122,116.366229,93.593474,22.772756
115.066287,91.979549,23.086738,115.974654,93.024097,22.950557
114.864807,91.688948,23.175859,115.825286,92.918461,22.906826
114.664722,91.522077,23.142645,115.513700,92.518269,22.995432
114.398156,91.215229,23.182927,115.589934,92.624039,22.965895
114.242352,91.044657,23.197695,115.196095,92.164846,23.031249
114.057454,90.876690,23.180764,115.146083,92.067161,23.078922
113.948076,90.690314,23.257762,115.231653,92.141201,23.090452
113.693948,90.450506,23.243442,114.940188,91.814600,23.125588
113.600283,90.315527,23.284757,114.947844,91.738510,23.209334
113.414687,90.092485,23.322202,114.788839,91.662779,23.126061
113.186172,89.874057,23.312115,114.831380,91.640554,23.190826
113.066545,89.717238,23.349307,114.653870,91.517009,23.136861
112.915100,89.580422,23.334678,114.168087,91.071524,23.096563
112.808813,89.412493,23.396319,114.425418,91.215741,23.209677
112.679776,89.276830,23.402946,114.432261,91.138058,23.294203
112.530971,89.053707,23.477264,114.520238,91.276324,23.243913
112.437071,88.922464,23.514607,114.126289,90.810284,23.316005
112.246439,88.755182,23.491257,114.040558,90.672320,23.368237
112.091211,88.570508,23.520703,113.940908,90.675824,23.265085
111.981172,88.479625,23.501547,113.777661,90.645434,23.132227
111.938917,88.444893,23.494025,113.770277,90.467538,23.302739
111.728529,88.170748,23.557782,113.856000,90.558407,23.297593
111.640385,88.099812,23.540573,113.576278,90.281291,23.294988
111.532108,87.932184,23.599924,113.467424,90.025938,23.441487
111.415795,87.747838,23.667957,113.569436,90.162564,23.406872
111.307066,87.672580,23.634486,113.077316,89.724061,23.353254
111.155119,87.547567,23.607552,113.706239,90.353415,23.352824
111.134035,87.452226,23.681809,113.247631,89.903645,23.343986
110.992662,87.342500,23.650161,113.158915,89.650640,23.508275
110.866834,87.275085,23.591749,113.022530,89.602701,23.419829
110.875885,87.143523,23.732361,113.000484,89.531247,23.469237
110.647234,86.950085,23.697149,113.120045,89.637823,23.482222
110.529813,86.863275,23.666538,112.979227,89.677907,23.301321
110.506226,86.828545,23.677681,112.765440,89.401797,23.363642
110.468288,86.629352,23.838936,112.966005,89.330198,23.635807
110.265160,86.502886,23.762274,112.604920,89.193900,23.411021
110.160600,86.425846,23.734754,112.761869,89.300144,23.461725
110.145110,86.353355,23.791755,112.821844,89.204618,23.617225
109.972542,86.170714,23.801828,112.658913,89.031034,23.627879
109.974336,86.165487,23.808849,112.423431,88.839364,23.584067
109.873954,86.079370,23.794585,112.419064,88.904634,23.514430
109.767791,85.992385,23.775406,112.476897,88.847874,23.629024
109.705650,85.923808,23.781842,112.282762,88.868040,23.414722
109.532440,85.805560,23.726880,112.510945,88.965980,23.544965
109.519276,85.711809,23.807467,112.296655,88.707172,23.589482
109.457892,85.650457,23.807435,112.291777,88.582513,23.709264
109.368878,85.542862,23.826015,112.212276,88.658273,23.554003
109.308724,85.494256,23.814467,112.159734,88.507221,23.652513
109.205364,85.313634,23.891730,112.041109,88.438719,23.602390
109.200177,85.343214,23.856964,112.110655,88.502466,23.608190
109.148044,85.233660,23.914384,112.145406,88.440207,23.705199
109.054002,85.177685,23.876317,111.909125,88.205506,23.703619
108.975337,85.133611,23.841725,112.133941,88.523655,23.610286
108.872769,84.963438,23.909330,111.865826,88.193663,23.672163
108.779474,84.851149,23.928325,112.024603,88.284588,23.740015
108.754942,84.820609,23.934333,111.779985,88.122279,23.657706
108.659017,84.743891,23.915126,111.723178,87.985834,23.737345
108.578355,84.555078,24.023277,111.761063,88.083840,23.677223
108.481520,84.560825,23.920695,111.763016,88.101452,23.661563
108.470475,84.580418,23.890057,111.769838,88.190391,23.579447
108.435271,84.492416,23.942855,111.835733,88.188847,23.646886
108.329314,84.368376,23.960939,111.619310,88.044181,23.575129
108.321553,84.368038,23.953515,111.630230,87.918981,23.711249
108.182903,84.240442,23.942462,111.790872,88.121123,23.669749
108.197913,84.241463,23.956450,111.603570,87.940187,23.663383
108.059699,84.077491,23.982209,111.680449,88.065425,23.615023
108.089525,84.088999,24.000526,111.344855,87.651045,23.693810
107.927175,84.019583,23.907592,111.293979,87.744581,23.549398
107.933393,84.054125,23.879267,111.504276,87.916429,23.587847
107.953263,83.971659,23.981605,111.447756,87.621163,23.826593
107.881948,83.907903,23.974045,111.479789,87.840325,23.639463
107.857052,83.852241,24.004811,111.322043,87.603209,23.718834
107.736046,83.717694,24.018353,111.330580,87.675963,23.654617
107.654533,83.633251,24.021283,111.313532,87.600818,23.712714
107.601003,83.586488,24.014515,111.200896,87.449225,23.751672
107.518078,83.490526,24.027552,111.121078,87.381726,23.739352
107.484610,83.483239,24.001370,111.271628,87.520648,23.750980
107.460294,83.413962,24.046331,111.371746,87.593965,23.777781
107.357472,83.282618,24.074854,111.280671,87.491194,23.789477
107.379461,83.321516,24.057945,111.263051,87.508427,23.754624
107.339166,83.287540,24.051626,110.990538,87.291354,23.699184
107.299815,83.244500,24.055315,111.117193,87.391282,23.725911
107.192119,83.120552,24.071567,111.307356,87.451315,23.856042
107.195931,83.091231,24.104699,111.111551,87.371249,23.740302
107.135650,83.067962,24.067689,110.974385,87.114435,23.859950
107.053462,82.981141,24.072322,111.008856,87.190751,23.818104
107.069026,82.963592,24.105434,111.111981,87.340203,23.771778
107.013735,82.922624,24.091110,110.990257,87.242996,23.747260
106.881287,82.775800,24.105486,110.830996,87.035408,23.795588
106.852631,82.714934,24.137697,110.935651,87.181010,23.754642
106.861399,82.807559,24.053840,110.961106,87.272233,23.688872
106.815069,82.708434,24.106636,111.037148,87.250149,23.786999
106.696353,82.624138,24.072215,111.149266,87.409874,23.739391
106.790467,82.623998,24.166469,110.888416,87.011253,23.877164
106.629633,82.415869,24.213764,110.881090,86.967626,23.913463
106.658871,82.416741,24.242130,110.907040,87.049455,23.857585
106.533673,82.366060,24.167614,110.704058,86.903122,23.800935
106.500764,82.345021,24.155743,110.672292,86.920100,23.752192
106.444068,82.350365,24.093703,110.858205,86.969285,23.888920
106.409699,82.198046,24.211653,110.756587,86.961511,23.795076
106.435693,82.266410,24.169283,110.754219,86.897829,23.856389
106.321760,82.157321,24.164439,110.651750,86.772453,23.879297
106.313136,82.162402,24.150734,110.804967,87.009366,23.795601
106.270384,82.124478,24.145906,110.693617,86.819576,23.874041
106.166462,82.027061,24.139401,110.810497,87.041245,23.769252
106.221967,82.015231,24.206736,110.842804,86.948008,23.894796
106.104477,81.927460,24.177018,110.715714,86.930275,23.785439
106.048128,81.900139,24.147989,110.555074,86.751110,23.803964
106.132491,81.901152,24.231339,110.657001,86.717244,23.939757
106.031514,81.822973,24.208541,110.644606,86.856538,23.788068
105.966546,81.782423,24.184123,110.594595,86.694984,23.899612
105.907249,81.738535,24.168714,110.652025,86.772195,23.879830
105.883256,81.642171,24.241085,110.521151,86.598662,23.922489
105.870625,81.618348,24.252277,110.670464,86.780913,23.889550
105.914228,81.621643,24.292586,110.473361,86.508271,23.965089
105.874020,81.538793,24.335227,110.528321,86.621581,23.906741
105.855685,81.520948,24.334737,110.663963,86.620695,24.043267
105.795353,81.497965,24.297388,110.467211,86.500740,23.966470
105.716262,81.431757,24.284505,110.492533,86.651962,23.840571
105.617629,81.382485,24.235144,110.329917,86.435283,23.894634
105.610620,81.351105,24.259515,110.502190,86.668778,23.833412
105.589030,81.295830,24.293200,110.578957,86.710030,23.868926
105.568796,81.315103,24.253693,110.833776,86.997658,23.836118
105.564522,81.314318,24.250204,110.711926,86.743875,23.968051
