243.754015,241.472967,2.281048,194.022394,190.768291,3.254102
186.522231,181.189558,5.332673,175.893388,168.034348,7.859040
165.912503,155.304549,10.607954,156.806580,143.949086,12.857493
152.485690,138.825092,13.660597,146.999792,132.376977,14.622815
144.217714,128.807762,15.409952,139.725345,123.343856,16.381489
137.830805,120.508586,17.322218,133.908758,115.825497,18.083262
133.259898,114.640668,18.619230,130.908351,111.670503,19.237847
130.145389,110.719661,19.425728,128.196553,108.203175,19.993378
127.856040,107.765602,20.090438,125.722346,105.058618,20.663728
125.839491,105.202089,20.637402,124.174119,103.377133,20.796985
124.248756,103.221587,21.027169,122.555946,101.410432,21.145514
122.695279,101.356633,21.338646,121.550230,100.010021,21.540209
121.635814,100.077513,21.558301,120.567887,98.850833,21.717054
120.490826,98.734518,21.756308,119.539051,97.915747,21.623303
119.501469,97.569560,21.931908,118.749573,96.912575,21.836998
118.648728,96.653933,21.994795,117.951525,95.805328,22.146198
117.862457,95.697633,22.164824,117.376723,95.375634,22.001090
117.151068,94.838734,22.312334,116.801061,94.418603,22.382457
116.556406,94.109253,22.447154,115.991612,93.616428,22.375184
115.866392,93.406317,22.460075,115.530319,93.078930,22.451388
115.327583,92.738782,22.588802,114.935260,92.540748,22.394512
114.861827,92.243713,22.618113,114.232281,91.648102,22.584179
114.414973,91.666045,22.748928,114.141329,91.540702,22.600627
113.872977,91.051540,22.821437,113.610065,90.745066,22.864999
113.374026,90.503188,22.870837,113.368953,90.491395,22.877557
112.972183,90.033048,22.939136,112.706786,89.891237,22.815549
112.559013,89.593969,22.965044,112.866342,89.929066,22.937276
112.194423,89.154681,23.039742,112.098019,88.899462,23.198557
111.834039,88.666039,23.168001,111.814428,88.743300,23.071128
111.577356,88.358073,23.219283,111.515913,88.298289,23.217624
111.187974,87.898266,23.289708,111.349484,88.035788,23.313696
110.887518,87.605761,23.281758,111.035851,87.651232,23.384619
110.562983,87.310087,23.252896,110.934731,87.612270,23.322461
110.349197,87.013569,23.335628,110.323334,87.070317,23.253017
109.985836,86.659140,23.326696,110.128345,86.968116,23.160229
109.736085,86.375792,23.360293,109.941676,86.660101,23.281575
109.446267,86.080182,23.366085,109.703373,86.371969,23.331404
109.248576,85.878526,23.370050,109.685430,86.281903,23.403528
109.017618,85.604131,23.413487,109.378760,86.031428,23.347332
108.853925,85.416217,23.437708,109.248780,85.899810,23.348970
108.592961,85.170378,23.422583,109.176730,85.836083,23.340646
108.362878,84.856459,23.506419,108.701709,85.247653,23.454055
108.121317,84.661146,23.460171,108.736971,85.343888,23.393083
107.937723,84.417209,23.520514,108.543322,85.222006,23.321316
107.728046,84.229391,23.498654,108.372115,85.026342,23.345774
107.550626,84.005331,23.545295,108.141451,84.702474,23.438978
107.348926,83.813074,23.535851,108.193408,84.663891,23.529516
107.222021,83.655634,23.566387,108.014833,84.391692,23.623140
107.007567,83.386727,23.620839,107.865876,84.203719,23.662156
106.853296,83.258410,23.594886,107.431169,84.022551,23.408617
106.646216,83.105386,23.540830,107.392011,84.092763,23.299249
106.478671,82.912696,23.565976,107.237375,83.717676,23.519700
106.317485,82.716710,23.600775,107.408232,83.858495,23.549737
106.152688,82.595670,23.557018,107.299047,83.751361,23.547686
105.988576,82.413506,23.575071,106.878359,83.281893,23.596466
105.834813,82.268094,23.566719,106.884930,83.420683,23.464247
105.659381,82.111775,23.547607,106.692835,83.097148,23.595688
105.493118,81.911249,23.581868,106.735859,83.296732,23.439127
105.441281,81.812269,23.629013,106.482857,82.964726,23.518131
105.277555,81.664977,23.612579,106.401098,82.998720,23.402378
105.094066,81.518516,23.575551,106.052575,82.559797,23.492778
105.032226,81.399092,23.633134,106.036809,82.639900,23.396910
104.818657,81.211459,23.607198,106.179956,82.528342,23.651614
104.694444,81.127987,23.566457,105.760761,82.264491,23.496271
104.547223,80.968483,23.578740,105.689337,82.076739,23.612598
104.375068,80.873006,23.502062,105.574253,82.034032,23.540222
104.361854,80.809888,23.551966,105.595774,82.142962,23.452813
104.176136,80.665624,23.510511,105.375888,82.001199,23.374689
104.075567,80.625116,23.450451,105.267969,81.954295,23.313674
103.957738,80.433032,23.524706,105.183782,81.824349,23.359433
103.783958,80.330465,23.453493,105.133115,81.697032,23.436082
103.718293,80.257499,23.460794,105.081378,81.690924,23.390454
103.560872,80.107530,23.453342,105.183872,81.876333,23.307538
103.469120,80.071508,23.397611,105.052168,81.600481,23.451687
103.406628,80.009428,23.397201,104.860833,81.323627,23.537205
103.285699,79.853596,23.432103,104.872365,81.520913,23.351452
103.188941,79.790310,23.398631,104.634656,81.424428,23.210228
103.026944,79.649275,23.377669,104.617729,81.115835,23.501894
103.009393,79.580986,23.428407,104.404074,81.108649,23.295425
102.928448,79.522699,23.405749,104.617291,81.307278,23.310012
102.868281,79.401178,23.467103,104.341297,81.023225,23.318072
102.689930,79.290245,23.399685,104.181801,80.830553,23.351249
102.603741,79.207418,23.396324,104.131554,80.793607,23.337947
102.526504,79.128002,23.398502,104.521586,80.986563,23.535022
102.485374,79.082834,23.402540,104.123917,80.879120,23.244797
102.430884,79.039621,23.391263,103.932851,80.781997,23.150854
102.358722,78.975654,23.383068,103.882874,80.695750,23.187124
102.247085,78.917135,23.329950,103.791511,80.503647,23.287864
102.190760,78.782627,23.408133,103.836586,80.562377,23.274209
102.140763,78.690867,23.449895,103.941813,80.691165,23.250648
102.057245,78.618739,23.438506,103.717486,80.366215,23.351271
102.052029,78.574392,23.477638,103.700770,80.245847,23.454923
101.952496,78.385762,23.566734,103.830419,80.325296,23.505124
101.887388,78.382127,23.505261,103.731556,80.234801,23.496754
101.838457,78.283856,23.554600,103.885375,80.316231,23.569144
101.770788,78.269982,23.500806,103.856220,80.545148,23.311072
101.692257,78.183174,23.509083,103.541825,80.074055,23.467770
101.638256,78.108663,23.529592,103.382596,80.054279,23.328317
101.588970,78.057700,23.531270,103.460123,80.073119,23.387004
101.485646,77.943048,23.542597,103.524430,80.053831,23.470598
101.546124,77.997950,23.548174,103.300203,79.935794,23.364409
101.429704,77.876830,23.552874,103.526106,80.033792,23.492315
101.474120,77.905535,23.568586,103.450838,79.834444,23.616394
101.304916,77.727008,23.577908,103.259953,79.912561,23.347391
101.294216,77.733124,23.561091,103.444537,79.882610,23.561926
101.300256,77.694159,23.606098,103.337360,79.899848,23.437512
101.207124,77.602787,23.604338,103.386788,79.773158,23.613630
101.164801,77.525002,23.639799,103.388044,79.926996,23.461048
101.177272,77.548630,23.628642,103.222930,79.708454,23.514477
101.139227,77.447808,23.691419,103.293271,79.770406,23.522864
101.053111,77.421396,23.631715,103.119080,79.711717,23.407363
101.014847,77.421063,23.593784,103.024353,79.632954,23.391399
100.912902,77.299249,23.613653,103.003008,79.544466,23.458542
100.912042,77.321126,23.590916,103.182182,79.693127,23.489055
100.844480,77.262340,23.582141,103.086699,79.638207,23.448492
100.853660,77.244688,23.608972,103.139935,79.527578,23.612356
100.846119,77.192060,23.654058,103.026971,79.579210,23.447761
100.800512,77.152843,23.647669,103.015075,79.497152,23.517923
100.728732,77.126576,23.602155,103.110605,79.569206,23.541399
100.704458,77.105629,23.598829,103.177924,79.766518,23.411406
100.651965,77.016952,23.635013,102.863779,79.352547,23.511232
100.641803,76.975947,23.665856,103.190994,79.660996,23.529998
100.597451,76.952733,23.644718,102.832541,79.288577,23.543964
100.532624,76.876405,23.656220,102.885274,79.288679,23.596594
100.475484,76.820871,23.654613,102.773243,79.205387,23.567856
100.555829,76.887138,23.668692,102.866310,79.454281,23.412030
100.397839,76.762924,23.634916,102.815223,79.305816,23.509408
100.418492,76.738824,23.679668,102.863985,79.390144,23.473841
100.409538,76.732006,23.677532,102.878138,79.220893,23.657244
100.290250,76.602543,23.687707,102.794687,79.278852,23.515836
100.332198,76.645722,23.686476,102.931171,79.198427,23.732744
100.254757,76.574883,23.679874,102.523571,79.124322,23.399249
100.277868,76.531517,23.746351,102.700231,79.063549,23.636683
100.219110,76.534750,23.684360,102.723373,79.203846,23.519527
100.204453,76.471821,23.732632,102.563586,79.051415,23.512171
100.154622,76.482397,23.672224,102.684225,79.206392,23.477834
100.099398,76.457685,23.641714,102.756811,79.192037,23.564774
100.051876,76.367617,23.684259,102.450184,78.914216,23.535968
100.023464,76.348173,23.675292,102.754422,79.321542,23.432880
100.080742,76.356747,23.723995,102.623761,79.111365,23.512396
100.011028,76.285165,23.725863,102.670285,79.172740,23.497546
99.978706,76.297457,23.681249,102.686650,79.111513,23.575137
99.960562,76.235266,23.725296,102.569696,79.031556,23.538140
99.888770,76.170298,23.718472,102.717945,79.072948,23.644997
99.959100,76.182666,23.776434,102.424954,78.868815,23.556139
99.848392,76.106274,23.742117,102.695370,79.141200,23.554170
99.839042,76.095028,23.744014,102.705008,79.136664,23.568344
99.848390,76.075901,23.772489,102.480041,78.840158,23.639882
99.747424,76.019025,23.728398,102.479152,78.977161,23.501991
99.816462,76.058718,23.757744,102.584175,79.053284,23.530890
99.793285,76.041348,23.751937,102.520110,78.969481,23.550628
99.721128,75.966871,23.754257,102.379597,78.877392,23.502206
99.703061,75.951085,23.751976,102.370618,78.833368,23.537251
99.670361,75.917011,23.753351,102.632366,78.927564,23.704802
99.657249,75.832581,23.824668,102.375438,78.732600,23.642838
99.660490,75.835522,23.824967,102.603846,78.951393,23.652453
99.597625,75.795746,23.801879,102.440555,78.755753,23.684802
99.624055,75.802568,23.821487,102.604030,78.894384,23.709646
99.615608,75.808435,23.807173,102.580489,78.883393,23.697096
99.548114,75.756796,23.791318,102.327408,78.818570,23.508838
