256.937259,254.671009,2.266251,196.935313,194.330531,2.604781
192.705437,189.371504,3.333933,189.357637,185.458859,3.898779
180.755947,174.159733,6.596213,169.070379,159.510757,9.559621
162.901533,151.754527,11.147006,156.150447,143.841517,12.308931
152.988344,139.679928,13.308416,148.755254,134.750007,14.005246
146.176723,131.241401,14.935322,142.972656,127.270396,15.702259
141.043319,124.745725,16.297594,138.317663,121.438196,16.879466
136.669401,119.294177,17.375224,134.360697,116.550349,17.810348
133.365324,114.912081,18.453243,131.246395,112.311604,18.934789
130.908055,111.656068,19.251986,129.256957,109.697046,19.559911
128.909311,109.176850,19.732460,127.845080,107.835631,20.009449
127.498120,107.212862,20.285259,126.448411,105.940811,20.507600
126.181828,105.614216,20.567612,125.454927,104.673510,20.781417
125.056673,104.170320,20.886354,124.225829,103.254678,20.971151
124.044869,102.900036,21.144834,123.408679,102.328521,21.080159
123.263893,101.927139,21.336754,122.783704,101.403273,21.380430
122.455736,100.922346,21.533390,121.991262,100.270389,21.720873
121.850561,100.106141,21.744421,121.455887,99.636957,21.818929
121.269442,99.383853,21.885589,121.157233,99.173884,21.983350
120.718401,98.725640,21.992761,120.562411,98.420179,22.142232
120.326288,98.134391,22.191897,120.329904,98.169535,22.160370
119.819784,97.563962,22.255822,119.944849,97.622441,22.322409
119.373860,96.991002,22.382858,119.282163,96.814617,22.467546
118.862640,96.437696,22.424944,118.956491,96.564765,22.391726
118.496636,95.917239,22.579397,118.730901,96.273084,22.457818
118.275945,95.637440,22.638505,118.639284,95.965333,22.673951
117.933056,95.115187,22.817869,118.157868,95.245979,22.911889
117.499704,94.664463,22.835241,118.075230,95.255673,22.819558
117.347843,94.451902,22.895941,118.196037,95.275556,22.920482
117.040574,94.045778,22.994796,117.686940,94.751369,22.935572
116.791398,93.685432,23.105967,117.584491,94.596328,22.988163
116.496080,93.412317,23.083762,117.102158,94.194451,22.907707
116.175286,93.051948,23.123338,116.866862,93.817640,23.049223
116.014878,92.767970,23.246908,116.860369,93.752835,23.107534
115.844696,92.608512,23.236185,116.694420,93.629321,23.065099
115.599294,92.241876,23.357417,116.432740,93.242073,23.190666
115.378090,91.979110,23.398980,116.425548,93.225722,23.199827
115.181503,91.785674,23.395829,116.377038,93.049389,23.327649
115.004673,91.498429,23.506244,116.238176,92.949192,23.288984
114.705939,91.159199,23.546741,116.057528,92.529061,23.528467
114.566038,90.944777,23.621261,116.067632,92.573491,23.494141
114.424566,90.843818,23.580748,115.755168,92.368638,23.386530
114.213892,90.604796,23.609096,115.919652,92.439040,23.480611
114.140501,90.466527,23.673973,115.557015,91.979098,23.577918
113.921708,90.263083,23.658625,115.508216,92.042335,23.465881
113.781798,90.023478,23.758319,115.488997,91.744129,23.744868
113.634765,89.836926,23.797839,115.596325,92.012785,23.583540
113.467325,89.666336,23.800989,115.312416,91.507480,23.804936
113.459833,89.534031,23.925802,115.236934,91.508810,23.728123
113.203205,89.310444,23.892761,115.224037,91.489374,23.734663
113.125791,89.158369,23.967421,115.133111,91.341839,23.791272
112.961372,88.987248,23.974123,115.030028,91.268812,23.761215
112.813587,88.805243,24.008344,114.819859,91.247724,23.572136
112.737061,88.769956,23.967105,114.833090,91.013127,23.819963
112.647791,88.574426,24.073365,114.859669,91.050786,23.808883
112.574960,88.565633,24.009327,114.875622,91.042838,23.832784
112.351262,88.255808,24.095454,114.676336,90.826765,23.849571
112.218364,88.094446,24.123918,114.537454,90.637602,23.899852
112.218501,88.090702,24.127799,114.564737,90.595806,23.968932
112.057800,87.889514,24.168286,114.162481,90.104692,24.057789
111.941222,87.727370,24.213852,114.229674,90.439917,23.789756
111.756195,87.600886,24.155309,114.016279,90.029330,23.986950
111.731120,87.466428,24.264692,114.155536,90.143126,24.012410
111.727973,87.526275,24.201697,114.245057,90.142633,24.102424
111.517385,87.283497,24.233888,114.532385,90.479552,24.052833
111.537184,87.203405,24.333779,114.322942,90.196784,24.126158
111.367136,87.034493,24.332643,114.030030,89.949231,24.080800
111.313785,86.982695,24.331090,114.017991,89.899960,24.118031
111.144705,86.760228,24.384477,113.819096,89.520223,24.298873
111.020984,86.601729,24.419256,113.667406,89.546705,24.120701
110.968268,86.662199,24.306070,113.621754,89.688997,23.932757
110.943480,86.542908,24.400572,113.700791,89.533501,24.167291
110.859789,86.381900,24.477889,113.829332,89.529282,24.300051
110.799768,86.277799,24.521969,113.944549,89.630036,24.314513
110.617319,86.170474,24.446846,113.793005,89.565781,24.227224
110.567542,86.116673,24.450869,113.628217,89.433536,24.194681
110.527931,86.038895,24.489037,113.821748,89.562785,24.258963
110.495817,86.026362,24.469456,113.564058,89.292494,24.271564
110.359107,85.821669,24.537437,113.599425,89.214441,24.384984
110.339797,85.775230,24.564567,113.318007,89.054297,24.263710
110.227827,85.684857,24.542970,113.434689,89.178929,24.255761
110.166821,85.662965,24.503856,113.668885,89.171437,24.497449
110.202471,85.559642,24.642829,113.317422,88.970280,24.347142
110.012850,85.368649,24.644201,113.208146,88.856223,24.351923
109.964417,85.336958,24.627458,113.386735,89.104908,24.281827
109.892756,85.249534,24.643222,113.406519,88.998975,24.407544
109.899476,85.187733,24.711743,113.386227,88.917528,24.468699
109.807114,85.121287,24.685827,113.565056,89.181672,24.383384
109.637975,84.965338,24.672637,113.365253,88.999489,24.365765
109.679213,84.993031,24.686181,113.400849,88.886294,24.514556
109.664820,84.877348,24.787471,113.539478,88.863797,24.675681
109.538860,84.723959,24.814901,113.155720,88.671176,24.484544
109.452516,84.673016,24.779501,113.233861,88.663086,24.570774
109.333530,84.576409,24.757121,113.163975,88.716030,24.447945
109.322939,84.532905,24.790034,113.121901,88.609272,24.512629
109.224294,84.499918,24.724376,113.091082,88.614020,24.477062
109.190876,84.471419,24.719456,113.008433,88.603268,24.405166
109.140942,84.371443,24.769499,113.120454,88.531939,24.588516
109.155679,84.302451,24.853229,112.990931,88.424079,24.566852
109.017801,84.231861,24.785939,113.098216,88.624569,24.473647
109.054000,84.173543,24.880457,113.190256,88.652989,24.537266
109.006052,84.100181,24.905871,112.979399,88.336662,24.642738
108.914878,84.028122,24.886756,112.977719,88.432500,24.545220
108.893409,83.977405,24.916003,112.871961,88.279233,24.592728
108.906771,83.939750,24.967021,112.966279,88.254923,24.711356
108.755076,83.792745,24.962331,113.006661,88.369895,24.636766
108.713456,83.716938,24.996518,112.966384,88.194646,24.771738
108.609228,83.672576,24.936652,113.104711,88.515116,24.589595
108.590655,83.607127,24.983528,112.841678,88.163653,24.678025
108.489165,83.515080,24.974085,112.993782,88.248037,24.745745
108.524215,83.509145,25.015069,113.003006,88.249532,24.753474
108.494542,83.525329,24.969213,113.005325,88.327364,24.677961
108.386139,83.427436,24.958703,113.048456,88.256239,24.792218
108.418609,83.395572,25.023036,112.943146,88.193349,24.749797
108.360079,83.261186,25.098893,112.997468,88.085404,24.912063
108.250051,83.170861,25.079190,112.904496,88.151300,24.753196
108.217844,83.177487,25.040357,112.868806,88.189456,24.679350
108.146643,83.116278,25.030365,113.090560,88.274270,24.816290
108.130983,83.048844,25.082139,113.002977,88.135546,24.867431
108.133099,83.035792,25.097307,112.809106,87.911865,24.897241
108.077418,82.940638,25.136780,112.637421,87.833120,24.804301
108.032576,82.905069,25.127507,113.133374,88.246852,24.886521
108.038467,82.895560,25.142907,112.663437,87.863002,24.800435
107.975768,82.818635,25.157132,112.684504,87.852102,24.832403
107.933431,82.792420,25.141012,112.829348,88.027685,24.801663
107.860233,82.698180,25.162053,112.749975,87.835687,24.914287
107.836716,82.635991,25.200725,112.793955,87.971471,24.822484
107.790227,82.645873,25.144354,112.624518,87.772640,24.851877
107.708386,82.499035,25.209351,112.821856,87.922781,24.899075
107.690491,82.491438,25.199053,113.138321,88.164741,24.973580
107.712024,82.501022,25.211001,112.922274,87.997333,24.924940
107.656964,82.448510,25.208455,112.885232,87.902682,24.982550
107.589399,82.373026,25.216374,112.634372,87.709337,24.925035
107.527000,82.350862,25.176138,112.663949,87.718808,24.945141
107.511934,82.308920,25.203013,112.717754,87.771575,24.946179
107.525350,82.257944,25.267406,112.752851,87.727555,25.025296
107.427778,82.125090,25.302688,112.691988,87.799504,24.892485
107.328145,82.126222,25.201923,112.573268,87.668269,24.905000
107.428108,82.133097,25.295011,112.677657,87.655922,25.021735
107.307607,82.049588,25.258019,112.575833,87.698316,24.877517
107.297249,82.008194,25.289055,112.571199,87.668306,24.902893
107.212270,81.923093,25.289177,112.618413,87.693856,24.924557
107.215233,81.917027,25.298206,112.438280,87.409796,25.028483
107.138651,81.769773,25.368877,112.615294,87.583537,25.031756
107.166204,81.795495,25.370710,112.624203,87.556111,25.068092
107.098212,81.740900,25.357312,112.691616,87.685807,25.005808
107.080223,81.676126,25.404097,112.642024,87.585744,25.056280
107.092704,81.668034,25.424670,112.805415,87.695152,25.110263
107.022301,81.671911,25.350390,112.520516,87.485507,25.035008
106.901576,81.552903,25.348673,112.746411,87.759901,24.986510
106.891930,81.555840,25.336090,112.628654,87.625328,25.003326
106.894387,81.526668,25.367718,112.692305,87.688348,25.003957
106.903639,81.477879,25.425761,112.405047,87.417220,24.987827
106.779562,81.383871,25.395691,112.517766,87.537421,24.980346
106.846583,81.457297,25.389286,112.718296,87.691778,25.026518
106.760989,81.378709,25.382280,112.593077,87.519244,25.073833
106.722071,81.333824,25.388247,112.712819,87.650127,25.062692
106.759087,81.395038,25.364049,112.656319,87.713945,24.942373
106.680547,81.280141,25.400407,112.591927,87.511097,25.080831
106.662621,81.249576,25.413045,112.382509,87.401181,24.981328
