204.760103,200.218668,4.541434,181.825537,175.873588,5.951949
169.378794,162.488390,6.890404,158.202911,150.936573,7.266338
155.156721,147.747290,7.409431,152.015113,144.467137,7.547977
150.627741,143.071565,7.556177,148.522422,140.937099,7.585323
147.982242,140.344872,7.637370,146.202403,138.541178,7.661224
145.838626,138.151975,7.686652,144.953512,137.229338,7.724174
144.522412,136.810628,7.711784,144.106208,136.359962,7.746246
143.805042,136.039519,7.765524,143.154795,135.379057,7.775738
142.889059,135.096413,7.792647,142.156149,134.355384,7.800766
142.247036,134.441431,7.805605,142.207641,134.405185,7.802455
141.580529,133.755252,7.825278,141.879707,134.043974,7.835732
141.506962,133.669442,7.837520,141.079706,133.233434,7.846272
141.042987,133.187424,7.855563,140.851812,132.980298,7.871515
140.267230,132.401085,7.866145,139.842830,131.993511,7.849319
139.958472,132.090605,7.867867,139.465934,131.603806,7.862127
139.829501,131.948194,7.881307,139.611995,131.730770,7.881226
139.591560,131.698894,7.892667,138.970402,131.084220,7.886183
139.347934,131.452546,7.895388,139.290914,131.392784,7.898129
139.026936,131.120662,7.906274,139.172274,131.270705,7.901570
138.930235,131.021881,7.908354,138.272653,130.372618,7.900035
138.449280,130.535098,7.914182,138.677385,130.776928,7.900457
138.647020,130.729348,7.917673,138.538685,130.628219,7.910466
138.264044,130.339592,7.924452,138.831939,130.914001,7.917938
138.444368,130.519639,7.924729,139.165043,131.232498,7.932546
138.189332,130.250150,7.939182,137.584913,129.652832,7.932081
137.785172,129.839208,7.945964,138.235522,130.285849,7.949674
137.862896,129.912670,7.950226,138.266191,130.311406,7.954784
137.691213,129.744901,7.946312,138.236488,130.288723,7.947765
137.445844,129.491212,7.954632,137.719598,129.776615,7.942983
137.297217,129.345352,7.951866,138.393744,130.436925,7.956820
137.420758,129.455597,7.965161,137.936786,129.979667,7.957119
137.371097,129.402719,7.968378,138.264747,130.300526,7.964221
137.007763,129.041134,7.966630,137.984692,130.013066,7.971625
136.984076,129.006143,7.977933,137.054206,129.084907,7.969298
136.962643,128.981969,7.980675,137.879996,129.902646,7.977350
137.058003,129.072607,7.985395,137.461894,129.472296,7.989599
136.847664,128.866022,7.981642,137.573901,129.594520,7.979381
137.026326,129.043497,7.982829,137.689212,129.695771,7.993441
136.814586,128.818426,7.996160,136.554783,128.556063,7.998720
136.567380,128.573302,7.994077,137.769174,129.779629,7.989545
136.791023,128.792171,7.998853,137.198860,129.198514,8.000345
136.678692,128.682478,7.996215,136.818819,128.822728,7.996090
136.767268,128.762242,8.005025,136.722345,128.715914,8.006430
136.388721,128.384026,8.004696,136.997571,128.995166,8.002404
136.462904,128.462632,8.000271,138.173087,130.183159,7.989928
136.758799,128.757664,8.001134,137.663989,129.662989,8.001000
136.254234,128.243630,8.010604,136.372645,128.365719,8.006925
136.056226,128.044726,8.011500,136.420804,128.409313,8.011492
136.334216,128.320067,8.014148,136.632901,128.629068,8.003833
136.218860,128.209046,8.009814,136.500180,128.496927,8.003254
135.686026,127.667181,8.018844,136.355938,128.341706,8.014231
135.788011,127.764194,8.023817,137.163792,129.147786,8.016006
136.136722,128.115139,8.021582,137.043709,129.020939,8.022771
136.385488,128.360314,8.025175,136.335893,128.321292,8.014601
136.018972,127.996051,8.022921,136.663612,128.653108,8.010505
135.705287,127.680084,8.025203,136.260620,128.243545,8.017075
135.814736,127.790644,8.024092,136.335485,128.319338,8.016146
135.971440,127.944441,8.026999,136.625512,128.599201,8.026310
136.108892,128.073893,8.035000,137.091092,129.053665,8.037427
136.225823,128.186522,8.039301,136.286659,128.257392,8.029268
136.227508,128.187143,8.040365,136.402938,128.367438,8.035501
136.090462,128.046266,8.044196,137.293088,129.265350,8.027737
136.285642,128.248256,8.037386,137.343267,129.308242,8.035024
136.078383,128.036780,8.041603,136.535350,128.501049,8.034301
136.206994,128.161026,8.045968,136.552362,128.516471,8.035892
135.969739,127.920974,8.048765,137.615578,129.572858,8.042719
136.023954,127.970712,8.053241,136.610500,128.569925,8.040575
136.165583,128.115283,8.050301,137.146963,129.106376,8.040587
135.971722,127.920973,8.050748,137.155565,129.112473,8.043094
136.222157,128.160066,8.062091,137.018157,128.965981,8.052176
135.679428,127.620703,8.058726,136.993469,128.949040,8.044430
135.944833,127.885679,8.059154,136.173022,128.115753,8.057269
135.417147,127.355472,8.061675,135.819809,127.771024,8.048785
135.486027,127.425895,8.060131,136.782055,128.729188,8.052866
136.057838,127.993538,8.064301,137.250745,129.198842,8.051903
136.160802,128.099239,8.061563,136.682120,128.627700,8.054420
135.614983,127.548320,8.066663,136.346190,128.292245,8.053945
135.604025,127.535897,8.068128,136.736083,128.675817,8.060266
135.957965,127.890024,8.067941,136.670852,128.609690,8.061162
136.175954,128.103769,8.072185,136.828885,128.771239,8.057645
135.721085,127.653979,8.067105,136.119629,128.060876,8.058753
136.239152,128.169861,8.069291,137.315416,129.252359,8.063057
135.899444,127.824394,8.075051,136.518596,128.447016,8.071579
135.968293,127.889070,8.079223,137.151604,129.077680,8.073923
135.820005,127.741879,8.078126,136.545308,128.474587,8.070721
136.225408,128.140446,8.084963,137.700046,129.623724,8.076322
136.410177,128.323347,8.086831,137.616466,129.544968,8.071498
136.389862,128.304902,8.084960,136.363993,128.290443,8.073549
136.066030,127.981022,8.085008,137.195435,129.120749,8.074685
136.063959,127.978705,8.085254,136.609750,128.532170,8.077580
135.924633,127.837232,8.087402,136.826602,128.743861,8.082741
136.058855,127.969870,8.088985,137.524756,129.434746,8.090010
136.206014,128.116670,8.089344,137.251085,129.176074,8.075011
136.402847,128.311627,8.091219,136.804500,128.719710,8.084790
136.255229,128.155219,8.100010,137.797564,129.698934,8.098630
136.194204,128.097609,8.096595,136.586808,128.498575,8.088233
136.289165,128.191427,8.097739,138.029836,129.930760,8.099075
136.441408,128.342295,8.099114,137.763376,129.674187,8.089189
136.306647,128.205033,8.101614,136.514026,128.427653,8.086372
135.722303,127.624478,8.097825,136.992603,128.897736,8.094866
136.052749,127.947724,8.105024,136.999880,128.900554,8.099326
135.741432,127.635839,8.105593,136.484076,128.392890,8.091187
135.912353,127.804977,8.107376,137.703120,129.598883,8.104238
136.057991,127.949834,8.108157,136.737091,128.640015,8.097075
136.093520,127.987991,8.105529,136.690911,128.591518,8.099393
136.373983,128.271284,8.102699,137.016264,128.927750,8.088515
136.215562,128.113854,8.101708,137.317982,129.220768,8.097213
136.156104,128.046506,8.109598,137.259145,129.163154,8.095992
135.895757,127.788421,8.107336,136.699043,128.597284,8.101760
135.891549,127.783760,8.107788,136.717881,128.615748,8.102133
136.039847,127.929258,8.110590,137.175163,129.077239,8.097923
135.863025,127.752853,8.110172,137.538813,129.439040,8.099773
135.845142,127.736074,8.109068,136.628729,128.538876,8.089854
136.246856,128.136517,8.110339,136.732584,128.630808,8.101777
135.953687,127.841652,8.112034,137.051433,128.949125,8.102308
136.065565,127.952929,8.112637,137.157646,129.053966,8.103680
136.109397,127.994008,8.115389,137.670291,129.563363,8.106928
135.758204,127.644725,8.113479,136.458884,128.357937,8.100947
136.063213,127.949913,8.113300,137.799995,129.699363,8.100631
136.174444,128.060419,8.114024,137.490986,129.382576,8.108410
135.921615,127.808611,8.113003,136.918237,128.817984,8.100253
136.022819,127.910487,8.112332,136.620874,128.519920,8.100954
135.958016,127.841084,8.116932,137.266707,129.163288,8.103418
136.146675,128.027377,8.119298,137.374226,129.269669,8.104557
136.375431,128.254833,8.120597,137.597960,129.489477,8.108483
136.346479,128.223745,8.122734,137.334131,129.218248,8.115883
136.098778,127.975953,8.122825,137.761156,129.646066,8.115090
136.149550,128.029585,8.119965,137.692124,129.584795,8.107328
136.110196,127.986617,8.123578,137.351379,129.237764,8.113615
136.067187,127.942642,8.124545,137.420293,129.311010,8.109283
136.563681,128.438458,8.125222,138.178717,130.063202,8.115515
136.148063,128.021432,8.126631,138.302789,130.183667,8.119123
136.131933,128.000477,8.131456,137.644367,129.518344,8.126023
136.322942,128.190888,8.132054,137.181379,129.064112,8.117267
135.881146,127.752663,8.128483,137.369925,129.249930,8.119994
136.450157,128.321882,8.128274,137.585842,129.465713,8.120129
136.544352,128.412106,8.132246,137.482859,129.363984,8.118875
136.465767,128.331710,8.134058,138.324151,130.197939,8.126211
136.435093,128.301185,8.133908,137.560849,129.435398,8.125450
136.522370,128.386091,8.136279,139.090160,130.964389,8.125771
136.464584,128.327616,8.136968,138.631130,130.499003,8.132127
136.647310,128.510441,8.136869,138.089194,129.960227,8.128967
136.228785,128.091394,8.137391,138.023226,129.900615,8.122611
136.847046,128.710649,8.136397,137.896476,129.775931,8.120544
136.425245,128.288892,8.136352,137.485754,129.359471,8.126284
136.126397,127.991257,8.135140,137.617763,129.496453,8.121310
136.358053,128.223775,8.134279,137.676621,129.551751,8.124870
136.503312,128.365033,8.138279,137.982524,129.851111,8.131414
136.628339,128.484507,8.143832,137.904648,129.771302,8.133346
136.865445,128.725678,8.139767,138.873143,130.736033,8.137109
137.211404,129.065394,8.146009,139.088263,130.943807,8.144456
137.218788,129.071807,8.146981,137.876862,129.743778,8.133084
136.668565,128.519710,8.148855,138.362463,130.224259,8.138205
137.255858,129.112856,8.143003,137.802670,129.667686,8.134984
137.126102,128.979254,8.146848,137.959446,129.822596,8.136850
137.109891,128.964997,8.144895,137.894166,129.760471,8.133695
136.947061,128.799161,8.147900,138.315072,130.170118,8.144954
137.338925,129.187221,8.151703,138.891374,130.747633,8.143740
137.449732,129.295276,8.154456,139.128001,130.980567,8.147435
137.263012,129.111439,8.151573,138.548780,130.413266,8.135513
