240.897190,237.333160,3.564030,191.935097,188.167459,3.767638
182.005686,175.291241,6.714445,167.894329,157.678483,10.215846
157.563805,144.881601,12.682205,148.569485,134.138827,14.430658
144.010213,128.197485,15.812728,138.842443,121.972907,16.869536
136.613578,118.860807,17.752772,132.900788,114.531559,18.369230
131.825951,112.771544,19.054407,129.073734,109.661983,19.411750
128.493872,108.708348,19.785524,126.317839,106.344240,19.973599
125.981680,105.703626,20.278055,124.406958,104.046634,20.360324
124.291094,103.656089,20.635006,122.827040,102.019472,20.807568
122.837529,101.925104,20.912425,121.890260,101.013889,20.876371
121.476289,100.411225,21.065064,120.895527,99.525873,21.369654
120.503390,99.289858,21.213532,119.809345,98.523830,21.285515
119.527586,98.243185,21.284401,118.995288,97.848504,21.146785
118.670329,97.347670,21.322659,118.259001,96.748109,21.510892
117.909262,96.409481,21.499781,117.596798,96.380789,21.216009
117.315513,95.765573,21.549940,116.487060,94.939091,21.547969
116.671133,95.042923,21.628211,116.479452,94.901491,21.577961
115.997580,94.401662,21.595918,116.148434,94.512375,21.636060
115.450558,93.747701,21.702857,115.300328,93.649705,21.650623
114.839038,93.109542,21.729496,114.860750,93.058398,21.802352
114.433966,92.613572,21.820394,114.878084,93.119281,21.758803
113.929218,92.167005,21.762213,113.983519,92.344705,21.638814
113.533365,91.712026,21.821338,113.467273,91.701541,21.765733
112.986942,91.229648,21.757294,113.509538,91.745464,21.764074
112.632877,90.792850,21.840027,112.711152,90.837130,21.874021
112.290547,90.460664,21.829884,112.493212,90.925452,21.567760
111.888156,90.098047,21.790109,112.227191,90.512269,21.714923
111.564397,89.776445,21.787952,111.815439,90.003055,21.812384
111.179244,89.334024,21.845220,111.708338,89.937963,21.770375
110.862107,89.013526,21.848581,111.329925,89.540775,21.789150
110.568479,88.714559,21.853920,111.059704,89.242772,21.816932
110.307209,88.506820,21.800389,110.621772,88.935781,21.685991
110.023531,88.151740,21.871791,110.613145,88.756289,21.856856
109.703327,87.896992,21.806335,110.509122,88.805352,21.703770
109.440553,87.614147,21.826406,110.014789,88.316790,21.698000
109.155714,87.369145,21.786569,109.713973,88.124617,21.589357
108.961353,87.139586,21.821767,109.969925,88.270608,21.699318
108.770871,86.975915,21.794956,109.524598,87.702115,21.822484
108.488615,86.644237,21.844378,109.177101,87.413206,21.763895
108.263562,86.425141,21.838421,109.075529,87.409985,21.665545
108.075846,86.291459,21.784387,108.611785,86.905073,21.706712
107.851384,86.051396,21.799989,108.631217,86.921293,21.709924
107.628106,85.856084,21.772022,108.585420,86.837995,21.747425
107.450210,85.633157,21.817053,108.231568,86.685536,21.546032
107.214448,85.429566,21.784882,108.051660,86.453795,21.597865
107.032055,85.208606,21.823449,108.163545,86.397762,21.765783
106.816529,85.037477,21.779052,107.688619,86.045875,21.642745
106.554779,84.780761,21.774018,107.521471,85.864781,21.656691
106.385069,84.689021,21.696049,107.548499,85.927271,21.621229
106.253009,84.540827,21.712181,107.436963,85.753324,21.683639
106.087675,84.351356,21.736318,107.146147,85.612759,21.533388
105.856162,84.197054,21.659108,106.819660,85.332178,21.487482
105.709111,84.017937,21.691174,107.091502,85.525371,21.566131
105.557781,83.888553,21.669228,106.798805,85.211577,21.587228
105.422763,83.772223,21.650540,106.557423,85.004962,21.552461
105.310708,83.588083,21.722625,106.629975,85.063641,21.566334
105.136057,83.448929,21.687128,106.325073,84.791829,21.533244
105.069084,83.369287,21.699797,106.328097,84.668016,21.660082
104.861580,83.136922,21.724658,106.123402,84.590154,21.533248
104.696267,83.039865,21.656401,106.179375,84.667926,21.511449
104.535152,82.875053,21.660099,106.033296,84.444214,21.589082
104.437350,82.752862,21.684488,105.721092,84.041036,21.680055
104.303582,82.623202,21.680381,105.650527,84.111096,21.539430
104.207535,82.520992,21.686543,105.361859,83.781053,21.580805
104.011248,82.357380,21.653869,105.575977,84.110706,21.465272
103.885180,82.195527,21.689653,105.359714,83.788341,21.571373
103.818409,82.105276,21.713133,105.294751,83.701915,21.592837
103.637792,81.921098,21.716694,104.994102,83.426101,21.568001
103.540968,81.824956,21.716013,105.109416,83.530627,21.578789
103.491127,81.788432,21.702695,105.068032,83.532143,21.535888
103.337867,81.594038,21.743829,104.613066,83.042557,21.570509
103.199247,81.503102,21.696146,104.342710,82.858141,21.484569
103.112728,81.423483,21.689244,104.489412,83.017824,21.471588
103.042004,81.269950,21.772054,104.609194,82.932719,21.676475
102.898698,81.140466,21.758232,104.599576,83.072159,21.527417
102.809663,81.087118,21.722545,104.509003,82.904731,21.604272
102.692239,80.944653,21.747586,104.510193,82.867477,21.642716
102.622924,80.837092,21.785832,104.481353,82.711079,21.770274
102.480408,80.707601,21.772807,104.213939,82.541201,21.672738
102.395315,80.652284,21.743031,104.129362,82.499629,21.629733
102.345175,80.554023,21.791152,103.941683,82.304633,21.637049
102.280663,80.468208,21.812456,103.791872,82.194226,21.597646
102.095958,80.281096,21.814863,103.893970,82.271709,21.622261
102.041334,80.256583,21.784752,103.936002,82.180570,21.755431
101.950270,80.154245,21.796024,103.912999,82.267406,21.645594
101.887503,80.090279,21.797224,103.716132,82.104002,21.612130
101.851044,80.032827,21.818217,103.672890,81.921996,21.750895
101.728188,79.901995,21.826194,103.565246,81.813721,21.751525
101.682950,79.880789,21.802162,103.325863,81.655954,21.669910
101.567928,79.767807,21.800121,103.250152,81.568729,21.681422
101.618027,79.748081,21.869946,103.461664,81.711076,21.750588
101.418656,79.504194,21.914462,103.255081,81.523211,21.731870
101.340582,79.514013,21.826569,103.156290,81.456938,21.699351
101.343464,79.544752,21.798712,103.108967,81.443473,21.665494
101.254679,79.420007,21.834672,103.512127,81.826844,21.685284
101.186420,79.314451,21.871968,103.529328,81.699670,21.829659
101.294731,79.358779,21.935953,103.152039,81.332933,21.819106
101.080550,79.194276,21.886274,103.113986,81.459544,21.654442
100.941753,79.084966,21.856787,103.065790,81.344966,21.720823
100.905795,79.076776,21.829019,102.908773,81.254675,21.654098
100.851413,79.002077,21.849335,103.262101,81.647214,21.614886
100.818565,78.966715,21.851851,103.076091,81.398114,21.677977
100.790043,78.965923,21.824120,102.932954,81.264915,21.668040
100.725297,78.841023,21.884274,102.899799,81.241067,21.658732
100.653076,78.783510,21.869566,102.804557,81.108197,21.696360
100.618941,78.705155,21.913786,103.101963,81.333489,21.768473
100.575711,78.653512,21.922199,102.617487,80.918648,21.698839
100.527489,78.632301,21.895188,102.857365,81.131971,21.725394
100.447394,78.589301,21.858093,102.873498,81.184812,21.688686
100.445291,78.532076,21.913215,102.643789,81.002402,21.641387
100.356459,78.433360,21.923099,102.684130,80.917684,21.766445
100.238855,78.316677,21.922178,102.730866,80.934989,21.795877
100.300046,78.410465,21.889581,102.644870,80.946529,21.698341
100.205106,78.337394,21.867712,102.560157,80.797723,21.762435
100.145666,78.260129,21.885537,102.589934,80.863668,21.726265
100.159457,78.300805,21.858652,102.700513,81.000079,21.700434
100.016776,78.169032,21.847744,102.212408,80.460474,21.751934
100.028199,78.066823,21.961376,102.525821,80.648793,21.877028
99.982739,78.151915,21.830824,102.526583,80.828165,21.698418
99.973172,78.097281,21.875892,102.377640,80.634781,21.742859
99.922391,78.028019,21.894372,102.447018,80.635603,21.811414
99.825372,77.886182,21.939190,102.436420,80.525837,21.910583
99.794967,77.862393,21.932574,102.344658,80.570121,21.774536
99.787808,77.837141,21.950667,102.201183,80.389101,21.812082
99.732217,77.802489,21.929728,102.586791,80.855946,21.730844
99.690113,77.799359,21.890754,102.457638,80.702164,21.755474
99.643349,77.705193,21.938156,102.017738,80.347171,21.670567
99.692447,77.770559,21.921888,102.308393,80.536846,21.771547
99.627306,77.681536,21.945770,102.241352,80.475527,21.765824
99.607164,77.652619,21.954546,102.254005,80.457468,21.796537
99.521309,77.572552,21.948758,101.859659,80.087548,21.772111
99.488454,77.526886,21.961568,102.273183,80.326121,21.947062
99.501709,77.483605,22.018104,102.108537,80.350751,21.757786
99.468910,77.509509,21.959400,102.053143,80.171196,21.881947
99.400115,77.423216,21.976898,102.099131,80.254607,21.844524
99.324452,77.354346,21.970106,101.967948,80.239381,21.728566
99.258367,77.245548,22.012819,102.061021,80.137868,21.923153
99.270568,77.273019,21.997549,102.142806,80.297913,21.844894
99.276176,77.273658,22.002517,102.166635,80.312062,21.854573
99.214917,77.153210,22.061707,102.282058,80.444055,21.838003
99.195989,77.150045,22.045944,102.052450,80.186599,21.865851
99.179660,77.202177,21.977483,102.115174,80.256193,21.858982
99.167498,77.127753,22.039745,101.887310,79.984899,21.902411
99.082464,77.082906,21.999558,102.041033,80.198003,21.843029
99.080392,77.060349,22.020044,101.715085,79.900185,21.814900
99.066613,77.054153,22.012460,101.920911,80.028042,21.892869
99.088142,77.110619,21.977523,101.819681,79.955279,21.864402
99.010110,76.993514,22.016596,102.012200,80.183696,21.828505
98.977393,76.981283,21.996110,101.724780,79.867080,21.857699
98.937413,76.926310,22.011104,101.881976,79.931705,21.950272
98.896800,76.889008,22.007793,101.834848,80.011291,21.823557
98.945783,76.929640,22.016143,101.950290,80.111989,21.838302
98.878179,76.862102,22.016077,101.839331,79.997432,21.841899
98.829051,76.766761,22.062290,101.609009,79.820264,21.788745
98.792508,76.794917,21.997591,101.940344,80.013675,21.926668
98.722053,76.724866,21.997187,101.869426,80.095329,21.774097
98.780614,76.789051,21.991563,101.756120,79.941483,21.814637
98.721692,76.754066,21.967626,101.666887,79.838605,21.828283
98.688692,76.693132,21.995560,101.706198,79.846931,21.859267
98.724562,76.698483,22.026079,101.750014,79.908273,21.841741
