238.212757,233.678602,4.534154,189.986679,185.404962,4.581716
174.500862,165.709721,8.791141,157.734563,144.990296,12.744266
151.014101,136.925841,14.088261,143.306397,127.763811,15.542586
140.057258,123.392517,16.664741,135.692070,118.009303,17.682768
133.759202,115.381925,18.377277,130.855523,111.528859,19.326664
129.866644,110.455073,19.411570,127.237039,107.238693,19.998347
126.959134,106.733904,20.225230,125.229908,104.569664,20.660244
124.787070,104.042777,20.744293,123.004711,101.949848,21.054863
123.081890,101.976367,21.105523,121.909683,100.674749,21.234935
121.654985,100.239351,21.415634,120.620961,99.163342,21.457619
120.416874,98.864488,21.552385,119.537650,97.940580,21.597070
119.380666,97.657491,21.723175,118.341383,96.667492,21.673892
118.342862,96.489161,21.853701,117.480762,95.770476,21.710286
117.528415,95.604585,21.923829,117.086526,95.195196,21.891330
116.894079,94.876016,22.018063,116.356495,94.351285,22.005210
116.080450,94.001702,22.078749,115.718469,93.770450,21.948019
115.481127,93.356599,22.124529,114.944552,92.919228,22.025323
114.833159,92.699114,22.134045,114.551722,92.494737,22.056985
114.319667,92.160187,22.159480,114.138526,91.957190,22.181335
113.892166,91.771259,22.120907,114.035669,91.992209,22.043459
113.332532,91.215904,22.116628,113.697865,91.604957,22.092908
112.911119,90.764666,22.146453,112.973342,90.903056,22.070286
112.433076,90.261484,22.171592,112.337385,90.379186,21.958199
112.120130,89.926668,22.193462,112.351723,90.265046,22.086677
111.733557,89.574339,22.159218,111.810319,89.694584,22.115735
111.324293,89.106599,22.217695,111.594329,89.487964,22.106366
110.959331,88.790874,22.168457,111.283611,89.109485,22.174125
110.634168,88.395902,22.238266,111.099877,88.816883,22.282994
110.273180,88.053521,22.219659,110.504616,88.589077,21.915540
109.989756,87.844833,22.144923,110.435987,88.344566,22.091421
109.652906,87.531951,22.120956,110.504929,88.257960,22.246969
109.403795,87.250271,22.153524,109.827316,87.691876,22.135439
109.019575,86.883464,22.136111,109.722686,87.755951,21.966735
108.851543,86.728576,22.122967,109.210429,87.165081,22.045349
108.537905,86.331813,22.206092,109.317441,87.144729,22.172711
108.254418,86.034455,22.219963,108.773349,86.576046,22.197303
107.968779,85.786013,22.182766,108.693154,86.519062,22.174093
107.789424,85.635053,22.154370,108.442700,86.341989,22.100711
107.510482,85.396017,22.114465,108.481462,86.403934,22.077527
107.347253,85.201968,22.145284,108.052258,86.034468,22.017790
107.103168,84.935959,22.167209,107.910280,85.891346,22.018934
106.891277,84.783288,22.107989,107.879516,85.832494,22.047022
106.662786,84.551025,22.111761,107.508760,85.431668,22.077092
106.404479,84.262362,22.142117,107.213721,85.099497,22.114224
106.211185,84.072410,22.138775,107.051294,84.933185,22.118109
106.083465,83.921817,22.161648,106.958911,84.868750,22.090161
105.847388,83.681300,22.166089,106.831249,84.865213,21.966037
105.686172,83.523629,22.162543,106.642917,84.580357,22.062560
105.526914,83.375655,22.151259,106.666287,84.550038,22.116249
105.284444,83.121201,22.163243,106.230975,84.115954,22.115021
105.074464,82.958040,22.116423,106.140766,84.062461,22.078305
105.033740,82.859698,22.174042,105.903401,83.773286,22.130115
104.855882,82.672232,22.183650,105.935713,83.793677,22.142036
104.719596,82.533671,22.185925,106.174260,84.062411,22.111850
104.535440,82.380669,22.154771,105.687484,83.632470,22.055013
104.508438,82.331356,22.177082,105.883223,83.639036,22.244186
104.360871,82.141735,22.219135,105.477353,83.258008,22.219346
104.159884,81.941026,22.218858,105.361726,83.280302,22.081424
104.101294,81.879024,22.222270,105.077741,82.906189,22.171552
103.860661,81.607560,22.253101,104.943061,82.719995,22.223067
103.726935,81.480053,22.246882,104.955112,82.711398,22.243714
103.582045,81.336877,22.245167,104.908593,82.664786,22.243808
103.506191,81.264532,22.241659,104.829526,82.711863,22.117662
103.390738,81.109393,22.281344,104.876365,82.688409,22.187956
103.257179,81.007987,22.249192,104.513118,82.452849,22.060268
103.135988,80.858589,22.277400,104.292064,82.047050,22.245013
103.076234,80.786730,22.289504,104.480718,82.275499,22.205219
102.913500,80.679354,22.234146,104.403528,82.324152,22.079376
102.912493,80.704708,22.207785,103.995170,81.733503,22.261668
102.834356,80.521870,22.312487,104.015582,81.852630,22.162953
102.668935,80.310318,22.358617,103.992925,81.791427,22.201498
102.472979,80.231941,22.241038,103.823440,81.677138,22.146302
102.440838,80.210509,22.230330,103.990009,81.867443,22.122566
102.300784,80.090201,22.210583,103.839660,81.784232,22.055428
102.271114,80.019159,22.251955,103.513865,81.328241,22.185624
102.016617,79.748165,22.268452,103.668658,81.512498,22.156160
102.027457,79.797331,22.230127,103.457687,81.295741,22.161946
101.967171,79.721112,22.246059,103.345959,81.143477,22.202483
101.820610,79.559951,22.260659,103.443967,81.223599,22.220368
101.727326,79.516968,22.210358,103.354506,81.151320,22.203186
101.704404,79.438567,22.265837,103.375926,81.162343,22.213582
101.632445,79.294117,22.338328,103.162554,80.961247,22.201306
101.496864,79.224567,22.272297,103.344834,81.138012,22.206822
101.402468,79.155692,22.246776,102.938630,80.841065,22.097565
101.391151,79.116018,22.275133,102.981419,80.768443,22.212976
101.319478,78.978995,22.340483,102.860319,80.594556,22.265763
101.189453,78.859743,22.329711,102.988263,80.852350,22.135913
101.207929,78.902006,22.305923,102.940418,80.710963,22.229455
101.147875,78.828310,22.319565,102.946294,80.691739,22.254555
101.051682,78.717913,22.333770,102.880217,80.578535,22.301682
100.951325,78.586249,22.365076,102.799724,80.589458,22.210266
100.889523,78.629476,22.260047,102.786551,80.622339,22.164213
100.943754,78.607142,22.336612,102.844240,80.554668,22.289573
100.828805,78.460481,22.368324,102.846994,80.518454,22.328541
100.707554,78.377565,22.329990,102.692301,80.387200,22.305101
100.736092,78.427252,22.308839,102.539026,80.341516,22.197510
100.640436,78.320211,22.320225,102.807967,80.619977,22.187990
100.563143,78.228033,22.335110,102.587195,80.293180,22.294015
100.539943,78.204777,22.335166,102.637348,80.333984,22.303363
100.512990,78.146439,22.366551,102.567067,80.389459,22.177608
100.408270,78.102977,22.305293,102.542945,80.275864,22.267081
100.358881,78.030541,22.328341,102.428987,80.288753,22.140234
100.302684,78.004530,22.298154,102.372051,80.128733,22.243318
100.238421,77.933424,22.304997,102.465904,80.327838,22.138066
100.209738,77.938830,22.270908,102.471016,80.274467,22.196549
100.179454,77.895865,22.283588,102.289463,80.134744,22.154720
100.085593,77.795086,22.290507,102.077005,79.991146,22.085859
100.000032,77.708678,22.291354,102.409216,80.249601,22.159615
99.995723,77.713922,22.281800,102.163490,80.034035,22.129455
99.948967,77.668920,22.280046,102.207440,79.935837,22.271602
99.884203,77.586904,22.297299,102.164655,80.077102,22.087553
99.836392,77.556080,22.280312,102.118517,79.964579,22.153938
99.799383,77.475513,22.323870,101.864598,79.612484,22.252115
99.838851,77.515898,22.322953,102.512673,80.069844,22.442829
99.724911,77.349753,22.375158,102.052824,79.844972,22.207852
99.720563,77.396652,22.323910,102.147062,79.922756,22.224306
99.671396,77.348129,22.323267,101.905053,79.685448,22.219605
99.596714,77.244155,22.352559,102.243911,79.911492,22.332419
99.583647,77.229121,22.354525,101.961302,79.749000,22.212303
99.585335,77.255591,22.329745,101.998605,79.802100,22.196504
99.546832,77.229677,22.317155,101.860377,79.623270,22.237107
99.501100,77.131886,22.369215,101.867516,79.650819,22.216697
99.465479,77.129723,22.335756,101.855604,79.605990,22.249614
99.492736,77.182434,22.310303,101.756014,79.516603,22.239411
99.408514,77.104724,22.303790,101.870974,79.602607,22.268367
99.419659,77.046646,22.373014,101.817448,79.565268,22.252180
99.344029,76.959430,22.384598,101.649501,79.421495,22.228007
99.297302,76.891417,22.405885,101.693363,79.379490,22.313873
99.393886,76.998244,22.395643,101.801709,79.550797,22.250912
99.270168,76.930625,22.339543,101.559123,79.388008,22.171115
99.199105,76.808733,22.390372,101.710334,79.428782,22.281551
99.220689,76.823036,22.397653,101.705572,79.420623,22.284949
99.209470,76.826947,22.382522,101.750451,79.544127,22.206325
99.191978,76.795780,22.396198,101.800192,79.447705,22.352487
99.194953,76.747456,22.447498,101.611050,79.259795,22.351255
99.167857,76.759787,22.408070,101.680393,79.392419,22.287974
99.153115,76.740964,22.412152,101.653822,79.283036,22.370786
99.088800,76.635778,22.453023,101.554719,79.220827,22.333891
99.042369,76.624562,22.417808,101.767407,79.447587,22.319819
99.087041,76.643123,22.443918,101.559675,79.232712,22.326964
99.035338,76.592912,22.442426,101.703162,79.396634,22.306528
98.998115,76.563530,22.434585,101.511525,79.164912,22.346613
98.974919,76.537254,22.437665,101.688323,79.314834,22.373488
99.009481,76.560770,22.448711,101.502935,79.172569,22.330366
98.900892,76.437489,22.463404,101.580368,79.246481,22.333887
98.933792,76.493117,22.440675,101.713042,79.298116,22.414926
98.925354,76.477021,22.448332,101.632193,79.304260,22.327933
98.893577,76.452803,22.440774,101.721398,79.329594,22.391804
98.827402,76.387073,22.440329,101.519521,79.090474,22.429047
98.886402,76.380524,22.505878,101.447700,79.092719,22.354982
98.732674,76.289088,22.443586,101.379759,79.022060,22.357699
98.785876,76.325340,22.460537,101.511206,79.147149,22.364058
98.732881,76.258271,22.474610,101.633892,79.245584,22.388308
98.752749,76.280513,22.472236,101.518497,79.158497,22.360000
98.783372,76.271772,22.511601,101.561359,79.180086,22.381273
98.755256,76.303846,22.451410,101.596217,79.249585,22.346633
98.742474,76.240972,22.501502,101.642580,79.141411,22.501168
98.717563,76.222066,22.495497,101.456609,79.049584,22.407025
98.648217,76.136096,22.512121,101.574304,79.163340,22.410964
98.649932,76.137052,22.512880,101.557555,79.082772,22.474783
