241.556043,238.366529,3.189514,190.494263,186.046754,4.447509
174.975554,166.412807,8.562747,158.734715,146.382093,12.352622
152.004448,137.890714,14.113734,144.793568,129.225688,15.567880
141.470593,124.894398,16.576195,137.111601,119.713825,17.397776
135.434287,117.465119,17.969169,131.709090,113.127194,18.581897
131.141914,112.089465,19.052450,129.125644,109.707025,19.418619
128.197395,108.392378,19.805017,126.130251,105.985684,20.144567
125.970301,105.569910,20.400391,125.380959,104.781655,20.599304
124.185460,103.335351,20.850109,122.333686,101.263429,21.070257
122.684137,101.375600,21.308538,121.598940,100.203633,21.395307
121.428561,99.858102,21.570459,120.552220,98.847654,21.704566
120.314867,98.514225,21.800642,119.939723,98.113806,21.825917
119.319928,97.345865,21.974063,118.646254,96.602569,22.043686
118.499850,96.384576,22.115274,117.556265,95.394008,22.162258
117.629857,95.428306,22.201551,116.813034,94.707483,22.105551
116.917777,94.691829,22.225948,116.093910,93.825738,22.268172
116.250552,93.851911,22.398642,115.678511,93.193019,22.485493
115.633936,93.153845,22.480091,115.368488,92.722275,22.646213
115.017287,92.507899,22.509388,114.676235,92.161952,22.514283
114.538114,91.989124,22.548991,114.140761,91.634438,22.506324
114.027417,91.479169,22.548249,113.447985,90.946611,22.501375
113.571096,90.945532,22.625564,113.330939,90.740513,22.590426
113.208081,90.553365,22.654716,112.949032,90.274002,22.675030
112.810949,90.138921,22.672028,113.033035,90.459894,22.573140
112.533340,89.801173,22.732167,112.387538,89.788350,22.599188
112.225989,89.487448,22.738541,112.580730,89.715305,22.865425
111.936712,89.103746,22.832966,112.000966,89.321768,22.679199
111.573620,88.839890,22.733729,111.974433,89.245350,22.729083
111.340385,88.574575,22.765810,111.762262,89.043739,22.718523
111.163824,88.385523,22.778300,111.704482,88.944016,22.760466
110.838771,88.041647,22.797123,111.194942,88.495468,22.699473
110.595695,87.775001,22.820694,111.295363,88.596225,22.699137
110.403758,87.554257,22.849501,110.593107,87.805535,22.787572
110.198052,87.304078,22.893974,110.704431,87.895720,22.808711
109.969315,87.052083,22.917232,110.488920,87.668287,22.820634
109.740336,86.838457,22.901879,110.223998,87.465634,22.758364
109.482640,86.634998,22.847642,110.007461,87.224103,22.783357
109.264764,86.379370,22.885395,110.028137,87.163746,22.864392
109.130241,86.221855,22.908386,110.075808,87.316515,22.759293
108.860715,85.977789,22.882925,109.732187,86.876937,22.855250
108.699249,85.849257,22.849992,109.489552,86.602825,22.886727
108.571274,85.683926,22.887348,109.554372,86.689731,22.864641
108.418939,85.464053,22.954886,109.327540,86.525881,22.801659
108.211731,85.309193,22.902538,109.188333,86.318163,22.870169
108.098732,85.113643,22.985089,108.901666,86.021967,22.879699
107.901515,84.931307,22.970208,108.862719,85.887257,22.975462
107.775048,84.801539,22.973509,108.582877,85.678026,22.904851
107.589050,84.577271,23.011779,108.685942,85.708122,22.977820
107.435966,84.369563,23.066403,108.364903,85.404382,22.960522
107.284271,84.278819,23.005452,108.512074,85.528575,22.983500
107.187356,84.183687,23.003669,108.404193,85.466365,22.937828
107.024957,83.973209,23.051749,108.216979,85.187767,23.029212
106.892996,83.863023,23.029973,108.190834,85.128400,23.062435
106.767002,83.694072,23.072929,107.996730,84.978486,23.018243
106.646114,83.524738,23.121376,107.604421,84.586650,23.017771
106.559468,83.469591,23.089877,107.855477,84.894408,22.961070
106.342855,83.241561,23.101294,107.773374,84.693965,23.079409
106.238881,83.164234,23.074646,107.654126,84.560107,23.094019
106.137036,83.027209,23.109827,107.464731,84.407469,23.057262
105.991601,82.876432,23.115169,107.598857,84.600006,22.998851
105.860704,82.768670,23.092033,107.043966,84.099523,22.944444
105.670861,82.607901,23.062959,107.049309,84.085905,22.963404
105.653099,82.520573,23.132527,106.992385,83.874683,23.117702
105.505431,82.408461,23.096970,107.003921,83.909837,23.094084
105.360987,82.264572,23.096415,106.720538,83.627404,23.093135
105.274493,82.169377,23.105116,106.702052,83.693497,23.008555
105.123522,82.016445,23.107077,106.847492,83.754145,23.093347
105.062697,81.935228,23.127469,106.534228,83.481834,23.052394
104.876966,81.701334,23.175632,106.193261,83.103127,23.090134
104.839997,81.632878,23.207119,106.473502,83.295175,23.178326
104.720289,81.545441,23.174848,106.206708,83.145245,23.061462
104.668881,81.479646,23.189235,106.300107,83.088179,23.211928
104.545759,81.340160,23.205599,106.082897,83.022897,23.060000
104.477013,81.300733,23.176280,106.180370,82.995395,23.184976
104.370120,81.127775,23.242345,105.924257,82.791350,23.132907
104.314988,81.058632,23.256356,106.260345,83.110350,23.149995
104.295874,81.043822,23.252052,106.079185,82.919351,23.159835
104.190752,80.931627,23.259125,105.993728,82.775058,23.218670
104.062089,80.812090,23.249999,106.012084,82.828591,23.183493
104.001842,80.744201,23.257641,105.813453,82.679395,23.134058
103.934477,80.659505,23.274972,105.965426,82.815788,23.149639
103.841771,80.605693,23.236078,106.022890,82.855195,23.167694
103.798573,80.544572,23.254001,105.696036,82.508397,23.187639
103.719074,80.445713,23.273361,105.790100,82.561253,23.228847
103.698679,80.411353,23.287326,105.570443,82.339477,23.230965
103.612162,80.266027,23.346135,105.594712,82.405956,23.188756
103.650015,80.320928,23.329087,105.782896,82.536610,23.246286
103.473492,80.181327,23.292165,105.433315,82.198801,23.234514
103.399723,80.130516,23.269207,105.498551,82.386979,23.111572
103.415805,80.105762,23.310043,105.134789,81.897972,23.236817
103.298069,80.023891,23.274178,105.314294,82.156346,23.157947
103.222548,79.939729,23.282819,105.522514,82.337883,23.184631
103.212293,79.941839,23.270454,105.065005,81.845500,23.219505
103.101054,79.813314,23.287739,105.305218,82.124976,23.180243
103.038189,79.762267,23.275922,105.113470,81.943927,23.169544
103.013854,79.682780,23.331074,105.206614,81.871968,23.334647
102.991679,79.686570,23.305109,105.182986,82.067642,23.115344
102.895297,79.599244,23.296054,105.307531,82.102130,23.205401
102.819138,79.526503,23.292635,104.946755,81.765148,23.181607
102.750932,79.436944,23.313987,105.114059,81.922418,23.191641
102.741295,79.433125,23.308170,104.890209,81.670421,23.219788
102.695964,79.345017,23.350947,105.156179,81.873443,23.282735
102.683653,79.321003,23.362650,105.024755,81.727733,23.297022
102.647765,79.300488,23.347278,105.181669,81.918292,23.263377
102.537420,79.173885,23.363535,105.072413,81.791081,23.281333
102.472229,79.112057,23.360173,104.680647,81.479355,23.201292
102.477375,79.110167,23.367207,104.721308,81.440672,23.280637
102.439867,79.054233,23.385634,104.936510,81.633818,23.302692
102.437853,79.061641,23.376212,104.753584,81.460129,23.293455
102.331752,78.929982,23.401770,104.720663,81.471027,23.249636
102.340913,78.974132,23.366780,104.996612,81.711847,23.284765
102.193327,78.839971,23.353356,104.977277,81.675398,23.301879
102.230792,78.827855,23.402937,104.751588,81.464171,23.287417
102.162611,78.791546,23.371065,104.559537,81.264750,23.294788
102.129462,78.680512,23.448949,104.555611,81.281311,23.274300
102.052619,78.622919,23.429700,104.922154,81.566412,23.355741
102.075944,78.629433,23.446511,104.664479,81.286576,23.377902
102.049977,78.584053,23.465923,104.803416,81.359556,23.443860
102.034236,78.506490,23.527747,104.451177,81.000514,23.450663
101.932895,78.431136,23.501759,104.601757,81.257648,23.344109
101.910702,78.380278,23.530424,104.492995,80.967441,23.525554
101.909288,78.313884,23.595404,104.461760,80.994579,23.467182
101.836265,78.284393,23.551872,104.704451,81.263053,23.441397
101.804461,78.260235,23.544226,104.576873,81.122442,23.454432
101.829957,78.287936,23.542020,104.588453,81.143241,23.445211
101.767466,78.168540,23.598927,104.590576,81.140159,23.450417
101.787909,78.234860,23.553049,104.675027,81.162948,23.512078
101.700715,78.083340,23.617374,104.699078,81.167037,23.532041
101.691372,78.081566,23.609806,104.512668,81.019667,23.493000
101.634330,77.996721,23.637609,104.505749,80.992435,23.513314
101.600687,77.970878,23.629809,104.444825,80.972138,23.472687
101.579481,77.930039,23.649442,104.537174,80.922242,23.614932
101.574330,77.902498,23.671832,104.627196,81.076628,23.550568
101.526486,77.875897,23.650590,104.786927,81.233632,23.553295
101.491788,77.828669,23.663120,104.464995,80.970229,23.494766
101.465017,77.831778,23.633239,104.554856,81.008203,23.546654
101.387399,77.732778,23.654621,104.508480,80.949667,23.558814
101.387496,77.723087,23.664409,104.387928,80.912526,23.475402
101.422117,77.706275,23.715841,104.524532,80.828851,23.695681
101.388788,77.655159,23.733629,104.389506,80.778110,23.611396
101.311239,77.597284,23.713955,104.325351,80.714181,23.611170
101.297455,77.552042,23.745413,104.422322,80.839447,23.582875
101.247140,77.514624,23.732516,104.524571,80.941850,23.582720
101.271516,77.500630,23.770886,104.326624,80.636092,23.690533
101.238649,77.484974,23.753675,104.422416,80.846623,23.575792
101.231741,77.494861,23.736880,104.373451,80.839346,23.534105
101.172603,77.405788,23.766815,104.410458,80.653210,23.757248
101.094228,77.316577,23.777651,104.495010,80.851527,23.643483
101.193974,77.411805,23.782169,104.271502,80.622011,23.649491
101.124463,77.361509,23.762954,104.455026,80.825677,23.629349
101.125908,77.368469,23.757439,104.490679,80.852854,23.637825
101.076337,77.295080,23.781257,104.449627,80.751346,23.698281
101.026930,77.233759,23.793171,104.427383,80.788240,23.639143
100.993101,77.252176,23.740925,104.369605,80.741509,23.628097
101.042038,77.209413,23.832625,104.275511,80.527042,23.748469
100.987386,77.143646,23.843740,104.496815,80.734094,23.762721
100.905455,77.072838,23.832618,104.111380,80.396072,23.715308
100.871138,77.014326,23.856811,104.414598,80.727823,23.686775
100.860561,77.024706,23.835855,104.353726,80.640020,23.713706
100.873473,77.009514,23.863959,104.267702,80.535618,23.732084
