216.602946,208.885876,7.717070,198.854562,190.686023,8.168539
195.608919,187.564076,8.044843,193.231089,185.308294,7.922796
185.293372,177.561456,7.731916,173.634673,165.989524,7.645148
167.785939,160.382111,7.403828,158.412084,151.228179,7.183906
155.082227,147.868081,7.214145,151.380492,144.121438,7.259054
150.249218,143.150691,7.098528,147.807796,140.790658,7.017139
146.733789,139.716084,7.017705,145.100767,138.081311,7.019456
144.499979,137.456898,7.043081,143.111893,136.120695,6.991197
143.151746,136.106719,7.045027,142.106736,135.021485,7.085251
141.826402,134.856887,6.969515,140.884926,133.965392,6.919534
140.616122,133.720277,6.895845,139.630663,132.677829,6.952834
139.294045,132.372395,6.921650,139.373807,132.482382,6.891425
138.506951,131.577254,6.929698,137.972461,131.091362,6.881098
137.790248,130.896803,6.893445,136.872718,129.995502,6.877216
136.917874,130.046601,6.871273,136.334158,129.503278,6.830880
136.194985,129.378448,6.816537,135.865560,129.031268,6.834293
135.372323,128.557884,6.814440,135.027834,128.191114,6.836719
134.438126,127.604905,6.833221,133.964130,127.163825,6.800305
133.869064,127.061481,6.807583,133.610426,126.779574,6.830852
133.486755,126.660870,6.825885,133.111011,126.285578,6.825432
133.021121,126.174841,6.846280,132.655383,125.847196,6.808188
132.807303,125.975207,6.832096,132.511501,125.670880,6.840621
132.266947,125.429735,6.837212,132.045954,125.214474,6.831479
131.989804,125.147114,6.842690,131.461892,124.598213,6.863680
131.525011,124.660571,6.864440,131.695161,124.859031,6.836131
131.223526,124.381556,6.841970,131.193119,124.347884,6.845235
131.045361,124.203266,6.842095,131.420242,124.569391,6.850851
130.781732,123.916510,6.865222,130.729560,123.903965,6.825595
130.560430,123.709797,6.850633,130.595280,123.769373,6.825907
130.339306,123.481473,6.857833,130.285077,123.410720,6.874357
130.188852,123.336704,6.852148,130.582254,123.725888,6.856366
129.978516,123.103391,6.875125,130.341823,123.472640,6.869183
129.767532,122.887115,6.880417,130.424777,123.586991,6.837786
129.707558,122.858319,6.849239,129.876205,123.028012,6.848191
129.521584,122.640020,6.881564,129.253236,122.337760,6.915476
129.296825,122.407999,6.888826,129.675904,122.797081,6.878823
129.285717,122.404649,6.881068,129.089609,122.226037,6.863572
129.182236,122.296022,6.886214,129.187949,122.306588,6.881361
129.041728,122.160498,6.881231,129.608129,122.771283,6.836847
129.013288,122.130952,6.882335,129.193000,122.322274,6.870725
128.797496,121.912495,6.885001,129.080861,122.201136,6.879725
128.721485,121.828057,6.893428,129.264881,122.421470,6.843410
128.610492,121.723618,6.886875,129.080257,122.214723,6.865533
128.548951,121.661948,6.887003,129.222119,122.331821,6.890299
128.489695,121.584942,6.904753,128.920242,122.041451,6.878791
128.451794,121.543286,6.908507,128.991291,122.105256,6.886035
128.299017,121.388205,6.910812,128.491130,121.598084,6.893047
128.227746,121.340806,6.886940,128.689058,121.826761,6.862297
128.209128,121.309005,6.900123,128.495225,121.591796,6.903430
128.061047,121.157872,6.903175,128.966552,122.111274,6.855277
128.059955,121.165842,6.894113,128.182496,121.298499,6.883996
127.995076,121.108750,6.886326,128.369030,121.499460,6.869570
127.834159,120.922206,6.911953,128.280365,121.363973,6.916392
127.763518,120.847710,6.915808,128.382301,121.516867,6.865434
127.645696,120.734336,6.911359,127.997604,121.074803,6.922801
127.656606,120.742709,6.913897,128.140108,121.251246,6.888863
127.478560,120.558540,6.920020,128.091455,121.175273,6.916181
127.470823,120.549231,6.921592,128.616159,121.744969,6.871190
127.477008,120.547617,6.929391,127.994349,121.094939,6.899410
127.344879,120.418950,6.925930,128.117787,121.229382,6.888405
127.227403,120.302940,6.924463,127.918808,121.019076,6.899731
127.171975,120.242491,6.929484,128.110018,121.221118,6.888901
127.174169,120.268353,6.905816,128.048068,121.166709,6.881359
127.236297,120.328885,6.907412,128.203583,121.331735,6.871848
127.058594,120.136145,6.922449,127.528655,120.628025,6.900630
127.138251,120.235533,6.902718,127.906291,121.022715,6.883576
127.036383,120.137060,6.899322,127.654297,120.778148,6.876150
127.002964,120.080966,6.921999,127.584837,120.687346,6.897491
126.877699,119.955986,6.921712,127.875022,120.989035,6.885987
126.902056,119.982146,6.919911,127.813573,120.929969,6.883604
126.899784,119.988977,6.910806,128.083386,121.203618,6.879768
126.928018,120.008187,6.919831,127.932401,121.057539,6.874862
126.772283,119.846069,6.926214,127.760779,120.887658,6.873121
126.687944,119.751391,6.936553,127.440682,120.518655,6.922027
126.675577,119.751660,6.923917,127.818072,120.938315,6.879756
126.636008,119.700778,6.935230,127.736118,120.830111,6.906007
126.558020,119.623651,6.934369,127.573457,120.693549,6.879908
126.472249,119.534045,6.938204,127.182729,120.302988,6.879740
126.543591,119.615266,6.928325,127.518370,120.594761,6.923608
126.429361,119.485826,6.943535,127.934077,121.061551,6.872526
126.412152,119.472852,6.939300,127.634764,120.746622,6.888143
126.465046,119.537787,6.927259,127.432454,120.545803,6.886652
126.407815,119.468127,6.939687,127.402143,120.489704,6.912438
126.357488,119.423272,6.934215,127.781505,120.869650,6.911856
126.286672,119.338613,6.948059,127.420541,120.507898,6.912643
126.178342,119.237796,6.940545,127.536265,120.648453,6.887813
126.278968,119.337759,6.941210,127.385949,120.467263,6.918687
126.159101,119.213472,6.945629,127.255726,120.369608,6.886118
126.173411,119.228539,6.944872,127.452059,120.511903,6.940157
126.011967,119.070690,6.941277,127.306529,120.406134,6.900396
126.091012,119.144539,6.946473,127.116703,120.197786,6.918916
126.061876,119.110848,6.951027,126.677689,119.754100,6.923589
125.910068,118.962320,6.947747,127.171942,120.256550,6.915392
125.927943,118.991745,6.936199,127.046404,120.143047,6.903356
125.891091,118.946944,6.944147,127.238994,120.334500,6.904494
125.997503,119.055275,6.942228,126.876417,119.976818,6.899600
126.013899,119.067953,6.945945,127.003668,120.078255,6.925413
125.883457,118.941862,6.941596,127.043090,120.135189,6.907901
125.796193,118.848042,6.948151,127.197290,120.303588,6.893702
125.763538,118.821930,6.941608,127.026480,120.112545,6.913934
125.711522,118.760411,6.951111,126.527750,119.599437,6.928313
125.798657,118.851501,6.947156,127.190599,120.259752,6.930847
125.745081,118.791739,6.953342,127.197430,120.257717,6.939712
125.650256,118.698165,6.952090,127.147602,120.272230,6.875371
125.705659,118.760961,6.944698,126.987957,120.079775,6.908182
125.710569,118.759807,6.950762,126.987040,120.044763,6.942277
125.620941,118.653076,6.967865,126.898966,119.976497,6.922470
125.630956,118.687993,6.942963,127.033226,120.138227,6.894999
125.548079,118.577846,6.970233,126.994582,120.088326,6.906256
125.437172,118.478276,6.958896,126.685434,119.741465,6.943969
125.465475,118.490418,6.975057,126.713894,119.784398,6.929496
125.455096,118.491280,6.963816,127.110623,120.172976,6.937647
125.391840,118.419500,6.972340,127.096707,120.195020,6.901686
125.477163,118.508807,6.968356,127.042384,120.142615,6.899769
125.496279,118.530650,6.965629,126.975453,120.045702,6.929751
125.507730,118.542809,6.964921,126.794656,119.900748,6.893908
125.431930,118.491051,6.940879,126.985008,120.068370,6.916639
125.434804,118.477560,6.957244,127.010816,120.072461,6.938355
125.478606,118.530360,6.948246,126.508620,119.562427,6.946194
125.379289,118.406013,6.973276,126.942790,120.019315,6.923474
125.347299,118.390976,6.956323,126.895253,119.977718,6.917535
125.257926,118.307021,6.950904,126.830953,119.923557,6.907396
125.413790,118.459203,6.954586,126.975854,120.050025,6.925829
125.318105,118.354292,6.963813,126.867860,119.952022,6.915838
125.260986,118.304706,6.956280,127.241562,120.313446,6.928115
125.339339,118.369806,6.969533,127.098632,120.162462,6.936170
125.296214,118.335282,6.960932,126.961019,120.034450,6.926569
125.298644,118.339414,6.959230,126.927208,120.003012,6.924196
125.214776,118.248169,6.966607,126.709513,119.811155,6.898358
125.257572,118.294402,6.963170,126.896362,119.980252,6.916110
125.226127,118.263402,6.962725,126.281969,119.343597,6.938372
125.222911,118.278466,6.944445,126.924979,120.011563,6.913416
125.220335,118.245381,6.974954,126.691981,119.785329,6.906652
125.099008,118.116912,6.982096,126.096166,119.141836,6.954330
125.018114,118.049799,6.968315,126.762672,119.852816,6.909857
125.137280,118.169861,6.967419,127.150579,120.224862,6.925717
125.124725,118.160351,6.964373,127.224139,120.322108,6.902031
124.994958,118.021458,6.973500,126.609275,119.666174,6.943101
125.002841,118.035533,6.967308,126.537406,119.601707,6.935699
125.013387,118.036309,6.977078,126.514444,119.577878,6.936565
124.927500,117.947876,6.979624,126.467497,119.551383,6.916114
125.036165,118.062591,6.973575,126.781449,119.867336,6.914113
125.037940,118.078604,6.959336,126.671359,119.751390,6.919969
124.999928,118.035308,6.964620,127.045092,120.123830,6.921262
124.879847,117.912225,6.967622,126.404845,119.490752,6.914092
124.960262,117.983022,6.977241,126.296093,119.368861,6.927232
124.960004,117.977510,6.982493,126.576832,119.652341,6.924491
124.975763,118.007354,6.968409,126.838427,119.913251,6.925176
124.944873,117.966594,6.978279,126.363301,119.413119,6.950182
124.972536,117.996603,6.975933,126.346395,119.407792,6.938603
124.928745,117.958894,6.969852,126.736793,119.792615,6.944177
124.807233,117.822347,6.984886,126.408613,119.480216,6.928397
124.873495,117.891071,6.982424,126.478745,119.538754,6.939991
124.883658,117.888322,6.995336,126.277450,119.324048,6.953401
124.779816,117.797826,6.981990,127.032342,120.121780,6.910563
124.879750,117.909694,6.970055,126.600408,119.669759,6.930649
124.739373,117.755975,6.983398,126.396239,119.437955,6.958284
124.722075,117.730411,6.991664,126.193185,119.246176,6.947010
124.758423,117.786595,6.971828,126.242196,119.278613,6.963583
124.772426,117.778751,6.993675,126.730142,119.789890,6.940252
