204.036628,200.132857,3.903771,180.235963,173.996533,6.239431
164.293003,157.403097,6.889907,155.032532,147.873224,7.159308
152.714978,145.470503,7.244474,150.445648,143.149407,7.296241
149.191504,141.845843,7.345661,147.435745,140.030248,7.405497
146.858416,139.439058,7.419359,145.869866,138.431684,7.438182
145.147333,137.723610,7.423723,144.183831,136.756391,7.427440
143.786170,136.346513,7.439656,142.640684,135.207770,7.432913
142.760611,135.332405,7.428205,142.144650,134.702525,7.442125
141.812001,134.367926,7.444075,141.541775,134.084857,7.456917
141.277397,133.826708,7.450689,140.470581,133.045421,7.425160
140.572538,133.117405,7.455133,140.060018,132.617810,7.442208
140.143858,132.697899,7.445959,139.665673,132.230407,7.435267
139.482200,132.046845,7.435355,139.183047,131.731927,7.451119
139.094742,131.632132,7.462611,138.823384,131.378217,7.445168
138.666308,131.218867,7.447441,138.802638,131.388560,7.414077
138.081674,130.660513,7.421160,137.941701,130.492978,7.448723
137.845040,130.406266,7.438774,137.932347,130.481798,7.450549
137.499026,130.041808,7.457218,138.157425,130.700273,7.457152
137.300924,129.846284,7.454639,137.281188,129.816485,7.464703
136.977774,129.538733,7.439041,137.642675,130.167854,7.474822
136.725719,129.269568,7.456150,136.552594,129.072907,7.479686
136.458873,128.998892,7.459981,136.719734,129.284005,7.435730
136.237014,128.781008,7.456006,136.549851,129.126187,7.423664
136.122925,128.691203,7.431722,135.952105,128.562033,7.390073
135.832331,128.398917,7.433414,136.163582,128.729593,7.433990
135.671679,128.220962,7.450717,135.830067,128.381689,7.448378
135.518635,128.076476,7.442159,136.009716,128.557298,7.452418
135.329607,127.887920,7.441687,135.710150,128.290579,7.419571
135.097423,127.659513,7.437909,135.113103,127.663233,7.449869
134.983884,127.536441,7.447443,134.775660,127.376820,7.398840
134.608419,127.177689,7.430730,134.819053,127.395814,7.423239
134.408908,126.970174,7.438733,135.083386,127.634867,7.448519
134.399889,126.963155,7.436733,134.893350,127.459294,7.434055
134.133138,126.692322,7.440816,134.492653,127.095420,7.397234
134.036576,126.603857,7.432719,134.411833,126.978877,7.432956
134.018621,126.572140,7.446480,134.111791,126.661244,7.450547
133.906320,126.453080,7.453240,134.075374,126.655554,7.419819
133.779144,126.327140,7.452004,134.297898,126.859801,7.438097
133.654834,126.194247,7.460587,133.987068,126.534785,7.452283
133.682512,126.211930,7.470582,134.664303,127.225899,7.438403
133.500169,126.041424,7.458745,133.900411,126.455461,7.444950
133.435451,125.966373,7.469078,134.002337,126.555191,7.447146
133.292685,125.814489,7.478197,134.452709,127.001299,7.451409
133.499577,126.018128,7.481449,134.194250,126.703122,7.491129
133.318868,125.818608,7.500261,133.020069,125.533829,7.486240
133.165920,125.683956,7.481965,133.881686,126.428819,7.452868
133.187703,125.713870,7.473833,133.549951,126.111272,7.438679
132.945321,125.469247,7.476074,133.377351,125.920289,7.457062
132.913084,125.442537,7.470546,133.833992,126.424457,7.409536
132.894356,125.437812,7.456544,133.162549,125.719774,7.442776
132.709834,125.224195,7.485639,133.018522,125.563169,7.455353
132.482395,124.996123,7.486272,133.077594,125.605291,7.472303
132.370697,124.873995,7.496702,133.308740,125.839103,7.469637
132.382799,124.901794,7.481005,133.129592,125.653540,7.476051
132.293853,124.822973,7.470880,133.266196,125.841325,7.424871
132.401323,124.924738,7.476585,133.230877,125.777240,7.453636
132.263444,124.788521,7.474923,132.469207,125.016463,7.452744
132.110060,124.619746,7.490314,133.591902,126.128730,7.463171
132.158647,124.656946,7.501700,132.945118,125.494697,7.450421
131.923239,124.418557,7.504682,132.965414,125.483924,7.481490
131.918313,124.419986,7.498328,133.042281,125.575837,7.466444
131.971798,124.476413,7.495386,132.902847,125.437805,7.465042
131.689055,124.176954,7.512101,132.598957,125.121320,7.477636
131.562986,124.049342,7.513644,132.756118,125.276432,7.479687
131.681380,124.173586,7.507794,132.185623,124.729824,7.455799
131.621173,124.122970,7.498203,132.411067,124.964724,7.446342
131.677525,124.171272,7.506253,132.630508,125.146971,7.483537
131.441308,123.917372,7.523936,132.445738,124.945927,7.499811
131.165680,123.654811,7.510869,132.187804,124.709238,7.478566
131.228968,123.730031,7.498938,132.401128,124.969515,7.431615
131.212002,123.726540,7.485462,132.415342,124.961750,7.453591
131.082679,123.588917,7.493762,132.207492,124.751233,7.456259
131.024613,123.512897,7.511716,132.686283,125.202756,7.483526
130.974551,123.465052,7.509499,131.890119,124.413521,7.476598
130.969089,123.460719,7.508370,131.500178,124.042184,7.457994
130.826388,123.322817,7.503571,132.510363,125.024855,7.485508
130.901123,123.397254,7.503870,131.802307,124.342377,7.459930
130.853074,123.359039,7.494035,132.009515,124.543099,7.466417
130.951612,123.458614,7.492999,131.829909,124.366254,7.463655
130.574485,123.052843,7.521642,131.512064,124.025642,7.486423
130.628093,123.104554,7.523540,131.453176,123.936584,7.516591
130.529162,123.001197,7.527965,131.897183,124.413237,7.483946
130.429314,122.906186,7.523128,131.257933,123.769933,7.488001
130.454147,122.934054,7.520093,131.481021,124.014889,7.466132
130.554689,123.042001,7.512688,131.828479,124.348765,7.479713
130.358935,122.843559,7.515376,131.614358,124.135068,7.479290
130.376696,122.854469,7.522226,131.541266,124.055343,7.485923
130.199518,122.660883,7.538634,131.321902,123.830040,7.491863
130.232287,122.696480,7.535808,131.833433,124.349619,7.483814
130.413851,122.882477,7.531374,131.608176,124.108381,7.499795
130.157648,122.619436,7.538212,131.075549,123.552439,7.523110
130.217369,122.685161,7.532209,131.333781,123.843941,7.489840
130.079073,122.538775,7.540297,131.957419,124.465092,7.492326
130.292957,122.756825,7.536132,131.512412,123.995203,7.517209
130.249882,122.716801,7.533081,131.580242,124.079877,7.500364
130.392612,122.843523,7.549089,131.468505,123.969757,7.498749
130.246723,122.707653,7.539070,131.872306,124.391047,7.481260
130.256296,122.718052,7.538244,131.051381,123.541426,7.509955
130.186377,122.633503,7.552874,132.304653,124.798738,7.505916
130.259007,122.715521,7.543486,131.520403,124.016635,7.503768
130.268310,122.726921,7.541390,131.479173,123.980292,7.498881
130.255366,122.704021,7.551345,131.712816,124.203708,7.509108
130.142890,122.609647,7.533243,131.305179,123.822769,7.482410
130.053092,122.505036,7.548056,131.193934,123.672950,7.520984
129.981599,122.425826,7.555773,131.414178,123.903228,7.510950
130.127422,122.565550,7.561871,131.581913,124.051133,7.530780
129.989129,122.434295,7.554833,131.708075,124.208677,7.499399
129.931339,122.372007,7.559332,131.373602,123.866860,7.506742
130.080149,122.525198,7.554951,131.316727,123.803038,7.513689
129.984629,122.426203,7.558427,131.385200,123.866350,7.518850
129.979864,122.414844,7.565020,131.591561,124.069666,7.521894
130.061354,122.482142,7.579213,131.483006,123.948720,7.534287
130.021533,122.446073,7.575461,131.804521,124.267485,7.537036
130.181619,122.612484,7.569135,131.724705,124.216389,7.508316
130.031436,122.473120,7.558316,131.280485,123.748541,7.531944
129.891837,122.321732,7.570105,131.606052,124.098441,7.507611
130.032840,122.477440,7.555400,131.414304,123.895648,7.518657
129.854355,122.290456,7.563899,131.303201,123.767815,7.535386
129.863004,122.287268,7.575736,131.299120,123.780452,7.518667
129.933421,122.365162,7.568260,131.230482,123.711789,7.518693
129.793971,122.227415,7.566556,131.380622,123.845594,7.535028
129.711224,122.134609,7.576615,131.466456,123.953228,7.513228
129.966533,122.405643,7.560890,131.925627,124.420421,7.505206
129.906414,122.335845,7.570569,131.374714,123.834699,7.540015
129.742479,122.167667,7.574812,131.265918,123.731540,7.534378
129.742109,122.170383,7.571727,131.186756,123.666140,7.520615
129.660763,122.079261,7.581501,131.090295,123.555794,7.534500
129.784152,122.205541,7.578611,131.743586,124.218149,7.525437
129.865687,122.284363,7.581324,131.067132,123.527976,7.539157
129.654354,122.081965,7.572388,131.665849,124.165045,7.500804
129.825945,122.260982,7.564963,131.405064,123.880100,7.524966
129.734597,122.155324,7.579272,131.430668,123.906570,7.524099
129.809503,122.219129,7.590374,131.394987,123.843240,7.551747
129.805494,122.215740,7.589754,131.406615,123.857157,7.549457
129.727330,122.135553,7.591778,131.484519,123.950080,7.534440
129.798974,122.210343,7.588631,131.985365,124.451985,7.533379
129.796613,122.216575,7.580038,131.715346,124.199597,7.515748
129.917258,122.334573,7.582685,131.803708,124.263860,7.539848
129.841032,122.247497,7.593535,131.104567,123.563751,7.540817
129.817142,122.219650,7.597492,131.666312,124.126231,7.540081
129.873090,122.297721,7.575369,131.766740,124.245282,7.521458
129.787346,122.206337,7.581009,131.761764,124.238069,7.523696
129.797160,122.222260,7.574900,132.208553,124.705084,7.503469
129.981695,122.400371,7.581325,132.177101,124.647309,7.529792
130.010298,122.427377,7.582921,132.009665,124.479545,7.530120
130.002187,122.401395,7.600793,131.438253,123.882098,7.556155
129.892274,122.300407,7.591866,131.894110,124.361413,7.532697
129.796920,122.191035,7.605885,131.730925,124.184679,7.546246
129.740009,122.131203,7.608807,131.840045,124.299063,7.540982
129.820761,122.215914,7.604847,131.606921,124.051958,7.554963
129.916532,122.313437,7.603095,132.012070,124.467748,7.544322
129.976045,122.371626,7.604420,131.556938,124.005892,7.551045
129.851806,122.253107,7.598699,132.355083,124.826970,7.528113
130.030470,122.424655,7.605815,131.547144,124.013003,7.534142
129.888168,122.290941,7.597227,131.783665,124.247575,7.536090
129.987387,122.399465,7.587921,131.849326,124.331256,7.518070
130.043429,122.457562,7.585866,131.909901,124.375236,7.534666
129.767611,122.177367,7.590244,131.901426,124.363791,7.537634
129.948390,122.350481,7.597909,132.050631,124.491702,7.558929
129.910504,122.294421,7.616084,131.973467,124.422150,7.551317
