203.695894,199.606656,4.089238,180.461589,174.044789,6.416801
168.791912,161.787514,7.004398,158.243925,150.831458,7.412467
154.960455,147.448212,7.512243,151.971116,144.331721,7.639394
150.436826,142.773082,7.663744,148.372599,140.665684,7.706915
147.844873,140.115170,7.729703,146.382869,138.625288,7.757581
146.109164,138.344481,7.764683,145.020376,137.243857,7.776519
144.893774,137.099035,7.794739,144.721208,136.922666,7.798542
143.821111,136.001582,7.819530,142.729046,134.890608,7.838437
142.891332,135.044996,7.846336,142.652717,134.798966,7.853752
142.774404,134.904012,7.870392,141.530052,133.666861,7.863191
142.207847,134.320418,7.887429,141.659290,133.777892,7.881399
141.598597,133.700478,7.898119,141.127886,133.229261,7.898625
141.180479,133.286326,7.894153,140.779572,132.878928,7.900644
140.759779,132.858327,7.901452,140.391154,132.499338,7.891816
140.460239,132.554089,7.906150,141.108380,133.198307,7.910073
139.987140,132.066726,7.920413,140.226906,132.307853,7.919053
139.777766,131.844231,7.933534,139.601677,131.681329,7.920347
139.774854,131.840122,7.934733,139.700571,131.777923,7.922648
139.334682,131.384890,7.949792,140.417654,132.469494,7.948160
139.349772,131.393506,7.956266,139.065828,131.102761,7.963066
139.321452,131.352649,7.968803,139.088514,131.132190,7.956325
139.173767,131.200024,7.973742,138.634642,130.681486,7.953155
139.230066,131.258204,7.971862,138.584199,130.620383,7.963817
138.726629,130.750558,7.976071,139.305609,131.323922,7.981687
138.770376,130.785239,7.985137,138.783573,130.808840,7.974733
138.732125,130.747252,7.984873,139.007693,131.027447,7.980246
138.888835,130.901365,7.987469,137.790995,129.817740,7.973256
138.033296,130.048764,7.984532,138.038022,130.067907,7.970115
138.276864,130.291422,7.985443,138.122380,130.140667,7.981713
138.500090,130.514554,7.985536,139.060479,131.087181,7.973297
138.266092,130.278765,7.987327,138.557587,130.584101,7.973486
138.024552,130.032584,7.991968,138.008711,130.037938,7.970772
137.824129,129.824960,7.999169,137.581626,129.588849,7.992777
137.684534,129.691408,7.993126,138.103436,130.112524,7.990911
137.922448,129.925882,7.996566,138.785045,130.786593,7.998451
137.996108,129.994333,8.001775,138.249604,130.261204,7.988400
137.909761,129.907634,8.002128,137.854459,129.864560,7.989899
137.512965,129.510914,8.002051,138.873639,130.864939,8.008699
137.706249,129.695068,8.011181,138.046929,130.055041,7.991887
137.703066,129.693604,8.009462,137.821813,129.811221,8.010593
137.773156,129.758457,8.014699,137.944146,129.935628,8.008517
137.742915,129.725922,8.016993,138.157216,130.145866,8.011351
137.630025,129.606735,8.023290,137.758482,129.749913,8.008570
137.359002,129.343440,8.015563,138.203477,130.193653,8.009824
137.529326,129.514292,8.015033,137.554005,129.557553,7.996452
137.380751,129.362410,8.018341,137.598946,129.590735,8.008210
137.416700,129.390703,8.025998,137.859546,129.836620,8.022926
137.533057,129.501704,8.031352,137.904956,129.881721,8.023234
137.657423,129.625812,8.031611,138.885952,130.853853,8.032099
138.005037,129.966096,8.038942,138.040114,130.008452,8.031662
137.469168,129.424572,8.044596,137.729385,129.696060,8.033325
137.328257,129.288435,8.039822,137.841838,129.810730,8.031109
137.273766,129.231784,8.041982,137.692271,129.650026,8.042244
137.474374,129.431405,8.042969,137.816225,129.788325,8.027901
137.438114,129.400111,8.038004,137.546781,129.517217,8.029564
137.218189,129.167157,8.051032,137.448401,129.409232,8.039169
137.319999,129.272838,8.047161,137.677200,129.633649,8.043552
137.610568,129.556305,8.054263,138.406228,130.355136,8.051092
137.673054,129.613221,8.059832,138.165589,130.110932,8.054656
137.456526,129.394956,8.061570,139.340838,131.289451,8.051386
137.474580,129.414671,8.059908,138.590489,130.531315,8.059174
137.204814,129.143147,8.061667,138.624843,130.570286,8.054557
137.148650,129.084047,8.064603,138.374620,130.316065,8.058555
137.346690,129.278055,8.068635,137.996145,129.928821,8.067325
137.656679,129.585939,8.070740,137.687675,129.628558,8.059116
137.542620,129.468709,8.073911,137.939892,129.876476,8.063416
137.310743,129.232556,8.078187,137.585586,129.519275,8.066311
137.679615,129.600755,8.078860,137.612724,129.545055,8.067669
137.473214,129.389508,8.083705,138.052780,129.978445,8.074335
137.379639,129.292606,8.087033,138.172028,130.098661,8.073368
137.891577,129.803238,8.088339,138.233230,130.153277,8.079953
137.345500,129.257281,8.088220,137.552300,129.481322,8.070979
137.405274,129.319040,8.086235,138.449638,130.373375,8.076263
137.679620,129.589775,8.089846,138.947802,130.866702,8.081100
137.650422,129.555824,8.094598,138.697584,130.616436,8.081148
137.852324,129.758504,8.093821,139.653461,131.561558,8.091903
137.809997,129.714143,8.095854,138.533270,130.446959,8.086311
137.965490,129.865496,8.099994,138.662590,130.583778,8.078812
138.093798,129.994617,8.099181,138.583005,130.494686,8.088320
138.580520,130.473777,8.106743,139.041445,130.945690,8.095755
138.081548,129.975785,8.105763,139.500572,131.406791,8.093782
138.802784,130.697487,8.105297,139.292988,131.194718,8.098271
138.011291,129.902173,8.109118,138.948082,130.847001,8.101081
137.861112,129.752399,8.108712,138.608778,130.505872,8.102906
137.508813,129.403581,8.105232,139.020967,130.916930,8.104037
138.002427,129.888790,8.113637,140.046632,131.937575,8.109057
138.821605,130.706460,8.115145,140.243273,132.136093,8.107181
138.500953,130.387961,8.112992,139.623390,131.511859,8.111531
138.719786,130.607540,8.112246,139.771935,131.669040,8.102895
138.860447,130.742735,8.117712,140.008071,131.899734,8.108338
138.492717,130.377091,8.115626,139.255635,131.145833,8.109803
137.928276,129.810712,8.117564,138.539471,130.431216,8.108255
137.982502,129.858786,8.123716,138.714187,130.603913,8.110275
138.175880,130.051600,8.124279,139.404046,131.285033,8.119014
139.176295,131.047789,8.128506,139.607922,131.485607,8.122314
138.934433,130.801593,8.132840,140.003320,131.872916,8.130404
138.846924,130.714638,8.132286,139.691735,131.567760,8.123975
138.872219,130.743805,8.128414,139.933150,131.811338,8.121812
139.096704,130.965285,8.131419,139.475820,131.351158,8.124661
139.223324,131.088998,8.134326,141.890681,133.752646,8.138035
139.079207,130.943230,8.135977,140.116969,131.985045,8.131923
138.551348,130.416914,8.134433,140.560416,132.422247,8.138169
138.711756,130.573168,8.138587,140.645797,132.508488,8.137310
138.862837,130.725560,8.137277,140.511655,132.380437,8.131217
139.270056,131.129946,8.140110,140.607499,132.474265,8.133234
138.437733,130.297006,8.140727,139.434875,131.299058,8.135817
138.618891,130.474008,8.144884,140.023038,131.882549,8.140489
139.119315,130.974302,8.145013,140.198386,132.058549,8.139838
138.883733,130.741064,8.142669,140.521222,132.378365,8.142857
139.614477,131.470946,8.143530,141.586523,133.442276,8.144246
139.910316,131.764698,8.145619,141.689351,133.543450,8.145901
139.786092,131.640500,8.145591,141.504653,133.358056,8.146598
140.144470,131.995230,8.149240,141.189795,133.048055,8.141739
139.553825,131.404622,8.149203,141.438127,133.295811,8.142315
139.808078,131.659907,8.148171,141.446123,133.306735,8.139387
139.758123,131.605863,8.152260,141.207863,133.055499,8.152363
139.991796,131.838589,8.153207,141.111384,132.967187,8.144197
139.766048,131.611129,8.154919,141.185881,133.031579,8.154303
139.723264,131.569264,8.154000,141.908707,133.755979,8.152728
139.877603,131.721426,8.156178,141.729544,133.569785,8.159759
140.264775,132.102205,8.162570,141.250781,133.095432,8.155349
139.856644,131.698289,8.158354,140.290428,132.141366,8.149062
140.456279,132.296198,8.160080,142.123589,133.970566,8.153023
140.570534,132.409116,8.161418,141.851606,133.692702,8.158903
140.668691,132.503105,8.165586,141.417324,133.261563,8.155761
139.849791,131.685497,8.164294,141.231836,133.074445,8.157391
140.155441,131.988590,8.166851,141.914103,133.751360,8.162743
140.098071,131.927779,8.170292,141.027120,132.865714,8.161407
140.150619,131.978733,8.171885,141.917369,133.748900,8.168469
140.841079,132.668761,8.172318,142.283903,134.118561,8.165344
141.148444,132.979735,8.168709,141.983448,133.821906,8.161541
140.707289,132.540180,8.167109,142.418443,134.256495,8.161948
141.004785,132.838533,8.166252,142.469001,134.313036,8.155965
141.030451,132.865498,8.164952,142.364911,134.205319,8.159592
140.802819,132.637850,8.164969,142.435926,134.274378,8.161549
141.164844,132.999511,8.165333,142.656024,134.489484,8.166539
141.195690,133.026127,8.169563,143.585338,135.417452,8.167885
141.439375,133.266708,8.172666,143.108718,134.948946,8.159772
141.989102,133.819379,8.169722,143.098385,134.934085,8.164299
141.490782,133.320215,8.170566,142.915659,134.745193,8.170465
141.798607,133.627309,8.171299,143.409973,135.244282,8.165692
142.173183,134.001180,8.172003,143.417360,135.248138,8.169222
142.293033,134.118961,8.174072,143.675570,135.504964,8.170607
142.116173,133.939150,8.177022,144.960146,136.778941,8.181205
142.398631,134.218226,8.180405,143.805497,135.635599,8.169897
142.745633,134.565568,8.180066,143.964253,135.796775,8.167477
142.111520,133.933518,8.178001,144.362867,136.190977,8.171890
141.962463,133.782548,8.179915,144.113824,135.941769,8.172055
142.102154,133.924341,8.177813,143.096185,134.923192,8.172994
141.897091,133.718835,8.178256,144.124391,135.946795,8.177596
141.928455,133.746800,8.181655,143.494476,135.317288,8.177187
142.587242,134.404514,8.182728,143.977900,135.799746,8.178153
143.333094,135.149073,8.184021,146.362895,138.182366,8.180528
143.531822,135.349728,8.182094,144.741459,136.559647,8.181812
143.522515,135.338851,8.183664,145.246582,137.067178,8.179404
144.256674,136.072533,8.184140,145.213306,137.037567,8.175738
145.442511,137.260343,8.182168,145.450825,137.270736,8.180089
144.218572,136.034955,8.183617,145.449475,137.267180,8.182296
143.494998,135.310247,8.184751,144.841537,136.664117,8.177420
142.717598,134.532029,8.185569,144.192528,136.011726,8.180802
