240.816719,237.190892,3.625827,191.743187,187.744512,3.998675
181.687117,174.917133,6.769984,167.023045,157.034503,9.988542
157.431188,145.018186,12.413002,149.275526,135.188578,14.086949
144.744305,129.793041,14.951264,139.636957,123.230429,16.406528
137.039395,120.010951,17.028444,133.423232,115.674463,17.748768
132.111584,113.686177,18.425407,129.736401,110.828271,18.908131
128.856450,109.531547,19.324903,126.536775,106.817376,19.719398
126.411282,106.476149,19.935133,124.570464,104.227932,20.342532
124.599439,104.137071,20.462368,122.990941,102.385242,20.605700
123.034822,102.319185,20.715637,122.231730,101.345184,20.886545
121.746780,100.837590,20.909190,120.702580,99.808214,20.894366
120.662091,99.557549,21.104542,119.717780,98.514878,21.202902
119.781279,98.457147,21.324132,119.239019,97.870716,21.368303
118.889413,97.433893,21.455520,118.431421,96.938141,21.493279
118.016582,96.518824,21.497758,117.586460,96.030531,21.555930
117.373806,95.755900,21.617906,116.798202,95.128495,21.669706
116.601713,94.947440,21.654274,116.218150,94.671386,21.546764
115.954966,94.266129,21.688837,115.717194,94.065307,21.651887
115.407171,93.601692,21.805479,115.266345,93.507477,21.758867
114.859542,93.076306,21.783236,115.184636,93.410512,21.774124
114.447921,92.616339,21.831583,114.535732,92.741039,21.794693
113.895786,92.087956,21.807830,114.076076,92.212208,21.863867
113.464398,91.626584,21.837815,113.382952,91.578112,21.804840
112.902217,91.060878,21.841340,113.212569,91.403938,21.808631
112.510773,90.660029,21.850744,112.939232,91.300116,21.639116
112.095147,90.344573,21.750575,112.185121,90.561036,21.624086
111.762206,89.953693,21.808513,112.263333,90.563002,21.700331
111.324490,89.552151,21.772339,111.439791,89.650798,21.788993
111.048658,89.111305,21.937353,111.374992,89.614975,21.760017
110.681369,88.827116,21.854253,111.625616,89.819862,21.805755
110.293569,88.437517,21.856052,110.981352,89.205579,21.775773
110.000677,88.140117,21.860560,110.393792,88.512965,21.880827
109.661282,87.744965,21.916318,110.240051,88.274717,21.965334
109.333596,87.392618,21.940977,110.304609,88.447547,21.857062
109.079272,87.196769,21.882503,109.598340,87.855172,21.743167
108.722332,86.896040,21.826292,109.451927,87.704799,21.747128
108.480257,86.615460,21.864797,109.280439,87.564028,21.716411
108.123019,86.266925,21.856093,109.129953,87.457825,21.672128
107.931195,86.102343,21.828852,108.797198,87.018308,21.778891
107.666367,85.823933,21.842434,108.434389,86.795311,21.639077
107.488085,85.609966,21.878119,108.210410,86.306606,21.903804
107.218829,85.315686,21.903143,108.094291,86.313756,21.780535
106.983346,85.073149,21.910197,107.754234,85.849885,21.904349
106.717346,84.869232,21.848113,107.856116,86.148473,21.707643
106.578220,84.717261,21.860959,107.401167,85.592139,21.809028
106.396614,84.538227,21.858387,107.655075,85.893069,21.762006
106.208636,84.309174,21.899462,107.341966,85.636191,21.705775
106.013100,84.137107,21.875993,106.985690,85.188382,21.797308
105.827112,83.937156,21.889956,107.117850,85.276071,21.841779
105.588121,83.689811,21.898310,106.747389,85.029291,21.718098
105.418005,83.599990,21.818015,106.583201,84.842073,21.741128
105.300568,83.393655,21.906914,106.850419,85.062931,21.787489
105.025789,83.177200,21.848589,106.523658,84.801675,21.721984
104.919235,83.074735,21.844500,106.757376,84.841666,21.915709
104.803449,82.948016,21.855432,105.942059,84.188030,21.754029
104.597257,82.743747,21.853510,106.208627,84.483192,21.725435
104.384510,82.500459,21.884051,105.830488,84.063525,21.766963
104.258389,82.430859,21.827530,105.568118,83.827826,21.740292
104.102903,82.227762,21.875141,105.401679,83.618559,21.783121
104.036609,82.150063,21.886546,105.496436,83.728980,21.767457
103.797540,81.997344,21.800196,105.480781,83.783041,21.697740
103.756351,81.882517,21.873833,105.152938,83.347376,21.805562
103.627103,81.771269,21.855834,105.222328,83.525205,21.697123
103.488514,81.613779,21.874735,105.154330,83.503521,21.650809
103.384138,81.510706,21.873432,104.890848,83.211348,21.679500
103.211280,81.371591,21.839689,104.755660,83.072794,21.682865
103.176089,81.310485,21.865604,104.621088,82.958428,21.662660
103.017170,81.173474,21.843697,104.817404,83.047661,21.769743
102.961533,81.082377,21.879155,104.710963,82.890418,21.820546
102.762351,80.836802,21.925549,104.486106,82.707594,21.778513
102.710253,80.833709,21.876544,104.690287,83.005415,21.684873
102.618685,80.736696,21.881989,104.264589,82.508976,21.755614
102.487868,80.596920,21.890949,104.199271,82.527180,21.672091
102.378668,80.509324,21.869344,104.192254,82.557619,21.634635
102.373862,80.513836,21.860025,103.933869,82.149903,21.783965
102.196086,80.288623,21.907462,103.972814,82.243670,21.729145
102.159931,80.229913,21.930018,103.925867,82.170630,21.755237
102.092262,80.150962,21.941299,104.052277,82.273955,21.778322
101.979368,80.080219,21.899149,103.978406,82.075751,21.902655
101.843167,79.929566,21.913601,103.765160,82.055057,21.710103
101.765364,79.934695,21.830669,103.656414,81.915068,21.741346
101.730146,79.820070,21.910077,103.760836,82.065858,21.694978
101.634647,79.710082,21.924565,103.718311,81.940620,21.777691
101.576299,79.677498,21.898801,103.533795,81.810625,21.723170
101.567336,79.673544,21.893792,103.710700,81.903562,21.807138
101.426623,79.484715,21.941908,103.473490,81.631131,21.842358
101.329058,79.394769,21.934289,103.369286,81.590408,21.778878
101.341630,79.421607,21.920024,103.317518,81.593068,21.724450
101.190319,79.317996,21.872324,103.216106,81.426308,21.789798
101.145982,79.213832,21.932149,103.071104,81.277958,21.793146
101.071825,79.140304,21.931521,103.292495,81.429577,21.862918
100.999271,79.068425,21.930846,103.139565,81.274994,21.864571
100.910386,78.998432,21.911955,103.182972,81.490966,21.692006
100.873217,78.947195,21.926022,103.199304,81.437616,21.761688
100.852071,78.890553,21.961518,102.912133,81.119885,21.792249
100.799769,78.816858,21.982911,103.194046,81.338239,21.855807
100.620115,78.648204,21.971911,102.881425,80.969780,21.911644
100.590561,78.612351,21.978209,102.835052,80.998689,21.836363
100.571632,78.581432,21.990200,102.821729,80.931335,21.890393
100.464319,78.433641,22.030678,102.813669,81.027089,21.786581
100.435335,78.476243,21.959092,102.916051,81.042797,21.873255
100.376808,78.346986,22.029822,102.904732,81.062960,21.841773
100.389315,78.380269,22.009047,102.687547,80.724099,21.963448
100.275469,78.276527,21.998942,102.591832,80.819164,21.772669
100.223557,78.219180,22.004376,102.653881,80.774362,21.879518
100.221645,78.220101,22.001543,102.395133,80.445291,21.949841
100.081086,78.066540,22.014546,102.634931,80.844151,21.790780
100.108785,78.080171,22.028614,102.482510,80.624023,21.858486
100.060601,78.068374,21.992227,102.618859,80.678493,21.940366
100.028337,78.009780,22.018557,102.307539,80.378941,21.928598
99.929607,77.892587,22.037020,102.380537,80.449509,21.931028
99.934219,77.880363,22.053856,102.324287,80.402428,21.921860
99.876447,77.807489,22.068958,102.103930,80.198895,21.905036
99.861136,77.779575,22.081560,102.322573,80.381687,21.940886
99.779235,77.728165,22.051070,102.556556,80.629538,21.927018
99.777891,77.692050,22.085840,102.457807,80.487498,21.970309
99.762144,77.643209,22.118935,102.304400,80.493502,21.810898
99.606548,77.565749,22.040799,102.460760,80.569788,21.890972
99.583876,77.508471,22.075405,102.151673,80.249669,21.902003
99.555297,77.464022,22.091276,102.371212,80.374018,21.997194
99.536728,77.433993,22.102735,102.277960,80.386999,21.890961
99.597213,77.474608,22.122605,102.257268,80.191415,22.065853
99.457579,77.279687,22.177893,102.160731,80.239250,21.921482
99.394364,77.297146,22.097218,102.178303,80.253289,21.925014
99.369982,77.260944,22.109038,102.248653,80.321815,21.926838
99.367423,77.263188,22.104236,101.953268,80.016532,21.936736
99.405365,77.248891,22.156474,102.072750,80.082292,21.990457
99.358613,77.192458,22.166155,102.058809,80.065305,21.993504
99.257198,77.068235,22.188963,101.702426,79.703148,21.999278
99.214964,77.058923,22.156040,102.094636,80.040440,22.054197
99.219429,77.033300,22.186129,102.044229,80.107430,21.936799
99.153704,77.017147,22.136557,101.935754,79.854256,22.081498
99.142796,76.996657,22.146139,101.856711,79.896432,21.960279
99.111474,76.920333,22.191141,102.217356,80.057205,22.160151
99.055754,76.898624,22.157130,101.885467,79.970903,21.914563
99.028588,76.850246,22.178342,101.844044,79.793188,22.050856
98.990040,76.844862,22.145177,101.914033,79.929649,21.984384
99.011836,76.835375,22.176461,101.913030,79.894775,22.018256
98.990896,76.808106,22.182790,101.680752,79.702546,21.978207
98.952043,76.810496,22.141547,101.958421,79.930977,22.027445
98.862021,76.731437,22.130584,101.697997,79.787977,21.910020
98.874825,76.790144,22.084681,101.798262,79.863812,21.934450
98.817406,76.724376,22.093030,101.964842,80.014680,21.950162
98.904514,76.727528,22.176986,102.107141,80.082142,22.024998
98.827210,76.641195,22.186015,101.769874,79.827923,21.941952
98.731618,76.628047,22.103571,101.912819,79.890231,22.022588
98.833623,76.662937,22.170686,101.482480,79.490781,21.991699
98.780694,76.607471,22.173223,101.912972,79.881791,22.031181
98.712250,76.492747,22.219503,101.799936,79.685957,22.113979
98.642774,76.435082,22.207691,101.725116,79.631330,22.093786
98.628131,76.408068,22.220063,101.731775,79.686885,22.044890
98.627937,76.419570,22.208366,101.688839,79.655606,22.033233
98.639819,76.445657,22.194163,101.707545,79.597187,22.110358
98.583322,76.285968,22.297353,101.564057,79.494032,22.070025
98.599933,76.346686,22.253246,101.761170,79.664138,22.097031
98.472718,76.242804,22.229914,101.835927,79.730857,22.105071
98.563306,76.309031,22.254275,101.658402,79.698306,21.960096
98.489655,76.237200,22.252456,101.658384,79.574243,22.084141
98.509872,76.234906,22.274967,101.666144,79.512144,22.154000
98.435377,76.198210,22.237167,102.002173,79.895094,22.107079
