241.940474,238.407054,3.533421,190.940204,186.678872,4.261332
174.153063,165.225076,8.927987,158.930985,146.331301,12.599684
153.226111,139.231340,13.994771,146.492752,131.082919,15.409832
142.843961,126.446642,16.397318,138.615483,121.480637,17.134846
136.742239,118.892894,17.849345,133.020859,114.469795,18.551065
132.245301,113.129059,19.116242,129.532688,109.963280,19.569407
129.040407,108.995235,20.045172,127.163879,106.871189,20.292690
126.711029,106.070830,20.640199,124.925722,103.947427,20.978295
124.787434,103.636634,21.150801,122.802763,101.532656,21.270106
123.304895,101.760623,21.544272,122.221885,100.462793,21.759092
122.006565,100.237911,21.768653,120.918427,98.973891,21.944536
120.930743,98.981312,21.949431,119.760210,97.588036,22.172173
119.869145,97.721992,22.147153,119.057199,96.730120,22.327080
119.054633,96.760015,22.294618,118.223952,95.853473,22.370479
118.302774,95.831746,22.471028,117.423806,94.889430,22.534377
117.521146,94.944429,22.576716,116.983055,94.365635,22.617420
116.917705,94.194981,22.722724,116.489925,93.696687,22.793237
116.331273,93.517134,22.814139,115.823241,93.037786,22.785454
115.671437,92.898122,22.773315,115.148119,92.336039,22.812080
115.156257,92.298170,22.858087,114.744479,91.812103,22.932377
114.660237,91.768952,22.891286,114.386732,91.534894,22.851837
114.104381,91.190046,22.914335,113.765785,90.869882,22.895904
113.523560,90.627669,22.895891,113.533977,90.654259,22.879718
113.131265,90.187026,22.944239,113.137920,90.203228,22.934692
112.597288,89.688590,22.908699,112.378440,89.444276,22.934165
112.230956,89.332572,22.898385,112.149651,89.307337,22.842313
111.824425,88.852196,22.972229,111.898429,88.995085,22.903344
111.384582,88.440357,22.944225,111.428888,88.520735,22.908153
111.124396,88.151805,22.972591,111.197135,88.409021,22.788114
110.735137,87.789223,22.945914,110.915108,88.062594,22.852514
110.453198,87.542668,22.910531,110.630856,87.810621,22.820235
110.076525,87.195698,22.880827,110.321177,87.450245,22.870932
109.795944,86.879477,22.916468,110.376110,87.639653,22.736456
109.480465,86.607129,22.873336,110.020487,87.269905,22.750582
109.169408,86.333629,22.835779,109.531870,86.766648,22.765221
108.840954,86.053211,22.787743,109.066769,86.381405,22.685364
108.643491,85.839498,22.803993,109.123311,86.479184,22.644127
108.299901,85.550783,22.749118,108.977456,86.336258,22.641199
108.079856,85.386907,22.692949,108.806244,86.090142,22.716103
107.810753,85.106180,22.704573,108.291756,85.619395,22.672361
107.597571,84.865106,22.732466,108.014751,85.272838,22.741914
107.306284,84.594170,22.712114,107.725624,85.000781,22.724842
107.087035,84.432015,22.655020,107.708531,85.258010,22.450520
106.791586,84.166860,22.624727,107.337993,84.802421,22.535571
106.586088,84.014920,22.571168,107.286738,84.771698,22.515040
106.313972,83.831407,22.482565,106.938164,84.593844,22.344320
106.126437,83.655569,22.470868,106.912028,84.489676,22.422352
105.897023,83.406056,22.490967,106.499167,84.225856,22.273312
105.737268,83.269045,22.468223,106.631162,84.232886,22.398277
105.512892,83.061506,22.451386,106.255562,83.865935,22.389627
105.292664,82.817864,22.474800,106.039602,83.654274,22.385328
105.182573,82.688311,22.494262,106.099543,83.697516,22.402027
104.937485,82.449614,22.487871,105.753164,83.309726,22.443438
104.826046,82.283348,22.542698,105.655697,83.249361,22.406336
104.753790,82.226353,22.527437,105.667491,83.163801,22.503690
104.521072,81.979206,22.541866,105.547869,83.111714,22.436154
104.377740,81.844890,22.532850,105.452913,82.983210,22.469703
104.306521,81.717782,22.588739,105.307537,82.768890,22.538647
104.179232,81.553852,22.625380,105.441099,82.956245,22.484854
104.132372,81.478046,22.654326,105.117124,82.490435,22.626689
103.960576,81.285157,22.675419,105.212009,82.533883,22.678126
103.772776,81.103556,22.669220,105.001513,82.494325,22.507188
103.686845,81.020400,22.666445,104.702961,82.163708,22.539253
103.645574,80.935169,22.710405,104.740538,82.207682,22.532856
103.557943,80.934992,22.622951,104.533361,82.004782,22.528579
103.360829,80.740651,22.620178,104.662525,82.143728,22.518798
103.292485,80.665600,22.626885,104.600771,82.076724,22.524047
103.231386,80.647104,22.584282,104.609882,82.103300,22.506582
103.212402,80.635175,22.577227,104.792347,82.311712,22.480636
103.091453,80.476095,22.615359,104.515347,82.024174,22.491173
102.963757,80.334626,22.629131,104.349658,81.755776,22.593882
102.906876,80.281851,22.625025,104.468345,81.934776,22.533569
102.905256,80.259629,22.645627,104.159277,81.621095,22.538181
102.738097,80.094225,22.643871,104.472332,81.952167,22.520165
102.681054,80.079696,22.601358,104.244725,81.650729,22.593997
102.640428,80.024001,22.616427,104.182139,81.682038,22.500101
102.602107,79.951209,22.650898,104.076434,81.548295,22.528139
102.455851,79.817657,22.638194,104.038412,81.435502,22.602910
102.459073,79.757904,22.701170,104.126701,81.528664,22.598037
102.353935,79.718431,22.635504,103.998669,81.586782,22.411888
102.257207,79.638702,22.618504,103.710272,81.205437,22.504834
102.238928,79.571611,22.667317,103.823364,81.285035,22.538329
102.138190,79.501076,22.637114,103.836620,81.356867,22.479753
102.063595,79.425441,22.638154,103.737515,81.204936,22.532579
102.049242,79.358673,22.690569,103.685686,81.089017,22.596669
101.961797,79.249578,22.712219,103.859745,81.242720,22.617025
101.919592,79.233469,22.686124,103.990525,81.447037,22.543488
101.900112,79.223573,22.676539,103.876174,81.226716,22.649458
101.845501,79.145308,22.700193,103.749445,81.110454,22.638992
101.749380,79.035363,22.714017,103.818958,81.268068,22.550891
101.759592,79.022652,22.736941,103.682749,81.006311,22.676438
101.692150,78.969786,22.722364,103.548232,80.977361,22.570871
101.680946,78.969645,22.711301,103.374451,80.829093,22.545358
101.496633,78.815807,22.680826,103.442702,80.846345,22.596356
101.512387,78.791921,22.720465,103.363058,80.795559,22.567498
101.441606,78.724928,22.716678,103.674313,81.052351,22.621963
101.403826,78.673379,22.730447,103.664309,81.075978,22.588331
101.398772,78.634802,22.763970,103.393245,80.782424,22.610821
101.298520,78.571512,22.727008,103.421876,80.775870,22.646006
101.320423,78.603324,22.717099,103.177244,80.554125,22.623119
101.240507,78.494356,22.746151,103.356705,80.722078,22.634627
101.220379,78.448163,22.772216,103.515423,80.836224,22.679199
101.206247,78.443892,22.762355,103.642966,81.021922,22.621044
101.193578,78.445400,22.748179,103.349469,80.731972,22.617496
101.071198,78.320165,22.751033,103.498918,80.920462,22.578456
101.179000,78.435858,22.743142,103.354376,80.692345,22.662031
100.999027,78.201482,22.797545,103.498288,80.835578,22.662710
101.044953,78.229332,22.815621,103.356336,80.712139,22.644197
100.947698,78.214754,22.732943,103.371226,80.776192,22.595034
100.947061,78.208606,22.738455,103.194084,80.596755,22.597329
100.848472,78.056794,22.791678,103.225612,80.642194,22.583418
100.893249,78.117177,22.776071,103.143809,80.544858,22.598952
100.857701,78.091211,22.766490,103.268316,80.639185,22.629131
100.829133,78.022715,22.806418,103.287663,80.673071,22.614592
100.850316,78.029509,22.820806,103.336786,80.671740,22.665046
100.734439,77.900288,22.834151,103.133610,80.487297,22.646313
100.676668,77.887184,22.789484,103.056807,80.517704,22.539103
100.688534,77.903698,22.784837,103.103228,80.481050,22.622178
100.644874,77.887903,22.756971,103.099129,80.461809,22.637320
100.621739,77.846561,22.775177,103.124861,80.542418,22.582443
100.541295,77.761382,22.779913,102.947827,80.308888,22.638939
100.550193,77.766240,22.783952,103.180165,80.508227,22.671938
100.511687,77.740999,22.770688,103.042932,80.369756,22.673175
100.512138,77.704169,22.807969,102.995824,80.364197,22.631627
100.464186,77.672846,22.791340,102.878507,80.216872,22.661635
100.376961,77.636028,22.740934,103.029727,80.402452,22.627275
100.412624,77.579293,22.833331,102.987747,80.296227,22.691520
100.351763,77.506161,22.845602,102.936532,80.254237,22.682295
100.362307,77.554201,22.808106,103.008192,80.373498,22.634694
100.333616,77.501429,22.832188,102.865981,80.150629,22.715352
100.245819,77.452004,22.793815,103.058713,80.485798,22.572916
100.252679,77.454802,22.797877,102.958904,80.326111,22.632794
100.278257,77.435390,22.842868,103.009181,80.343932,22.665249
100.228442,77.383157,22.845286,102.891261,80.228995,22.662267
100.156896,77.340482,22.816414,102.836804,80.125576,22.711228
100.203257,77.349828,22.853429,103.027084,80.348215,22.678870
100.140646,77.324425,22.816221,102.808421,80.190105,22.618316
100.162758,77.333090,22.829667,103.075864,80.347604,22.728260
100.105532,77.246126,22.859406,102.855002,80.203577,22.651425
100.022026,77.160433,22.861593,102.974923,80.271552,22.703372
99.979151,77.127515,22.851636,102.819827,80.128377,22.691450
100.006961,77.171542,22.835419,102.891031,80.215810,22.675221
99.986471,77.127210,22.859261,102.875284,80.152454,22.722830
99.931865,77.065523,22.866342,102.724266,80.077383,22.646882
99.915821,77.059553,22.856268,102.951121,80.230019,22.721102
99.894951,77.023103,22.871848,102.743510,80.030584,22.712926
99.896182,76.976510,22.919673,102.894914,80.120677,22.774237
99.869101,76.973120,22.895981,102.736623,80.025095,22.711528
99.851216,76.975423,22.875794,102.775533,80.075324,22.700209
99.768345,76.895708,22.872637,102.839322,80.096680,22.742642
99.809515,76.933708,22.875807,102.904698,80.214902,22.689796
99.788839,76.925457,22.863382,102.850203,80.103668,22.746536
99.740517,76.841900,22.898617,102.680879,79.980709,22.700170
99.716795,76.801572,22.915223,102.789164,80.086171,22.702993
99.691592,76.782008,22.909584,102.831666,80.131916,22.699750
99.663944,76.736217,22.927727,102.780083,80.119945,22.660138
99.682666,76.786348,22.896319,102.855917,80.106652,22.749265
99.643270,76.755929,22.887341,102.855688,80.114217,22.741471
99.624287,76.703340,22.920947,102.745738,80.029446,22.716292
99.558875,76.635313,22.923562,102.692367,79.932274,22.760093
