243.252702,237.094225,6.158478,191.076839,187.104919,3.971919
180.384641,173.237127,7.147514,166.360516,155.785503,10.575013
156.718330,143.767049,12.951281,149.159144,134.822265,14.336878
144.770571,129.134128,15.636443,139.470527,122.450465,17.020063
137.084686,119.523532,17.561154,133.741207,115.394923,18.346284
132.167123,113.438847,18.728276,129.533776,110.319079,19.214697
128.831217,109.219589,19.611628,126.640933,106.677897,19.963036
126.449528,106.237221,20.212307,124.761172,104.304119,20.457053
124.480314,103.967215,20.513099,123.343918,102.760377,20.583541
123.044709,102.247745,20.796965,121.873247,100.833723,21.039524
121.736181,100.688528,21.047653,120.628099,99.595005,21.033095
120.696245,99.544162,21.152083,120.155882,98.929282,21.226600
119.823197,98.550056,21.273142,119.113005,97.920300,21.192705
119.012223,97.579142,21.433081,118.329860,96.994228,21.335632
118.160764,96.764126,21.396638,117.625486,96.174742,21.450744
117.517679,96.046523,21.471155,117.081027,95.664769,21.416258
116.919149,95.416542,21.502607,116.493863,94.928513,21.565350
116.225304,94.687354,21.537950,116.280335,94.613732,21.666603
115.630585,94.050492,21.580093,115.443111,93.976927,21.466184
115.093806,93.536514,21.557292,115.328898,93.856530,21.472369
114.707086,93.097853,21.609233,114.681916,93.252025,21.429891
114.213835,92.608063,21.605772,114.239166,92.713324,21.525842
113.754752,92.148503,21.606248,113.885174,92.392666,21.492508
113.343084,91.735811,21.607273,113.233256,91.786263,21.446993
112.852268,91.280138,21.572130,112.885082,91.387787,21.497295
112.465234,90.949959,21.515275,112.746410,91.254131,21.492279
112.053469,90.523024,21.530445,112.437123,90.944651,21.492472
111.757104,90.284757,21.472346,111.883895,90.401935,21.481960
111.328833,89.815391,21.513443,111.622190,90.309927,21.312262
110.955366,89.520447,21.434919,111.592187,90.158085,21.434102
110.666191,89.145043,21.521148,111.127430,89.701178,21.426251
110.261344,88.789498,21.471846,110.643963,89.152884,21.491079
110.030215,88.552142,21.478074,110.608277,89.197442,21.410836
109.705851,88.251911,21.453940,110.136628,88.708834,21.427794
109.433083,87.972008,21.461075,109.854354,88.497491,21.356862
109.122053,87.726354,21.395699,109.699737,88.479682,21.220056
108.920984,87.532835,21.388150,109.313779,88.015262,21.298518
108.552993,87.182620,21.370373,109.085941,87.765139,21.320802
108.324962,86.944252,21.380711,109.016267,87.760920,21.255347
108.088266,86.711596,21.376670,109.008617,87.773071,21.235547
107.884563,86.549459,21.335104,108.444104,87.180114,21.263990
107.649841,86.298727,21.351114,108.365041,87.037408,21.327633
107.401630,86.088057,21.313573,108.347420,87.216102,21.131317
107.207894,85.854468,21.353426,107.997745,86.836925,21.160820
106.968176,85.642451,21.325725,107.905967,86.606706,21.299262
106.807789,85.473706,21.334083,107.640883,86.467805,21.173078
106.576059,85.246137,21.329922,107.733846,86.456423,21.277423
106.421704,85.069918,21.351786,107.154743,86.100901,21.053842
106.231427,84.899721,21.331706,107.254989,86.028891,21.226098
106.028156,84.687620,21.340536,107.023074,85.794630,21.228443
105.934707,84.606462,21.328245,106.753840,85.408889,21.344951
105.690887,84.333159,21.357729,106.878831,85.599142,21.279689
105.464830,84.159596,21.305233,106.669723,85.430726,21.238997
105.322093,83.992432,21.329660,106.314700,85.206005,21.108694
105.206741,83.936648,21.270092,106.466121,85.325063,21.141057
105.077312,83.778428,21.298884,106.287448,85.010327,21.277122
104.911854,83.651468,21.260386,106.055655,84.885264,21.170391
104.731506,83.464789,21.266717,106.112112,84.898970,21.213142
104.600874,83.279946,21.320928,105.906686,84.700143,21.206543
104.519871,83.209617,21.310254,105.591650,84.418057,21.173593
104.326778,83.038229,21.288549,105.613585,84.409221,21.204364
104.165286,82.830857,21.334429,105.507475,84.336389,21.171086
104.059685,82.727414,21.332271,105.696049,84.354429,21.341620
103.920620,82.582105,21.338515,105.336740,84.124007,21.212734
103.801411,82.487678,21.313733,105.098081,83.886538,21.211543
103.619985,82.321960,21.298026,105.248991,84.072789,21.176203
103.651637,82.343476,21.308161,104.948799,83.788120,21.160679
103.439204,82.140207,21.298997,104.938046,83.764831,21.173215
103.281199,81.992058,21.289141,104.619421,83.474635,21.144785
103.212969,81.871119,21.341850,104.850085,83.617638,21.232446
103.097324,81.765530,21.331794,104.449883,83.317561,21.132322
102.968698,81.661223,21.307474,104.355531,83.170785,21.184746
102.815382,81.481936,21.333446,104.328039,83.046455,21.281583
102.787926,81.475622,21.312304,104.054733,82.833439,21.221294
102.604571,81.259571,21.345000,104.191663,82.902249,21.289413
102.584998,81.221423,21.363576,104.197163,82.981883,21.215280
102.428051,81.088015,21.340036,103.931599,82.738081,21.193518
102.279902,81.002652,21.277251,104.081382,82.941742,21.139640
102.281342,80.951596,21.329746,103.800482,82.613234,21.187247
102.157259,80.835851,21.321408,103.751535,82.494504,21.257031
102.066447,80.710955,21.355492,103.616617,82.441279,21.175339
101.966707,80.619892,21.346815,103.580306,82.404842,21.175464
101.825129,80.482127,21.343002,103.765597,82.515367,21.250230
101.817898,80.449529,21.368369,103.507936,82.368018,21.139919
101.674152,80.342558,21.331594,103.630152,82.453451,21.176701
101.646121,80.293814,21.352307,103.246440,82.066887,21.179552
101.510421,80.223597,21.286824,103.335156,82.172935,21.162221
101.500189,80.108399,21.391790,103.024952,81.866177,21.158775
101.389064,80.018384,21.370681,103.314921,81.991263,21.323658
101.333231,79.960757,21.372473,103.053525,81.786183,21.267342
101.284823,79.925515,21.359308,103.142601,81.991262,21.151340
101.232791,79.901896,21.330895,103.086495,81.824922,21.261572
101.136691,79.733369,21.403322,103.010163,81.726538,21.283625
101.052109,79.673888,21.378222,102.932735,81.563318,21.369416
100.992360,79.582924,21.409436,103.087752,81.830665,21.257087
100.963063,79.562241,21.400822,102.909837,81.532256,21.377581
100.812854,79.399133,21.413721,102.660963,81.285531,21.375432
100.731675,79.311513,21.420162,102.512354,81.325416,21.186937
100.716071,79.298857,21.417214,102.589777,81.261890,21.327886
100.642006,79.211587,21.430419,102.518031,81.257869,21.260162
100.623684,79.188957,21.434727,102.832291,81.502853,21.329438
100.565797,79.168152,21.397645,102.493198,81.250932,21.242266
100.477862,78.991491,21.486371,102.396500,81.070069,21.326432
100.480803,79.018657,21.462145,102.325714,81.063242,21.262472
100.420109,78.960751,21.459357,102.254371,81.037934,21.216437
100.286267,78.835415,21.450852,102.477515,81.251357,21.226159
100.302959,78.853319,21.449641,102.441713,81.033669,21.408044
100.225598,78.726905,21.498692,102.510497,81.147426,21.363071
100.193823,78.734098,21.459725,102.232809,81.025216,21.207593
100.166559,78.728790,21.437769,102.093869,80.741050,21.352820
100.064799,78.618205,21.446595,102.207691,80.936249,21.271442
100.068163,78.613232,21.454932,102.323474,80.999141,21.324333
99.962358,78.502189,21.460170,102.208299,81.028208,21.180091
99.959926,78.508501,21.451424,101.903702,80.440454,21.463247
99.896663,78.395401,21.501263,102.019075,80.665421,21.353653
99.805327,78.398879,21.406448,102.049450,80.747244,21.302206
99.822903,78.369584,21.453319,101.954047,80.588443,21.365604
99.718715,78.240770,21.477945,101.934816,80.586505,21.348311
99.694108,78.219979,21.474129,101.786171,80.489072,21.297099
99.726401,78.268056,21.458345,101.980430,80.620650,21.359780
99.675627,78.224533,21.451094,101.885554,80.510960,21.374593
99.643297,78.116628,21.526668,101.759956,80.300777,21.459178
99.587192,78.077693,21.509499,101.827478,80.400733,21.426745
99.557295,78.047757,21.509538,101.743318,80.413228,21.330090
99.490184,78.003984,21.486199,102.049359,80.709472,21.339887
99.485015,77.986122,21.498893,101.866841,80.452427,21.414414
99.403386,77.932907,21.470480,101.675953,80.316127,21.359826
99.401905,77.878747,21.523158,102.048825,80.645996,21.402830
99.398522,77.874083,21.524439,101.629487,80.268748,21.360739
99.280511,77.730336,21.550176,101.977059,80.425659,21.551399
99.315924,77.805881,21.510043,101.672602,80.268389,21.404213
99.170654,77.636763,21.533890,101.536204,80.156611,21.379592
99.264296,77.706482,21.557814,101.415073,80.087493,21.327580
99.098903,77.577452,21.521451,101.605054,80.303937,21.301116
99.120816,77.639560,21.481256,101.450818,80.179883,21.270935
99.132991,77.601275,21.531716,101.455754,80.200584,21.255170
99.055947,77.613724,21.442222,101.561394,80.331935,21.229459
99.075436,77.594872,21.480564,101.472599,80.145786,21.326813
99.036874,77.486052,21.550822,101.399533,79.919793,21.479740
98.957562,77.406413,21.551149,101.418259,80.079721,21.338538
98.928332,77.442539,21.485793,101.544892,80.175486,21.369406
98.910811,77.399331,21.511480,101.205258,79.888684,21.316574
98.851055,77.374328,21.476727,101.515811,80.129968,21.385844
98.859660,77.317973,21.541687,101.227797,79.852624,21.375173
98.781917,77.279264,21.502653,101.345164,79.939781,21.405383
98.788214,77.266612,21.521601,101.424203,80.066456,21.357746
98.680393,77.186576,21.493817,101.319967,79.854020,21.465947
98.698916,77.198426,21.500490,101.100986,79.655408,21.445579
98.702543,77.121823,21.580720,101.187810,79.787110,21.400701
98.688694,77.151276,21.537418,101.467736,80.103539,21.364198
98.579899,77.031742,21.548157,101.520199,79.954249,21.565949
98.587673,77.044560,21.543113,101.039768,79.635116,21.404653
98.520803,76.996192,21.524611,101.257375,79.801520,21.455855
98.551557,76.999534,21.552023,101.187478,79.753709,21.433769
98.499239,77.032255,21.466984,101.206162,79.823037,21.383125
98.485340,76.948369,21.536971,101.089580,79.638717,21.450863
98.476553,76.965552,21.511001,101.079027,79.735562,21.343465
98.408778,76.897937,21.510840,101.134138,79.835844,21.298295
98.371391,76.801618,21.569773,100.982703,79.546310,21.436393
98.385953,76.826114,21.559840,101.027097,79.758862,21.268234
