237.018204,234.002519,3.015685,190.814099,186.698615,4.115483
175.481655,167.237115,8.244540,159.310713,147.408185,11.902529
151.871125,138.508857,13.362268,144.993498,130.086806,14.906691
140.864378,124.896783,15.967595,136.954251,119.683641,17.270611
134.601063,116.738753,17.862311,131.105092,112.728771,18.376321
130.348174,111.336502,19.011672,127.775843,108.215589,19.560254
127.512127,107.676470,19.835658,125.396697,105.049237,20.347460
125.328721,104.896067,20.432654,123.711245,103.115226,20.596020
123.591290,102.675656,20.915634,122.018594,101.000497,21.018097
122.115899,100.891646,21.224253,121.433685,99.893679,21.540006
120.944232,99.460960,21.483273,120.235520,98.765158,21.470361
120.043835,98.348992,21.694844,119.697292,97.705470,21.991823
119.034929,97.128691,21.906237,118.410086,96.513755,21.896332
118.208490,96.149992,22.058498,117.542787,95.350965,22.191822
117.417971,95.239849,22.178122,116.797098,94.581702,22.215395
116.784754,94.442485,22.342269,116.627681,94.135145,22.492536
116.095151,93.742273,22.352878,115.671777,93.453385,22.218391
115.563769,93.063789,22.499981,115.505790,92.984971,22.520820
115.040480,92.443036,22.597445,114.629638,92.035630,22.594008
114.480408,91.894837,22.585572,114.759368,92.293015,22.466353
114.042476,91.365402,22.677075,114.135008,91.482313,22.652695
113.557010,90.888133,22.668876,113.927912,91.409948,22.517964
113.089482,90.430349,22.659134,113.114254,90.485484,22.628771
112.681372,89.927833,22.753539,112.881842,90.165727,22.716116
112.231754,89.409630,22.822124,112.184895,89.419295,22.765600
111.859499,89.058923,22.800576,112.515463,89.634889,22.880574
111.440797,88.562023,22.878774,111.826398,89.074730,22.751669
111.142587,88.278338,22.864248,111.384744,88.533487,22.851256
110.787582,87.917217,22.870365,111.017295,88.258975,22.758320
110.419136,87.571569,22.847567,110.815851,88.065764,22.750087
110.219753,87.304086,22.915667,110.692254,87.780170,22.912084
109.843480,86.917314,22.926166,110.320942,87.502283,22.818659
109.567046,86.578150,22.988895,110.290068,87.422749,22.867319
109.273205,86.292874,22.980331,110.205525,87.241079,22.964446
109.095527,86.137130,22.958397,109.781781,86.862400,22.919381
108.827850,85.877745,22.950105,109.669295,86.933330,22.735965
108.586517,85.612696,22.973821,109.429954,86.569624,22.860330
108.282897,85.348024,22.934873,109.210869,86.344134,22.866735
108.143238,85.179526,22.963712,108.803346,85.871089,22.932257
107.923057,85.002873,22.920184,109.129458,86.225147,22.904312
107.813968,84.805579,23.008389,108.855111,85.858937,22.996175
107.523253,84.477869,23.045384,108.779076,85.765674,23.013402
107.366794,84.317532,23.049262,108.094362,85.054840,23.039522
107.231122,84.188527,23.042595,108.210531,85.218877,22.991653
106.905584,83.913631,22.991953,107.956468,85.095251,22.861216
106.840088,83.785948,23.054141,107.864544,84.982343,22.882201
106.672523,83.632639,23.039885,108.016868,85.010258,23.006609
106.483130,83.422645,23.060485,107.788986,84.825132,22.963853
106.285861,83.176867,23.108994,107.392848,84.349604,23.043243
106.137442,83.021470,23.115972,107.759439,84.755134,23.004305
105.990599,82.928072,23.062527,107.376407,84.391605,22.984802
105.814422,82.809613,23.004809,107.147447,84.221130,22.926317
105.546193,82.569414,22.976779,107.046480,84.079004,22.967477
105.510609,82.482937,23.027671,106.880162,83.962122,22.918041
105.403321,82.413076,22.990245,106.559383,83.614597,22.944785
105.192123,82.184219,23.007904,106.761090,83.719386,23.041704
105.132906,82.070616,23.062290,106.747571,83.656231,23.091340
105.038249,81.937386,23.100863,106.554941,83.474707,23.080235
104.887818,81.810036,23.077782,106.537088,83.557154,22.979934
104.782565,81.676368,23.106197,106.304899,83.205354,23.099545
104.676247,81.522520,23.153727,106.330899,83.266119,23.064780
104.519476,81.368441,23.151035,106.056702,83.090677,22.966025
104.395087,81.289780,23.105307,105.907325,82.808820,23.098505
104.269915,81.146521,23.123393,106.232563,83.119642,23.112922
104.194531,81.032248,23.162283,105.907075,82.858447,23.048628
104.049433,80.946939,23.102494,105.748837,82.833416,22.915421
103.956183,80.881360,23.074823,105.687035,82.791032,22.896003
103.977054,80.885997,23.091057,105.789015,82.789314,22.999702
103.792562,80.749251,23.043311,105.410215,82.518973,22.891242
103.696743,80.568984,23.127759,105.543010,82.515589,23.027421
103.504636,80.398116,23.106520,105.109532,82.075798,23.033734
103.550342,80.455806,23.094535,105.447511,82.392731,23.054780
103.360687,80.280060,23.080628,105.164620,82.194939,22.969681
103.258336,80.171248,23.087088,105.174330,82.223531,22.950799
103.199860,80.167123,23.032736,105.047719,82.058786,22.988933
103.108562,80.031081,23.077481,105.178531,82.200232,22.978299
103.031480,79.980905,23.050575,105.049748,82.148616,22.901132
102.931744,79.922072,23.009672,104.888153,81.993668,22.894485
102.904133,79.876881,23.027253,104.822726,81.931878,22.890847
102.848619,79.787428,23.061191,104.976402,82.064917,22.911485
102.720619,79.642833,23.077786,104.754967,81.891992,22.862975
102.671246,79.602156,23.069090,104.915154,81.961906,22.953248
102.563187,79.466101,23.097087,104.825934,81.782724,23.043211
102.467417,79.391852,23.075565,104.723139,81.770276,22.952863
102.465547,79.387365,23.078183,104.773023,81.766403,23.006619
102.376652,79.289862,23.086790,104.391464,81.446779,22.944685
102.274684,79.192900,23.081784,104.448129,81.407367,23.040762
102.286322,79.178495,23.107827,104.454056,81.495988,22.958068
102.183125,79.120952,23.062173,104.481210,81.612137,22.869073
102.097916,79.026621,23.071295,104.411017,81.385290,23.025728
102.070731,78.961210,23.109521,104.279553,81.257182,23.022371
101.945597,78.891509,23.054087,104.065608,81.140377,22.925231
101.872978,78.859474,23.013504,104.372989,81.463389,22.909600
101.800624,78.773017,23.027607,104.444644,81.491994,22.952650
101.757982,78.701915,23.056066,104.351522,81.444830,22.906692
101.732719,78.677851,23.054868,104.106969,81.084355,23.022614
101.561699,78.523034,23.038665,104.141217,81.242119,22.899099
101.486281,78.504495,22.981787,104.089259,81.262699,22.826561
101.533925,78.561030,22.972895,103.993237,81.062865,22.930372
101.518001,78.460357,23.057645,103.849062,80.945107,22.903955
101.413458,78.316125,23.097333,103.864639,80.896674,22.967965
101.321164,78.246885,23.074279,103.955883,81.007084,22.948798
101.293015,78.208306,23.084708,103.785289,80.728900,23.056389
101.216110,78.168818,23.047291,103.839581,80.924466,22.915115
101.142999,78.076800,23.066199,103.722586,80.799777,22.922809
101.154774,78.066438,23.088336,103.811143,80.873115,22.938028
101.060061,78.005001,23.055060,103.706994,80.824486,22.882508
101.002796,77.919484,23.083312,104.036164,81.089163,22.947001
100.992667,77.925009,23.067658,103.681138,80.754724,22.926413
100.933335,77.864111,23.069224,103.963577,80.928360,23.035217
100.978020,77.866954,23.111067,103.621733,80.534631,23.087102
100.841625,77.773291,23.068334,103.544347,80.564298,22.980049
100.826576,77.753946,23.072629,103.404666,80.406522,22.998144
100.766679,77.676503,23.090177,103.394972,80.435608,22.959364
100.773693,77.622767,23.150926,103.698985,80.678118,23.020867
100.715623,77.553427,23.162196,103.564574,80.394980,23.169594
100.606977,77.473641,23.133336,103.657834,80.633665,23.024169
100.642783,77.543124,23.099659,103.416242,80.385846,23.030396
100.551992,77.391949,23.160044,103.464687,80.450544,23.014143
100.548956,77.485666,23.063289,103.613425,80.679537,22.933888
100.513391,77.391246,23.122145,103.491965,80.445105,23.046860
100.408274,77.331374,23.076900,103.451475,80.426184,23.025291
100.442842,77.378551,23.064292,103.592706,80.704159,22.888547
100.466050,77.313977,23.152073,103.536090,80.583013,22.953077
100.369895,77.250617,23.119279,103.286433,80.303270,22.983163
100.374670,77.210508,23.164162,103.326333,80.233849,23.092484
100.299087,77.183446,23.115642,103.386435,80.392433,22.994002
100.296207,77.167519,23.128688,103.377615,80.331626,23.045989
100.237774,77.105140,23.132635,103.269054,80.256680,23.012374
100.205405,77.023044,23.182362,103.086954,80.074730,23.012224
100.224954,77.066961,23.157992,103.418473,80.414995,23.003478
100.181813,77.039945,23.141869,103.489191,80.522247,22.966944
100.127350,76.920154,23.207196,103.234116,80.113054,23.121062
100.131587,76.892866,23.238722,103.096408,80.042881,23.053527
99.997240,76.783576,23.213664,103.171735,80.104067,23.067668
100.062848,76.862961,23.199887,103.167623,79.991404,23.176220
99.967934,76.733803,23.234131,103.228344,80.013124,23.215220
99.986934,76.782285,23.204649,103.198349,80.049942,23.148407
99.938142,76.703758,23.234385,103.181932,80.033103,23.148830
99.862626,76.653010,23.209617,102.965183,79.890219,23.074964
99.905614,76.676099,23.229515,103.311532,80.202077,23.109455
99.857307,76.683043,23.174264,102.927809,79.868937,23.058872
99.773585,76.578615,23.194970,103.003011,79.938420,23.064591
99.860527,76.621206,23.239321,103.101835,79.950394,23.151440
99.778490,76.521965,23.256525,102.988420,79.864353,23.124067
99.813087,76.572684,23.240403,103.071779,79.957590,23.114189
99.766883,76.524377,23.242506,103.019514,79.864051,23.155463
99.683421,76.392411,23.291010,103.065374,79.961009,23.104365
99.724325,76.478651,23.245674,103.104392,80.050295,23.054096
99.757466,76.476588,23.280878,103.038760,79.801014,23.237746
99.740943,76.448268,23.292675,102.892621,79.811067,23.081554
99.654451,76.400384,23.254067,102.964506,79.813083,23.151422
99.734567,76.478709,23.255858,103.016365,79.883144,23.133221
99.652616,76.385202,23.267414,103.050491,79.955378,23.095114
99.603468,76.345498,23.257969,102.845817,79.654853,23.190964
99.556510,76.349787,23.206723,103.047799,79.963127,23.084672
99.738519,76.494593,23.243926,102.978542,79.890066,23.088477
99.609984,76.388977,23.221007,103.345306,80.214072,23.131234
99.586177,76.317711,23.268466,102.891925,79.763646,23.128279
99.563468,76.273249,23.290219,102.987910,79.734018,23.253892
