243.622802,241.034616,2.588186,193.708465,190.254994,3.453472
186.985960,181.398954,5.587006,175.812064,167.637381,8.174683
165.523050,154.318131,11.204919,156.001559,142.484397,13.517161
151.889028,137.594076,14.294951,147.456304,131.781882,15.674422
143.697330,127.617501,16.079828,138.980066,121.850370,17.129697
137.294601,119.309176,17.985426,134.482411,115.495543,18.986868
133.008274,113.894619,19.113655,130.410503,110.661588,19.748915
129.975302,110.069367,19.905934,127.647940,107.509265,20.138675
127.616469,107.118431,20.498038,125.628136,104.880126,20.748010
125.745069,104.810008,20.935061,124.176774,102.928574,21.248200
124.229913,102.884004,21.345909,122.799048,101.345958,21.453090
122.789113,101.165353,21.623759,121.558706,99.863827,21.694879
121.553015,99.702165,21.850850,120.295443,98.069857,22.225586
120.484147,98.337683,22.146464,119.248222,97.067291,22.180931
119.549274,97.239971,22.309303,118.487259,96.175667,22.311592
118.594626,96.256079,22.338547,117.416227,94.920027,22.496201
117.861855,95.241538,22.620318,117.036141,94.504371,22.531770
117.134562,94.408993,22.725569,116.292558,93.523895,22.768663
116.497711,93.685840,22.811871,115.886868,92.987384,22.899484
115.844557,93.045366,22.799191,115.397885,92.940588,22.457297
115.246690,92.328472,22.918217,114.608074,91.667594,22.940480
114.673512,91.746246,22.927266,114.332316,91.552664,22.779652
114.133025,91.112875,23.020150,113.836582,90.908014,22.928567
113.630725,90.637469,22.993256,113.492642,90.703630,22.789012
113.120092,90.115510,23.004582,112.724922,89.774490,22.950432
112.649453,89.582360,23.067093,112.328808,89.322872,23.005936
112.151744,89.113948,23.037796,111.845380,88.967709,22.877671
111.724654,88.656522,23.068132,111.589670,88.632710,22.956960
111.323557,88.271046,23.052511,110.954944,88.056323,22.898621
110.923617,87.859433,23.064183,111.014194,87.946328,23.067865
110.516988,87.470538,23.046450,110.346894,87.440030,22.906864
110.168011,87.116606,23.051404,109.940154,86.975543,22.964611
109.699720,86.707584,22.992136,109.591869,86.677087,22.914781
109.411629,86.355409,23.056219,109.371825,86.301683,23.070143
108.964503,85.999634,22.964869,109.120614,86.191887,22.928727
108.668366,85.730076,22.938290,108.712176,85.905270,22.806907
108.296746,85.329380,22.967366,108.308235,85.509594,22.798642
107.916733,85.073607,22.843126,108.399487,85.626866,22.772621
107.593247,84.710171,22.883076,107.887492,85.005066,22.882427
107.293027,84.389193,22.903834,107.320475,84.590893,22.729582
106.897331,84.086205,22.811126,107.053687,84.484481,22.569206
106.611891,83.827554,22.784337,106.641925,83.953296,22.688628
106.377557,83.626311,22.751246,106.533520,83.831054,22.702466
106.010280,83.251943,22.758337,106.380026,83.810044,22.569982
105.840501,83.105037,22.735464,106.178565,83.566649,22.611915
105.550870,82.857304,22.693566,105.903385,83.226014,22.677371
105.350542,82.636025,22.714517,105.892880,83.285008,22.607872
105.078348,82.364956,22.713392,105.779338,83.253153,22.526185
104.911140,82.216361,22.694779,105.178398,82.380750,22.797648
104.683733,81.951433,22.732301,105.265174,82.678735,22.586440
104.455619,81.760910,22.694709,104.799930,82.271070,22.528860
104.249997,81.584246,22.665751,104.959864,82.421687,22.538177
104.061630,81.421869,22.639761,104.661031,82.056132,22.604899
103.834421,81.128252,22.706169,104.515595,81.859808,22.655787
103.734411,80.995462,22.738948,104.168402,81.564988,22.603414
103.491959,80.773913,22.718046,104.137859,81.487140,22.650719
103.394903,80.681279,22.713623,104.016305,81.450668,22.565637
103.159239,80.433148,22.726091,103.893335,81.168075,22.725260
103.087022,80.306276,22.780746,103.843401,81.160960,22.682440
102.897239,80.108732,22.788507,103.615798,80.984449,22.631349
102.735578,79.934426,22.801152,103.363456,80.734907,22.628549
102.668763,79.882527,22.786237,103.302066,80.649778,22.652289
102.542874,79.718518,22.824357,103.204705,80.438076,22.766628
102.361310,79.512183,22.849127,103.008797,80.301968,22.706829
102.285248,79.420040,22.865208,103.170774,80.369257,22.801518
102.242878,79.334036,22.908842,102.967957,80.002289,22.965668
102.087931,79.130541,22.957390,103.135361,80.361698,22.773663
102.025696,79.106940,22.918755,102.859898,80.222889,22.637009
101.914931,78.936167,22.978764,102.879569,80.073194,22.806375
101.798834,78.807025,22.991809,102.659531,79.782473,22.877058
101.681350,78.735903,22.945447,102.534647,79.748874,22.785773
101.589045,78.602967,22.986078,102.636197,79.665993,22.970204
101.582994,78.518817,23.064177,102.409939,79.471820,22.938120
101.426138,78.420596,23.005542,102.573901,79.590064,22.983836
101.439172,78.343948,23.095224,102.421476,79.380910,23.040566
101.305339,78.219404,23.085935,102.407199,79.424631,22.982568
101.267359,78.196970,23.070389,102.516703,79.545155,22.971548
101.204085,78.135267,23.068818,102.085150,79.068494,23.016655
101.125014,77.983952,23.141062,102.190302,79.094114,23.096189
100.985799,77.859694,23.126104,102.179580,79.062415,23.117166
100.962035,77.813525,23.148510,102.217428,79.087517,23.129911
100.868863,77.716410,23.152453,102.286593,79.191232,23.095361
100.854371,77.702262,23.152109,101.850352,78.877295,22.973058
100.810741,77.695375,23.115365,102.056401,79.047288,23.009113
100.743534,77.554015,23.189519,101.904049,78.975936,22.928113
100.631517,77.518936,23.112581,101.848580,78.795074,23.053506
100.590581,77.410487,23.180094,101.841289,78.737645,23.103643
100.543126,77.345285,23.197841,101.871889,78.837485,23.034405
100.529253,77.291507,23.237747,101.551249,78.420435,23.130814
100.397966,77.146788,23.251177,101.860824,78.785401,23.075424
100.363788,77.168320,23.195468,101.713032,78.704687,23.008344
100.348690,77.114913,23.233777,101.778687,78.656655,23.122033
100.299419,77.104113,23.195306,101.531049,78.421544,23.109506
100.273985,77.044835,23.229150,101.399308,78.341713,23.057595
100.188995,76.979158,23.209837,101.744104,78.672787,23.071318
100.139057,76.915549,23.223508,101.504211,78.443644,23.060567
100.075549,76.828982,23.246567,101.452542,78.299526,23.153017
100.127292,76.847997,23.279296,101.709273,78.343322,23.365951
100.014958,76.709511,23.305446,101.550987,78.256480,23.294507
99.950342,76.675507,23.274834,101.446323,78.331867,23.114456
99.960154,76.712476,23.247678,101.448431,78.200068,23.248363
99.872538,76.603471,23.269067,101.362889,78.246369,23.116519
99.857149,76.630991,23.226158,101.366614,78.204682,23.161932
99.795174,76.541197,23.253976,101.434651,78.341216,23.093435
99.744852,76.502087,23.242765,101.378910,78.273902,23.105008
99.706432,76.439388,23.267044,101.378060,78.224912,23.153148
99.628055,76.382161,23.245894,101.314265,78.238309,23.075955
99.606265,76.366622,23.239643,101.163108,78.009963,23.153145
99.635751,76.333177,23.302573,101.389820,78.132676,23.257144
99.515606,76.233705,23.281901,101.196530,77.991855,23.204676
99.482875,76.154281,23.328594,101.290221,78.196300,23.093921
99.516437,76.216023,23.300414,101.359873,78.120030,23.239843
99.441252,76.126030,23.315222,100.976627,77.801559,23.175068
99.418301,76.053712,23.364589,100.939669,77.782538,23.157131
99.359804,76.007211,23.352593,100.889068,77.571536,23.317532
99.320935,75.972046,23.348889,100.948982,77.729650,23.219332
99.301963,76.019693,23.282269,100.936400,77.762283,23.174116
99.317656,75.949275,23.368380,100.954724,77.738108,23.216616
99.228995,75.877974,23.351021,100.951314,77.693275,23.258040
99.186690,75.895091,23.291599,100.933398,77.749769,23.183629
99.256342,75.854932,23.401411,100.883852,77.562917,23.320935
99.200084,75.775955,23.424129,100.855358,77.529467,23.325892
99.116576,75.761073,23.355504,100.955902,77.658221,23.297681
99.094697,75.719122,23.375575,100.781013,77.599235,23.181778
99.113918,75.706756,23.407163,100.892526,77.611557,23.280969
98.994183,75.612963,23.381220,100.850539,77.512972,23.337567
99.043079,75.608932,23.434148,100.717753,77.384702,23.333051
98.993469,75.619778,23.373690,100.852099,77.571647,23.280452
98.975619,75.575937,23.399682,101.062774,77.881355,23.181419
98.986975,75.598263,23.388712,100.827157,77.541793,23.285363
98.932081,75.514873,23.417209,100.654257,77.310391,23.343865
98.902799,75.476846,23.425953,101.024313,77.629280,23.395034
98.896300,75.466580,23.429720,100.716483,77.386616,23.329867
98.889018,75.482612,23.406405,100.765608,77.488541,23.277066
98.896373,75.469905,23.426467,100.626246,77.261495,23.364751
98.789248,75.368975,23.420273,100.759547,77.448414,23.311134
98.786839,75.377829,23.409010,100.802797,77.585406,23.217391
98.739857,75.326386,23.413471,100.843607,77.527976,23.315630
98.756224,75.321080,23.435144,100.702620,77.472161,23.230460
98.698621,75.266532,23.432089,100.826415,77.519487,23.306928
98.755645,75.324125,23.431520,100.674935,77.380690,23.294245
98.726168,75.271979,23.454189,101.007460,77.668816,23.338644
98.727678,75.295562,23.432116,100.758291,77.394192,23.364099
98.651970,75.174027,23.477943,100.524835,77.277467,23.247367
98.639997,75.217521,23.422476,100.653817,77.345345,23.308473
98.593903,75.155654,23.438250,100.687789,77.442327,23.245462
98.564936,75.126021,23.438914,100.732023,77.425075,23.306948
98.527536,75.046334,23.481202,100.488780,77.119286,23.369495
98.568338,75.100819,23.467519,100.703689,77.360409,23.343281
98.561778,75.026093,23.535685,100.609700,77.131801,23.477899
98.495364,74.932151,23.563213,100.500160,77.147814,23.352345
98.477233,75.034615,23.442618,100.505818,77.222031,23.283787
98.452675,74.994165,23.458510,100.489686,77.156206,23.333479
98.410792,74.929880,23.480912,100.492389,77.150765,23.341625
98.437233,74.921937,23.515296,100.493244,77.095313,23.397931
98.436570,74.979370,23.457200,100.592268,77.315971,23.276297
98.418081,74.926632,23.491448,100.649760,77.366474,23.283286
98.396604,74.891044,23.505560,100.496433,77.114397,23.382036
98.334884,74.785486,23.549398,100.653904,77.285043,23.368860
98.371303,74.872763,23.498540,100.615415,77.284358,23.331057
