240.920239,237.562095,3.358145,191.724961,187.921728,3.803232
175.561523,167.226575,8.334948,159.199546,147.168074,12.031472
152.697679,138.917127,13.780552,145.535228,130.157473,15.377755
141.913497,125.426877,16.486620,137.309526,119.913448,17.396078
135.511790,117.509736,18.002053,131.964484,113.396524,18.567962
131.375984,112.363140,19.012844,128.803219,109.322294,19.480925
128.436467,108.670124,19.766342,126.003534,105.887125,20.116409
126.119077,105.774276,20.344801,124.311712,103.598651,20.713062
124.256050,103.487033,20.769017,123.190151,102.175457,21.014694
122.708069,101.585902,21.122167,121.171322,99.895484,21.275838
121.343449,99.989572,21.353876,120.199802,98.778965,21.420837
120.221431,98.635894,21.585537,119.386179,97.676793,21.709386
119.192842,97.494243,21.698600,118.211380,96.484861,21.726520
118.296100,96.513384,21.782716,117.477024,95.651355,21.825669
117.442809,95.592610,21.850199,116.632279,94.748137,21.884142
116.742022,94.757219,21.984803,116.214946,94.245581,21.969365
115.921573,93.958412,21.963161,115.842249,93.859023,21.983227
115.344739,93.251928,22.092811,114.858266,92.902484,21.955782
114.805155,92.710806,22.094349,114.177009,92.144018,22.032992
114.267414,92.077255,22.190159,113.771762,91.590022,22.181741
113.769957,91.493354,22.276604,113.538964,91.336064,22.202901
113.195593,90.948534,22.247059,112.966419,90.755538,22.210881
112.732820,90.469607,22.263212,112.580490,90.307598,22.272892
112.347791,90.056686,22.291106,112.387892,90.116659,22.271234
111.914405,89.581249,22.333157,111.908972,89.606085,22.302887
111.581293,89.235509,22.345784,111.626226,89.226119,22.400107
111.159973,88.729007,22.430966,111.199738,88.863640,22.336097
110.808667,88.403367,22.405300,111.081254,88.632178,22.449076
110.570462,88.114541,22.455921,110.768672,88.231950,22.536722
110.194324,87.673581,22.520743,110.543766,88.091127,22.452639
109.947512,87.405004,22.542507,110.229927,87.667654,22.562273
109.754668,87.150172,22.604496,110.056719,87.505272,22.551447
109.417050,86.817595,22.599455,110.183488,87.687899,22.495589
109.146952,86.588957,22.557996,109.760834,87.284080,22.476754
108.973773,86.350431,22.623342,109.644692,86.951800,22.692892
108.724452,86.105406,22.619046,109.270883,86.880604,22.390280
108.565918,85.952643,22.613275,109.044870,86.465001,22.579869
108.316890,85.689917,22.626973,108.978384,86.364786,22.613598
108.165713,85.540780,22.624932,108.700892,86.075472,22.625420
107.921159,85.243696,22.677462,108.754247,86.187774,22.566473
107.755435,85.116204,22.639231,108.486812,85.898339,22.588473
107.641833,84.999857,22.641976,108.376238,85.906816,22.469422
107.353301,84.783960,22.569341,108.352366,85.773491,22.578875
107.198303,84.557742,22.640561,108.455060,85.781356,22.673704
107.117050,84.526884,22.590166,108.047482,85.551864,22.495617
106.913697,84.331280,22.582417,107.884698,85.478691,22.406007
106.780952,84.167778,22.613175,107.560234,84.915272,22.644962
106.642817,83.958234,22.684584,107.981216,85.326353,22.654863
106.527358,83.868185,22.659173,107.434764,84.750991,22.683773
106.403579,83.762696,22.640883,107.298734,84.759128,22.539606
106.194439,83.559035,22.635404,107.227749,84.642638,22.585111
106.107798,83.490279,22.617520,106.980327,84.429276,22.551051
105.945421,83.338451,22.606970,106.951378,84.372095,22.579283
105.766944,83.186333,22.580611,106.852214,84.313185,22.539029
105.683030,83.063567,22.619463,106.754987,84.241392,22.513595
105.570145,82.994696,22.575449,106.729914,84.185502,22.544412
105.516290,82.936025,22.580265,107.013167,84.487156,22.526012
105.337176,82.781946,22.555230,106.398498,83.889104,22.509394
105.209127,82.694288,22.514839,106.601825,84.138560,22.463264
105.217064,82.702263,22.514800,106.511861,84.076068,22.435794
105.082259,82.478084,22.604174,106.308224,83.798205,22.510018
105.004760,82.441376,22.563384,106.424042,83.929632,22.494410
104.931096,82.391592,22.539504,105.971399,83.502753,22.468646
104.806499,82.230578,22.575921,106.257361,83.763544,22.493816
104.770794,82.180862,22.589933,106.337737,83.796901,22.540836
104.617410,82.061889,22.555521,106.044351,83.689997,22.354354
104.542655,82.015458,22.527197,106.320140,83.820422,22.499719
104.366669,81.849380,22.517289,106.266161,83.818027,22.448134
104.350145,81.810610,22.539535,106.035800,83.469699,22.566102
104.271448,81.728377,22.543071,105.828902,83.325594,22.503308
104.272298,81.749916,22.522382,105.890805,83.488735,22.402070
104.113378,81.604239,22.509138,105.698452,83.262039,22.436413
104.036618,81.514554,22.522064,105.629207,83.323926,22.305280
104.018717,81.542793,22.475923,105.885705,83.371596,22.514109
103.885701,81.375289,22.510412,105.872287,83.443011,22.429277
103.836920,81.304442,22.532478,105.414388,83.068411,22.345976
103.738284,81.295654,22.442630,105.474188,83.147925,22.326262
103.725946,81.215629,22.510317,105.426864,82.879974,22.546891
103.669975,81.126620,22.543356,105.526367,83.015118,22.511249
103.631566,81.079605,22.551961,105.651559,83.135080,22.516480
103.532726,81.005508,22.527218,105.673379,83.200795,22.472584
103.499952,80.951675,22.548278,105.503487,83.055813,22.447674
103.397632,80.875437,22.522195,105.363430,82.871535,22.491895
103.248905,80.741660,22.507245,105.145396,82.758926,22.386470
103.367819,80.792130,22.575689,105.300007,82.760630,22.539377
103.201150,80.690162,22.510988,105.090128,82.703823,22.386305
103.146080,80.593228,22.552852,104.990951,82.515463,22.475488
103.026332,80.441773,22.584558,105.114148,82.577539,22.536609
103.050679,80.481996,22.568683,105.251313,82.697286,22.554027
102.985166,80.400206,22.584960,105.224171,82.795769,22.428403
102.970881,80.419569,22.551313,105.054953,82.613493,22.441461
102.938477,80.414654,22.523823,105.149426,82.701558,22.447867
102.912218,80.347585,22.564633,104.932758,82.412967,22.519792
102.838486,80.274453,22.564033,105.016014,82.531616,22.484398
102.654159,80.072320,22.581839,104.971792,82.403723,22.568070
102.688334,80.129703,22.558631,104.916492,82.506101,22.410392
102.616199,80.042225,22.573974,104.729790,82.205985,22.523805
102.651263,80.068160,22.583103,105.079572,82.503386,22.576186
102.533610,79.985287,22.548324,104.746703,82.347617,22.399086
102.504298,79.933938,22.570361,104.665516,82.198065,22.467450
102.415730,79.840606,22.575124,104.740506,82.256633,22.483872
102.353405,79.784777,22.568628,104.695270,82.282618,22.412652
102.311070,79.766901,22.544169,104.456258,82.027344,22.428914
102.252790,79.707779,22.545011,104.686830,82.192250,22.494580
102.250219,79.674289,22.575930,104.793013,82.336766,22.456247
102.210982,79.621547,22.589435,104.621061,82.130784,22.490277
102.120246,79.556047,22.564199,104.592076,82.102384,22.489692
102.172014,79.576527,22.595487,104.478906,81.904090,22.574816
102.034955,79.425659,22.609296,104.365843,81.977377,22.388467
102.059130,79.497493,22.561637,104.335007,81.814495,22.520512
101.935983,79.344704,22.591279,104.483948,82.004808,22.479140
101.915610,79.345523,22.570088,104.430464,81.902517,22.527947
101.905001,79.294152,22.610848,104.455982,81.798346,22.657636
101.894866,79.277588,22.617278,104.307894,81.879709,22.428185
101.837934,79.242560,22.595373,104.441073,81.847212,22.593862
101.822135,79.212229,22.609906,104.318136,81.849789,22.468348
101.697508,79.094627,22.602880,104.191234,81.701561,22.489673
101.754106,79.170292,22.583814,104.351912,81.673801,22.678111
101.660333,79.008266,22.652067,104.215641,81.734294,22.481348
101.614823,79.014939,22.599884,104.279476,81.819282,22.460194
101.585563,78.926382,22.659181,104.097401,81.584535,22.512866
101.513011,78.895730,22.617281,104.095946,81.516493,22.579453
101.482380,78.837403,22.644977,104.006588,81.464149,22.542439
101.445847,78.783656,22.662191,104.217354,81.671902,22.545452
101.392470,78.758194,22.634276,104.156897,81.652054,22.504842
101.402638,78.721856,22.680782,103.937895,81.440370,22.497525
101.382279,78.731000,22.651279,104.183889,81.678648,22.505241
101.388526,78.740038,22.648488,104.219446,81.609798,22.609649
101.313931,78.648774,22.665157,104.226744,81.616427,22.610318
101.306883,78.656271,22.650613,104.183411,81.598290,22.585121
101.308042,78.653566,22.654476,104.117732,81.549689,22.568043
101.259722,78.567389,22.692334,103.967382,81.436415,22.530967
101.259702,78.551877,22.707825,103.867965,81.223708,22.644256
101.170460,78.443290,22.727170,104.186069,81.593356,22.592712
101.150164,78.426744,22.723421,104.038368,81.363091,22.675278
101.169168,78.433123,22.736045,104.062751,81.482000,22.580751
101.082983,78.379487,22.703496,103.987519,81.478195,22.509324
101.071121,78.333110,22.738011,103.931851,81.227689,22.704162
101.093966,78.323016,22.770950,103.821194,81.123394,22.697800
100.971432,78.234352,22.737080,104.007024,81.441817,22.565207
101.098645,78.346308,22.752337,103.902996,81.247745,22.655251
100.972580,78.190899,22.781681,103.949490,81.301410,22.648080
100.872931,78.131933,22.740998,103.958668,81.316442,22.642226
101.004677,78.221137,22.783540,104.021104,81.390350,22.630754
100.894583,78.077339,22.817244,103.978059,81.292902,22.685158
100.934865,78.174268,22.760597,103.975737,81.341341,22.634396
100.901925,78.112586,22.789339,104.021709,81.308489,22.713220
100.827974,77.996621,22.831353,103.779768,81.115268,22.664500
100.883350,78.104099,22.779250,103.872380,81.175889,22.696492
100.846658,78.059632,22.787026,103.984015,81.338972,22.645043
100.869503,78.003576,22.865928,103.846635,81.134322,22.712312
100.722526,77.880477,22.842049,103.984412,81.334391,22.650021
100.694659,77.892253,22.802407,103.796228,81.065988,22.730240
100.704038,77.880909,22.823129,103.918447,81.149435,22.769011
100.761643,77.909482,22.852161,103.657463,80.925317,22.732146
100.656008,77.819598,22.836410,103.726947,80.993962,22.732985
100.687263,77.812085,22.875178,103.703026,80.956318,22.746709
100.688587,77.821885,22.866702,103.941468,81.167226,22.774243
100.650804,77.816909,22.833895,103.774992,81.156460,22.618532
100.678365,77.848721,22.829644,103.823764,81.082001,22.741763
