243.873663,241.766228,2.107434,194.213933,191.321272,2.892661
187.388343,182.239249,5.149093,176.059048,167.904828,8.154220
166.430261,156.024878,10.405382,156.395209,143.978778,12.416431
151.849167,138.445753,13.403413,146.606181,132.379025,14.227155
143.223882,127.880086,15.343796,139.631289,123.455482,16.175806
136.993388,119.781011,17.212377,134.098252,115.903355,18.194896
133.125820,114.713903,18.411916,130.330256,111.478192,18.852064
130.073989,110.959552,19.114436,127.880466,108.366172,19.514294
127.748094,108.051320,19.696774,126.052109,105.906528,20.145582
125.926145,105.709296,20.216849,124.272016,103.857014,20.415003
124.371573,103.705116,20.666457,123.094009,101.871276,21.222733
123.002296,101.991404,21.010892,121.544192,100.295090,21.249101
121.777787,100.507218,21.270568,120.373031,98.921507,21.451524
120.756599,99.222373,21.534226,119.834955,98.264619,21.570336
119.996633,98.324831,21.671802,119.363403,97.579359,21.784044
119.034638,97.179903,21.854736,118.390497,96.569631,21.820866
118.365818,96.400011,21.965807,117.352929,95.464817,21.888112
117.487413,95.333639,22.153774,116.941997,94.595308,22.346689
116.900378,94.550619,22.349759,116.600453,94.064268,22.536185
116.363558,93.832534,22.531024,115.764594,93.236289,22.528305
115.726341,93.106006,22.620335,115.098281,92.532450,22.565832
115.102004,92.418024,22.683979,114.830937,92.219982,22.610954
114.607823,91.896271,22.711552,114.425189,91.855313,22.569876
114.195965,91.269812,22.926154,113.931664,91.007288,22.924375
113.725072,90.750350,22.974723,113.585519,90.525790,23.059728
113.336553,90.271904,23.064649,113.405068,90.375717,23.029351
112.902732,89.784050,23.118683,112.816252,89.780755,23.035497
112.518541,89.432035,23.086506,112.642462,89.644911,22.997551
112.204322,88.998012,23.206309,112.382385,89.146450,23.235935
111.850450,88.528148,23.322302,111.916752,88.527557,23.389196
111.545073,88.141834,23.403239,111.968758,88.478788,23.489971
111.162374,87.703866,23.458508,111.518502,88.259443,23.259059
110.773539,87.358134,23.415405,111.291188,87.894179,23.397009
110.670065,87.110465,23.559599,110.922014,87.385893,23.536122
110.326352,86.785110,23.541242,110.602039,87.117503,23.484536
110.094969,86.459098,23.635871,110.323604,86.857880,23.465724
109.787117,86.108743,23.678374,110.350578,86.751206,23.599372
109.469344,85.880840,23.588504,110.034093,86.507364,23.526729
109.278656,85.629355,23.649301,109.640973,86.149089,23.491884
108.999898,85.350144,23.649754,109.397552,85.693700,23.703852
108.851392,85.166012,23.685381,109.261924,85.474060,23.787864
108.599132,84.850539,23.748593,109.088194,85.427124,23.661070
108.320920,84.582862,23.738058,109.080237,85.596962,23.483275
108.222306,84.489873,23.732433,108.539884,84.780063,23.759821
107.915144,84.127985,23.787160,108.653362,84.827262,23.826101
107.759493,83.990348,23.769145,108.366006,84.672555,23.693451
107.527475,83.746394,23.781082,108.233906,84.269713,23.964193
107.289917,83.547566,23.742351,108.167259,84.410527,23.756733
107.077288,83.275710,23.801578,107.979737,84.352095,23.627642
106.882138,83.113138,23.768999,107.671063,84.000869,23.670193
106.645870,82.854298,23.791572,107.499009,83.730974,23.768036
106.443563,82.667205,23.776358,107.123550,83.639512,23.484039
106.345265,82.592604,23.752661,107.079836,83.422993,23.656844
106.161004,82.403325,23.757678,107.209932,83.356440,23.853493
106.027346,82.200971,23.826375,106.923569,83.300457,23.623112
105.831195,81.973383,23.857813,106.743561,83.015803,23.727758
105.631020,81.795765,23.835255,106.768856,82.958997,23.809859
105.530829,81.711562,23.819266,106.500567,82.586954,23.913614
105.369536,81.458554,23.910982,106.441186,82.641565,23.799621
105.194328,81.339881,23.854447,106.253662,82.410858,23.842803
105.013107,81.117375,23.895733,106.169323,82.161438,24.007884
104.964136,81.042719,23.921416,105.891858,82.122163,23.769695
104.770632,80.915662,23.854970,105.745534,81.936365,23.809169
104.670841,80.760530,23.910310,105.868995,81.824102,24.044892
104.522820,80.585945,23.936875,105.451131,81.755916,23.695215
104.368518,80.474895,23.893623,105.715235,81.938944,23.776291
104.365550,80.405698,23.959852,105.809040,81.824355,23.984685
104.266785,80.296209,23.970576,105.443355,81.579179,23.864176
104.056300,80.152843,23.903457,105.350496,81.534088,23.816409
103.930097,80.031099,23.898997,105.279923,81.515456,23.764468
103.869995,79.931928,23.938068,105.402049,81.518810,23.883239
103.745668,79.751365,23.994302,104.930711,81.112042,23.818669
103.718922,79.709875,24.009048,105.265246,81.149142,24.116104
103.552465,79.555192,23.997273,104.768648,80.919230,23.849418
103.448561,79.483952,23.964609,104.762643,80.842915,23.919728
103.373772,79.352668,24.021105,104.879340,80.955458,23.923882
103.270904,79.313335,23.957569,104.532536,80.763700,23.768836
103.190241,79.144081,24.046160,104.758469,80.888634,23.869835
103.071911,79.089877,23.982034,104.614128,80.914326,23.699802
102.935923,78.970817,23.965105,104.389797,80.562327,23.827470
102.908876,78.966833,23.942043,104.317310,80.494837,23.822473
102.847257,78.868108,23.979149,104.545892,80.620890,23.925002
102.815672,78.777289,24.038382,104.221031,80.254289,23.966742
102.705911,78.697409,24.008502,104.083942,80.099107,23.984834
102.592586,78.605764,23.986821,104.222819,80.326970,23.895850
102.561531,78.546185,24.015345,104.206533,80.144321,24.062213
102.444117,78.448003,23.996114,104.000782,80.073179,23.927603
102.406534,78.349932,24.056601,103.847446,79.969722,23.877725
102.302673,78.308153,23.994520,103.936559,80.061316,23.875243
102.237768,78.254380,23.983388,104.033497,80.107981,23.925516
102.227338,78.247990,23.979348,103.766032,79.869582,23.896450
102.097847,78.030567,24.067279,103.855298,79.871648,23.983651
102.113251,78.031363,24.081889,103.905595,79.982648,23.922948
101.947977,77.953467,23.994510,103.781608,79.722340,24.059268
101.944685,77.894695,24.049991,103.816610,79.987338,23.829271
101.856389,77.850788,24.005601,103.613304,79.701254,23.912050
101.738792,77.692331,24.046460,103.416346,79.589174,23.827172
101.746654,77.731531,24.015123,103.660619,79.734731,23.925889
101.687572,77.663504,24.024068,103.577911,79.577964,23.999947
101.592626,77.582476,24.010150,103.602845,79.680301,23.922544
101.577188,77.549074,24.028114,103.543211,79.605805,23.937405
101.591050,77.512336,24.078714,103.220719,79.363054,23.857664
101.476874,77.481150,23.995725,103.471956,79.531931,23.940025
101.484421,77.410087,24.074334,103.467050,79.361532,24.105519
101.376552,77.316970,24.059583,103.330916,79.507772,23.823144
101.295489,77.262010,24.033479,103.226794,79.376533,23.850261
101.280220,77.232455,24.047765,103.308123,79.412539,23.895584
101.229580,77.181792,24.047788,103.274330,79.263237,24.011093
101.209333,77.180598,24.028735,103.057550,79.079813,23.977737
101.081276,76.994451,24.086825,103.276236,79.475822,23.800414
101.022817,76.975308,24.047509,103.055107,79.113070,23.942037
100.992893,76.906850,24.086043,103.082848,79.160254,23.922594
100.961455,76.878566,24.082889,103.128208,79.041040,24.087169
100.925101,76.801962,24.123139,103.052265,78.993158,24.059107
100.865227,76.773337,24.091890,102.736685,78.956928,23.779756
100.838131,76.763445,24.074686,103.019522,78.957535,24.061987
100.744769,76.637203,24.107566,102.882179,78.913225,23.968954
100.712346,76.600281,24.112065,102.932652,78.991411,23.941241
100.742154,76.631611,24.110543,102.812906,78.890529,23.922376
100.666178,76.605201,24.060977,102.814356,78.832613,23.981743
100.610618,76.509650,24.100967,102.895072,78.977615,23.917457
100.542165,76.439231,24.102934,102.857573,78.921603,23.935969
100.571017,76.438079,24.132938,102.986010,78.868803,24.117206
100.516891,76.389975,24.126915,102.768486,78.835169,23.933317
100.469675,76.337220,24.132454,102.716946,78.785454,23.931492
100.469279,76.333123,24.136156,102.654231,78.817664,23.836568
100.355573,76.255617,24.099956,102.764996,78.729786,24.035210
100.387959,76.292538,24.095421,102.681181,78.602202,24.078978
100.345280,76.229795,24.115485,102.572299,78.578836,23.993463
100.324102,76.170277,24.153825,102.616219,78.658564,23.957656
100.276025,76.158062,24.117964,102.716018,78.639766,24.076253
100.257500,76.101780,24.155720,102.883282,78.848286,24.034996
100.249592,76.114632,24.134959,102.734094,78.817983,23.916110
100.114026,76.007891,24.106135,102.594412,78.602074,23.992339
100.135402,76.039640,24.095761,102.602346,78.585286,24.017060
100.093556,75.962000,24.131555,102.445452,78.401156,24.044296
99.988707,75.870248,24.118459,102.471226,78.510763,23.960462
99.993989,75.879252,24.114737,102.707447,78.767755,23.939691
100.040823,75.899843,24.140980,102.342168,78.414469,23.927698
99.919842,75.822818,24.097024,102.660749,78.556847,24.103902
99.924015,75.767703,24.156312,102.526853,78.332941,24.193912
99.810671,75.676546,24.134125,102.488943,78.590450,23.898493
99.888063,75.708416,24.179646,102.583083,78.560810,24.022273
99.835870,75.644988,24.190882,102.361335,78.370837,23.990498
99.828801,75.652951,24.175849,102.579707,78.479792,24.099915
99.809587,75.602081,24.207506,102.365719,78.312220,24.053498
99.757741,75.603936,24.153805,102.331786,78.284956,24.046830
99.711061,75.514433,24.196628,102.241601,78.248569,23.993032
99.712096,75.545669,24.166428,102.535622,78.540960,23.994662
99.701643,75.530475,24.171168,102.342184,78.253939,24.088244
99.662125,75.515653,24.146471,102.734825,78.782098,23.952726
99.580833,75.448157,24.132676,102.464274,78.381578,24.082696
99.606267,75.411902,24.194365,102.273465,78.280382,23.993083
99.586423,75.402152,24.184271,102.067523,77.973488,24.094035
99.565335,75.385620,24.179715,102.148646,78.093952,24.054694
99.574446,75.369448,24.204998,102.316922,78.307540,24.009382
99.487276,75.278846,24.208430,102.427014,78.248542,24.178472
99.469764,75.211326,24.258438,102.404799,78.294540,24.110258
99.425300,75.154874,24.270425,102.286176,78.164977,24.121198
99.391586,75.193234,24.198352,102.214917,78.137641,24.077276
