237.249023,233.454587,3.794436,190.866423,186.842527,4.023896
174.665919,166.218580,8.447339,158.454704,146.073218,12.381486
151.843302,138.267295,13.576008,144.723746,129.862324,14.861422
141.234181,125.158935,16.075246,136.390240,119.272622,17.117618
134.321638,116.378552,17.943087,130.887686,112.096942,18.790745
130.010388,110.844190,19.166198,127.223105,107.399128,19.823976
126.929341,106.904009,20.025332,125.124935,104.854937,20.269998
124.766889,104.234987,20.531902,123.117854,102.414077,20.703777
122.947096,101.976008,20.971087,121.423728,100.265262,21.158467
121.548036,100.083422,21.464614,120.359644,98.700813,21.658832
120.238361,98.567872,21.670489,119.133194,97.430025,21.703169
119.180236,97.257336,21.922901,118.232348,96.117460,22.114888
118.249689,96.191635,22.058055,117.470985,95.237013,22.233972
117.369819,95.157039,22.212780,116.981759,94.743688,22.238070
116.643863,94.301931,22.341933,116.182123,93.826715,22.355408
115.934365,93.555417,22.378948,115.538664,93.234965,22.303700
115.236682,92.818541,22.418140,115.125932,92.790641,22.335291
114.633116,92.165616,22.467499,114.299030,91.751840,22.547189
114.074332,91.527666,22.546666,113.982937,91.545716,22.437220
113.532285,90.975732,22.556553,114.201526,91.641751,22.559775
112.958946,90.398503,22.560443,113.141097,90.648045,22.493051
112.524985,89.967445,22.557540,112.542682,89.811883,22.730799
112.030287,89.426503,22.603785,112.145370,89.713546,22.431824
111.599518,89.008951,22.590568,111.879519,89.248606,22.630913
111.190818,88.583869,22.606949,111.298299,88.666929,22.631370
110.865992,88.172726,22.693265,110.959663,88.299870,22.659793
110.453879,87.799254,22.654625,110.583362,88.004348,22.579014
110.127463,87.510882,22.616582,110.424040,87.931642,22.492397
109.681550,87.075513,22.606037,110.381721,87.816891,22.564831
109.435204,86.735706,22.699498,109.903956,87.176374,22.727583
109.047939,86.329086,22.718853,109.131779,86.510512,22.621267
108.709012,86.090266,22.618745,109.150256,86.521963,22.628293
108.501245,85.834858,22.666388,108.979540,86.458549,22.520992
108.186738,85.565915,22.620823,108.820998,86.453347,22.367651
107.903289,85.269373,22.633916,108.641843,85.981843,22.660000
107.703213,85.105438,22.597776,108.268661,85.779622,22.489039
107.341431,84.777700,22.563731,107.769034,85.305566,22.463467
107.121612,84.513830,22.607781,107.893734,85.449151,22.444583
106.856474,84.323755,22.532718,107.793478,85.335032,22.458446
106.654771,84.040121,22.614651,107.435089,84.890412,22.544677
106.573418,83.976279,22.597139,107.313869,84.852788,22.461081
106.284651,83.635630,22.649021,107.231768,84.674330,22.557438
106.028553,83.399606,22.628947,106.969196,84.476622,22.492574
105.881452,83.226132,22.655320,107.357597,84.610050,22.747547
105.652617,83.046768,22.605848,106.684336,84.171418,22.512918
105.478652,82.839346,22.639305,106.548577,84.113765,22.434812
105.311853,82.690969,22.620884,106.875570,84.303489,22.572081
105.175543,82.524655,22.650888,106.238445,83.732249,22.506196
104.987331,82.326979,22.660353,106.318981,83.772130,22.546851
104.887282,82.245556,22.641726,105.925301,83.433805,22.491496
104.704729,82.082183,22.622546,106.268712,83.717311,22.551401
104.620504,81.923873,22.696631,105.892318,83.247142,22.645175
104.520010,81.804002,22.716008,105.764425,83.149262,22.615163
104.321035,81.612817,22.708218,105.740658,83.185810,22.554848
104.258665,81.632065,22.626601,105.670216,83.093541,22.576674
104.137469,81.458888,22.678580,105.538158,82.932924,22.605234
104.158332,81.428288,22.730044,105.200653,82.613469,22.587184
103.858509,81.144711,22.713797,105.394829,82.833545,22.561284
103.753747,81.040741,22.713006,105.122861,82.635903,22.486958
103.641355,80.936477,22.704878,105.126167,82.426036,22.700131
103.572145,80.819216,22.752929,105.165916,82.609903,22.556012
103.458571,80.773730,22.684841,105.077329,82.520855,22.556475
103.384933,80.693284,22.691649,104.969422,82.353202,22.616221
103.293945,80.536214,22.757731,105.050598,82.480310,22.570289
103.179234,80.491710,22.687524,105.104314,82.557210,22.547104
103.099004,80.378052,22.720952,104.725148,82.160577,22.564571
103.036867,80.366784,22.670084,104.595616,81.949255,22.646361
102.933842,80.146581,22.787261,105.096960,82.334107,22.762853
102.775765,80.010004,22.765761,104.682222,82.026690,22.655532
102.753692,79.986316,22.767376,104.647807,81.947300,22.700507
102.705291,79.929999,22.775292,104.448098,81.773834,22.674264
102.562544,79.831082,22.731462,104.778053,82.233184,22.544869
102.500788,79.818398,22.682390,104.499107,81.968681,22.530426
102.506847,79.812614,22.694233,104.230099,81.625697,22.604402
102.385909,79.646741,22.739168,104.346193,81.700345,22.645848
102.225367,79.483634,22.741733,104.427333,81.755007,22.672326
102.156332,79.461810,22.694522,104.065967,81.537597,22.528371
102.151754,79.443741,22.708013,104.199160,81.648788,22.550372
102.147229,79.390707,22.756522,104.420416,81.729603,22.690813
102.013747,79.282674,22.731073,104.329015,81.651350,22.677664
101.936238,79.225603,22.710634,104.019510,81.466971,22.552539
101.866625,79.175524,22.691101,104.069254,81.548835,22.520419
101.827750,79.117425,22.710325,103.871397,81.400367,22.471031
101.816748,79.062697,22.754052,104.004871,81.441782,22.563089
101.699746,78.978155,22.721591,103.811509,81.283123,22.528385
101.545110,78.886576,22.658534,103.731916,81.137622,22.594293
101.524301,78.811215,22.713087,103.971089,81.321151,22.649938
101.479970,78.756994,22.722975,103.779787,81.212489,22.567297
101.429003,78.693614,22.735389,103.605767,81.093844,22.511922
101.409104,78.685917,22.723187,103.920014,81.258395,22.661619
101.389069,78.597560,22.791509,103.570507,80.980030,22.590477
101.243287,78.505456,22.737832,103.571303,80.900779,22.670524
101.245610,78.463038,22.782573,103.608982,80.905946,22.703035
101.069248,78.333889,22.735360,103.615542,81.042842,22.572700
101.121028,78.373052,22.747975,103.523142,80.765725,22.757417
101.100535,78.358295,22.742241,103.292793,80.714117,22.578676
100.968978,78.206106,22.762873,103.323342,80.683348,22.639994
100.935549,78.189279,22.746270,103.518059,80.985789,22.532270
100.864392,78.109021,22.755371,103.248892,80.655138,22.593754
100.819014,78.076728,22.742286,103.400412,80.788141,22.612271
100.775891,78.019535,22.756357,103.295604,80.675240,22.620363
100.785237,78.009602,22.775636,103.466756,80.716149,22.750608
100.715405,77.933610,22.781795,102.939179,80.595406,22.343773
100.606602,77.912567,22.694035,103.196144,80.624123,22.572021
100.583803,77.833355,22.750448,103.213037,80.550142,22.662895
100.546766,77.799841,22.746924,103.270383,80.520236,22.750147
100.493044,77.701981,22.791063,103.048917,80.415633,22.633284
100.514000,77.718032,22.795968,103.488788,80.934458,22.554330
100.454971,77.711545,22.743426,103.006445,80.368118,22.638327
100.345526,77.588250,22.757275,102.990873,80.404862,22.586011
100.332111,77.542735,22.789376,103.008766,80.371648,22.637117
100.335174,77.513988,22.821187,103.027844,80.392340,22.635504
100.278783,77.470045,22.808738,102.769690,79.992558,22.777132
100.170372,77.355187,22.815185,102.960313,80.330573,22.629740
100.199167,77.360268,22.838899,102.874032,80.152806,22.721225
100.138688,77.342299,22.796388,102.834917,80.149162,22.685755
100.041003,77.262438,22.778566,102.912974,80.379304,22.533671
100.124444,77.344596,22.779848,103.061174,80.235758,22.825417
100.096412,77.224091,22.872321,102.890968,80.196819,22.694150
100.016810,77.191512,22.825297,102.950578,80.251210,22.699368
99.963972,77.112990,22.850982,102.809711,80.172148,22.637563
99.997374,77.148699,22.848675,102.885210,80.228332,22.656877
99.925770,77.089139,22.836631,102.864425,80.038982,22.825444
99.904919,77.034897,22.870022,102.517620,79.837919,22.679701
99.830067,76.996463,22.833604,102.661941,79.974598,22.687342
99.837162,77.004366,22.832796,102.868975,80.171593,22.697383
99.744614,76.917170,22.827443,102.566403,79.881676,22.684728
99.705717,76.821506,22.884210,102.699808,80.000999,22.698809
99.713944,76.809178,22.904766,102.729486,79.961480,22.768006
99.742186,76.827426,22.914760,102.559163,79.895662,22.663501
99.636082,76.752473,22.883609,102.544104,79.770847,22.773257
99.670226,76.756198,22.914029,102.730921,79.961463,22.769458
99.621274,76.695447,22.925827,102.879689,80.163333,22.716356
99.566295,76.668160,22.898135,102.556938,79.894024,22.662914
99.536498,76.633256,22.903242,102.673496,79.958484,22.715012
99.545701,76.622566,22.923136,102.395695,79.676361,22.719335
99.596534,76.623768,22.972766,102.458641,79.589291,22.869350
99.429547,76.476926,22.952620,102.733836,79.910000,22.823835
99.420149,76.459772,22.960377,102.656086,79.891678,22.764408
99.429650,76.415015,23.014634,102.648421,79.851384,22.797038
99.412962,76.388358,23.024604,102.770134,79.831345,22.938789
99.343823,76.383147,22.960677,102.502397,79.619817,22.882580
99.381227,76.432386,22.948841,102.503894,79.760583,22.743311
99.284985,76.294676,22.990309,102.427240,79.608103,22.819137
99.287919,76.300421,22.987499,102.647345,79.834345,22.813001
99.287732,76.265788,23.021945,102.507439,79.661567,22.845872
99.275562,76.265773,23.009789,102.613200,79.792299,22.820902
99.233995,76.220432,23.013563,102.683532,79.833554,22.849979
99.263133,76.238553,23.024580,102.601844,79.713623,22.888221
99.200789,76.171703,23.029087,102.530576,79.671277,22.859299
99.174505,76.147894,23.026611,102.702244,79.772851,22.929394
99.117848,76.067347,23.050501,102.537505,79.748413,22.789093
99.154287,76.126287,23.027999,102.500890,79.635503,22.865387
99.195305,76.120192,23.075112,102.497598,79.635369,22.862229
99.049669,75.979707,23.069962,102.552853,79.579240,22.973613
99.110118,76.049340,23.060778,102.457090,79.544544,22.912546
99.006133,75.950050,23.056083,102.431976,79.590330,22.841645
99.094201,76.001058,23.093143,102.608116,79.703166,22.904951
98.950311,75.918594,23.031717,102.469790,79.614689,22.855100
99.006134,75.966272,23.039861,102.533679,79.591447,22.942231
