257.567825,254.557491,3.010334,196.620446,193.606434,3.014012
192.398894,188.935752,3.463141,189.235699,185.067646,4.168052
180.837171,174.189704,6.647466,169.666469,160.479816,9.186653
162.735316,151.449943,11.285373,155.660975,142.861894,12.799080
152.386388,138.483235,13.903153,147.962431,132.997439,14.964992
145.299808,129.606935,15.692873,141.586831,124.807338,16.779493
139.773459,122.622990,17.150469,137.053713,118.952791,18.100921
135.684627,117.410984,18.273644,133.127383,114.419314,18.708068
132.554777,113.462081,19.092696,130.378396,110.986522,19.391874
130.233409,110.558860,19.674549,128.737407,108.844251,19.893156
128.394349,108.247701,20.146648,127.033710,106.538649,20.495061
126.903806,106.434774,20.469031,125.780307,105.117019,20.663287
125.685029,104.825371,20.859658,124.620927,103.615446,21.005480
124.613782,103.415509,21.198273,123.689169,102.418464,21.270705
123.627690,102.234642,21.393048,122.847056,101.369433,21.477622
122.824360,101.301205,21.523155,122.309776,100.647573,21.662203
122.095832,100.391402,21.704430,121.560754,100.007347,21.553407
121.451214,99.614061,21.837153,121.028987,99.283656,21.745331
120.807428,98.837674,21.969754,120.521998,98.551253,21.970745
120.353425,98.265407,22.088018,119.845002,97.711291,22.133712
119.726665,97.579770,22.146895,119.646173,97.655342,21.990831
119.368027,97.186278,22.181749,119.170763,96.980566,22.190197
118.834783,96.450731,22.384052,118.849943,96.640772,22.209171
118.507102,96.107655,22.399447,118.492281,96.131402,22.360879
118.081941,95.624644,22.457297,118.205279,95.755780,22.449499
117.789363,95.241942,22.547422,117.909579,95.347600,22.561980
117.385247,94.847950,22.537296,117.623952,95.160501,22.463452
117.053133,94.531450,22.521683,117.233329,94.804983,22.428347
116.801713,94.114789,22.686924,116.861693,94.244676,22.617017
116.364607,93.651809,22.712798,117.246241,94.616942,22.629299
116.188899,93.439415,22.749485,116.590937,93.810237,22.780700
115.872366,93.025508,22.846858,116.548069,93.962414,22.585655
115.554940,92.763790,22.791150,116.207481,93.452082,22.755399
115.489154,92.609676,22.879478,116.244015,93.576155,22.667861
115.152026,92.291291,22.860735,115.802173,93.123369,22.678804
114.943532,91.999313,22.944219,115.812213,92.988505,22.823708
114.731464,91.744674,22.986790,115.171692,92.432193,22.739499
114.472426,91.466799,23.005628,115.103215,92.216902,22.886313
114.272619,91.263582,23.009037,114.937673,92.073885,22.863789
114.069639,91.122913,22.946727,115.050644,92.235122,22.815522
113.965989,90.900273,23.065717,114.925573,92.016883,22.908690
113.730964,90.610014,23.120950,114.766000,91.933214,22.832785
113.457829,90.326174,23.131655,114.489616,91.407808,23.081807
113.358671,90.199977,23.158694,114.289488,91.419268,22.870220
113.172213,90.070879,23.101334,114.382352,91.403005,22.979348
112.988304,89.857264,23.131041,114.259535,91.339404,22.920132
112.905349,89.736025,23.169325,114.204397,91.199484,23.004913
112.741957,89.574761,23.167196,114.204623,91.343917,22.860707
112.572250,89.399893,23.172356,113.769840,90.652120,23.117721
112.491020,89.292362,23.198657,113.776167,90.652013,23.124154
112.285701,89.062863,23.222838,113.857036,90.789135,23.067901
112.192489,88.948977,23.243512,113.446144,90.613387,22.832757
112.043243,88.938985,23.104258,113.267973,90.346149,22.921823
111.836879,88.634818,23.202061,113.419727,90.456726,22.963001
111.709768,88.441290,23.268478,113.137366,90.053796,23.083570
111.569275,88.329283,23.239992,113.293874,90.220162,23.073713
111.494172,88.198561,23.295611,112.778390,89.704803,23.073587
111.339360,88.042327,23.297033,113.083124,90.077676,23.005448
111.259106,87.958666,23.300440,112.829724,89.752766,23.076958
111.098204,87.817687,23.280517,113.025294,89.906931,23.118363
111.032154,87.756790,23.275364,112.725783,89.667341,23.058442
110.912932,87.589632,23.323300,112.457153,89.315007,23.142145
110.708194,87.454393,23.253802,112.345637,89.432602,22.913035
110.642017,87.386403,23.255614,112.814131,89.735098,23.079033
110.572956,87.238999,23.333958,112.463100,89.350328,23.112772
110.444523,87.064824,23.379699,112.235611,89.194723,23.040887
110.372217,87.066432,23.305785,112.248914,89.214741,23.034172
110.193305,86.884920,23.308385,112.198236,89.040160,23.158076
110.181727,86.834594,23.347133,112.309507,89.161411,23.148096
110.102351,86.804866,23.297485,112.224747,89.125719,23.099027
110.017360,86.647156,23.370204,111.924153,88.881262,23.042891
109.835470,86.498794,23.336676,111.948710,88.813795,23.134914
109.688757,86.360869,23.327888,111.738067,88.585698,23.152370
109.680012,86.366828,23.313184,111.883908,88.853390,23.030518
109.567012,86.269894,23.297118,111.938227,88.761008,23.177219
109.539202,86.168227,23.370975,111.651293,88.562715,23.088578
109.445655,86.073007,23.372648,111.477305,88.320867,23.156439
109.389170,85.996754,23.392417,111.646778,88.508923,23.137855
109.274111,85.910869,23.363243,111.417323,88.372487,23.044836
109.221539,85.878197,23.343342,111.426436,88.246691,23.179746
109.080171,85.699385,23.380786,111.404080,88.179834,23.224246
109.052945,85.654302,23.398644,111.593222,88.424354,23.168869
108.960962,85.585469,23.375493,111.344411,88.222957,23.121454
108.879026,85.514656,23.364370,111.192717,88.145723,23.046993
108.821564,85.437391,23.384173,111.071343,87.922897,23.148446
108.701009,85.352525,23.348484,111.144265,88.060476,23.083788
108.554814,85.165989,23.388825,110.875607,87.779206,23.096401
108.551714,85.188708,23.363007,111.003638,87.860974,23.142664
108.450898,85.019459,23.431439,111.001522,87.897800,23.103723
108.427713,85.041808,23.385906,110.899317,87.842046,23.057272
108.356077,84.993944,23.362132,111.100458,88.058332,23.042125
108.306701,84.955615,23.351086,110.895973,87.754865,23.141107
108.181682,84.851211,23.330471,110.932082,87.794295,23.137788
108.197992,84.800651,23.397341,110.828570,87.651907,23.176663
108.084145,84.664566,23.419579,110.677301,87.561448,23.115853
108.001387,84.600780,23.400607,110.805666,87.729894,23.075772
107.932080,84.490227,23.441853,110.547148,87.389463,23.157685
107.857546,84.498426,23.359120,110.447478,87.321392,23.126086
107.799918,84.407260,23.392659,110.553335,87.494616,23.058719
107.746443,84.342194,23.404249,110.382916,87.185346,23.197570
107.633800,84.265565,23.368236,110.568927,87.462971,23.105956
107.646948,84.232341,23.414607,110.677582,87.550759,23.126823
107.610866,84.188636,23.422231,110.533422,87.384110,23.149312
107.494762,84.046593,23.448169,110.465228,87.440002,23.025226
107.410718,83.951571,23.459148,110.264622,87.088011,23.176612
107.348674,83.923943,23.424730,110.216025,86.994578,23.221447
107.307891,83.836168,23.471724,110.262142,87.129501,23.132640
107.248813,83.792800,23.456013,110.235294,87.012348,23.222945
107.182487,83.743486,23.439000,110.182597,87.024007,23.158591
107.131995,83.645027,23.486969,110.012379,86.849757,23.162623
107.069784,83.589750,23.480034,110.071228,86.883786,23.187442
107.100501,83.620743,23.479758,110.042856,86.800081,23.242775
107.016622,83.565515,23.451108,110.049755,86.856873,23.192882
106.937512,83.468782,23.468730,110.022021,86.976798,23.045223
106.811781,83.424226,23.387555,109.941841,86.857642,23.084199
106.876269,83.400432,23.475837,110.100699,86.767528,23.333171
106.783554,83.329089,23.454465,109.853007,86.740306,23.112701
106.815189,83.318203,23.496986,109.958029,86.756028,23.202001
106.661424,83.213323,23.448102,109.811611,86.626598,23.185014
106.528670,83.103372,23.425298,109.684584,86.542004,23.142581
106.536543,83.052555,23.483988,109.765058,86.593780,23.171277
106.503382,83.055877,23.447505,109.684079,86.650078,23.034001
106.406207,82.970756,23.435452,109.591487,86.417240,23.174247
106.370709,82.895956,23.474753,109.769892,86.582461,23.187431
106.460745,82.969124,23.491621,109.810951,86.711835,23.099117
106.339457,82.876811,23.462646,109.776587,86.526881,23.249706
106.331092,82.825138,23.505954,109.438303,86.100807,23.337495
106.297856,82.752869,23.544988,109.644769,86.453020,23.191749
106.168030,82.700902,23.467129,109.340229,86.189913,23.150316
106.189203,82.687020,23.502183,109.583950,86.424744,23.159206
106.116872,82.625570,23.491302,109.454140,86.226089,23.228050
106.012084,82.506547,23.505537,109.492784,86.231407,23.261377
106.057082,82.551077,23.506005,109.601760,86.313173,23.288587
105.947870,82.431563,23.516307,109.465800,86.223209,23.242591
105.915367,82.427600,23.487766,109.284517,86.043689,23.240828
105.884482,82.349714,23.534769,109.266395,86.051142,23.215253
105.793955,82.302306,23.491649,109.336636,86.251219,23.085417
105.842699,82.346725,23.495974,109.446448,86.313644,23.132804
105.727787,82.279268,23.448519,109.237139,86.120905,23.116234
105.672589,82.186279,23.486310,109.176233,85.984277,23.191955
105.651819,82.161839,23.489980,109.115653,85.999474,23.116179
105.574399,82.097821,23.476578,109.151003,86.016488,23.134515
105.600406,82.100538,23.499867,109.132257,85.956232,23.176025
105.521753,82.033874,23.487880,109.090492,85.866038,23.224454
105.503843,81.958633,23.545211,109.472221,86.389007,23.083214
105.482675,81.924114,23.558562,109.166802,86.079083,23.087719
105.422542,81.924480,23.498062,109.350082,86.194083,23.156000
105.453271,81.911406,23.541865,108.987684,85.742168,23.245516
105.326944,81.790357,23.536587,108.942916,85.737145,23.205771
105.303494,81.822008,23.481487,109.071992,85.944886,23.127106
105.240610,81.785267,23.455343,109.272211,86.065285,23.206927
105.285933,81.753861,23.532071,109.027741,85.714114,23.313627
105.162613,81.561674,23.600939,108.890865,85.693657,23.197208
105.134956,81.603242,23.531715,108.929036,85.656581,23.272454
105.182865,81.631123,23.551742,108.961617,85.789853,23.171764
105.045824,81.538904,23.506920,109.021354,85.942560,23.078794
105.068825,81.549304,23.519521,108.903914,85.708740,23.195174
104.968107,81.455735,23.512371,108.708821,85.482733,23.226088
104.935696,81.437256,23.498440,108.962328,85.770556,23.191773
105.027245,81.495506,23.531739,108.962573,85.759636,23.202937
