211.007556,203.935975,7.071581,189.534454,181.696146,7.838309
183.821079,175.960007,7.861072,175.953814,168.060547,7.893267
174.420960,166.581348,7.839612,171.203064,163.514223,7.688842
164.249146,156.875056,7.374090,155.576955,148.363881,7.213074
152.456319,145.242667,7.213651,148.822693,141.594669,7.228024
148.052842,140.821618,7.231223,146.678907,139.438158,7.240749
145.446543,138.205910,7.240633,143.485207,136.237095,7.248112
143.295652,136.036949,7.258704,142.545312,135.284105,7.261206
141.799419,134.535808,7.263612,141.059117,133.763261,7.295856
140.296490,133.076111,7.220379,139.618913,132.486008,7.132904
139.261057,132.055389,7.205667,138.758315,131.572064,7.186250
138.096948,130.850782,7.246166,137.560495,130.316969,7.243526
137.212168,129.951682,7.260485,136.945161,129.694469,7.250692
136.623302,129.344308,7.278994,136.011724,128.748298,7.263426
136.221314,128.940430,7.280884,136.633350,129.348275,7.285074
135.891535,128.600418,7.291116,135.821316,128.546767,7.274550
135.242891,128.001467,7.241423,134.660643,127.483020,7.177623
134.459685,127.230138,7.229547,134.089401,126.859404,7.229998
133.935655,126.691538,7.244116,133.687489,126.450592,7.236897
133.500168,126.234813,7.265355,133.580943,126.317878,7.263065
133.088376,125.823793,7.264583,133.187648,125.934385,7.253263
132.733546,125.445115,7.288432,132.874281,125.591023,7.283258
132.475229,125.183320,7.291909,132.454549,125.190831,7.263717
132.039511,124.736705,7.302805,132.644279,125.350940,7.293339
131.775389,124.463829,7.311560,131.882235,124.598183,7.284052
131.504577,124.206015,7.298562,132.119878,124.847363,7.272515
131.342316,124.024738,7.317578,132.026482,124.746289,7.280192
131.197728,123.868086,7.329641,131.664600,124.339762,7.324838
131.018566,123.688952,7.329615,131.220745,123.910371,7.310374
130.931509,123.597098,7.334411,131.230437,123.910475,7.319962
130.782557,123.444934,7.337623,131.694442,124.378648,7.315794
130.705966,123.383100,7.322866,131.283805,123.990542,7.293263
130.612790,123.282944,7.329845,130.911527,123.608605,7.302923
130.438858,123.071290,7.367567,130.897161,123.564399,7.332763
130.439184,123.089470,7.349714,130.827830,123.500145,7.327685
130.338504,122.966754,7.371750,131.085979,123.710224,7.375756
130.218631,122.825127,7.393505,131.323202,123.973237,7.349965
130.080949,122.701009,7.379939,131.231401,123.873693,7.357708
130.011473,122.635652,7.375821,130.563179,123.189126,7.374054
129.879600,122.499698,7.379902,130.496337,123.151626,7.344711
129.808971,122.430400,7.378572,130.828379,123.461467,7.366912
129.593782,122.212529,7.381253,130.652527,123.273012,7.379515
129.537245,122.137165,7.400080,130.345289,122.962776,7.382513
129.550441,122.158571,7.391870,130.654259,123.309283,7.344977
129.438681,122.048246,7.390435,130.350260,122.980599,7.369661
129.217058,121.815046,7.402012,130.319302,122.962218,7.357085
129.276058,121.884868,7.391190,130.108788,122.758906,7.349881
129.112664,121.724180,7.388484,130.120536,122.770568,7.349968
129.130052,121.730278,7.399774,130.340401,122.941021,7.399380
129.066531,121.665138,7.401394,130.051471,122.687556,7.363915
129.049421,121.636155,7.413267,130.029612,122.658901,7.370711
128.817938,121.412396,7.405542,130.149515,122.760378,7.389137
128.782609,121.366685,7.415924,129.858981,122.473780,7.385201
128.669982,121.234803,7.435179,129.867240,122.474204,7.393036
128.671550,121.248157,7.423393,129.552423,122.163301,7.389121
128.748203,121.317468,7.430735,129.732312,122.325116,7.407195
128.608523,121.191906,7.416617,129.349849,121.946692,7.403158
128.646731,121.213399,7.433333,130.115069,122.723613,7.391456
128.503384,121.076594,7.426790,129.663410,122.277390,7.386021
128.486184,121.076545,7.409640,129.764248,122.379452,7.384797
128.512487,121.106222,7.406266,129.755483,122.365905,7.389579
128.553358,121.141528,7.411830,129.699976,122.311636,7.388340
128.408267,120.979917,7.428350,129.798340,122.395859,7.402480
128.400196,120.965412,7.434784,129.846322,122.429864,7.416458
128.220326,120.790013,7.430314,129.493148,122.082216,7.410931
128.210082,120.765974,7.444108,129.278284,121.866347,7.411936
128.205405,120.763245,7.442160,129.534989,122.121956,7.413033
128.047728,120.614279,7.433449,129.250351,121.842107,7.408243
128.092843,120.651707,7.441136,129.548797,122.140733,7.408063
127.993802,120.554072,7.439730,129.446186,122.026227,7.419960
127.979388,120.548589,7.430799,128.991955,121.599136,7.392818
127.931811,120.501372,7.430439,129.381850,121.967445,7.414404
128.022471,120.575194,7.447277,129.499060,122.094664,7.404396
127.851289,120.396248,7.455041,129.154860,121.734533,7.420327
127.796719,120.353587,7.443132,128.915288,121.524530,7.390758
127.899802,120.451436,7.448366,129.499281,122.102717,7.396565
127.772607,120.324116,7.448491,128.800217,121.403453,7.396763
127.630788,120.182043,7.448745,129.066358,121.646878,7.419480
127.507573,120.051305,7.456268,128.457565,121.032805,7.424760
127.458370,120.002187,7.456184,129.177493,121.748185,7.429307
127.527182,120.070672,7.456510,129.076212,121.671921,7.404292
127.460804,120.020054,7.440750,128.899937,121.504563,7.395374
127.528919,120.088654,7.440265,128.673323,121.266845,7.406479
127.401009,119.944788,7.456222,128.953129,121.538673,7.414455
127.382949,119.927589,7.455360,128.925311,121.489452,7.435860
127.277377,119.820826,7.456552,128.675119,121.259044,7.416075
127.398553,119.953073,7.445480,129.249449,121.837442,7.412008
127.320081,119.864309,7.455772,129.164177,121.754673,7.409504
127.392587,119.953614,7.438974,129.298796,121.897795,7.401002
127.342058,119.897172,7.444886,128.567376,121.152478,7.414898
127.192092,119.724888,7.467204,129.124869,121.689325,7.435543
127.087525,119.629998,7.457527,128.566097,121.150237,7.415861
127.029187,119.568946,7.460241,128.876432,121.458507,7.417924
127.169810,119.703172,7.466638,128.758651,121.311476,7.447175
127.033699,119.570500,7.463199,128.730102,121.310451,7.419651
127.170788,119.721666,7.449123,128.931470,121.512191,7.419279
127.143796,119.679678,7.464118,129.046878,121.614278,7.432600
127.109340,119.631655,7.477684,128.739539,121.312322,7.427217
127.127256,119.666976,7.460280,128.823167,121.407692,7.415475
127.243748,119.787667,7.456081,128.565866,121.160923,7.404943
127.004294,119.528673,7.475620,128.781887,121.331699,7.450187
126.993415,119.510771,7.482644,129.123350,121.685110,7.438238
127.286103,119.816435,7.469667,128.844205,121.418224,7.425981
127.206516,119.728967,7.477549,129.158721,121.720409,7.438311
126.976756,119.512217,7.464539,129.038791,121.634319,7.404472
127.158782,119.705887,7.452895,129.072735,121.634382,7.438353
127.011627,119.536892,7.474735,128.535682,121.085780,7.449902
126.962092,119.477485,7.484606,128.736669,121.301133,7.435537
126.937438,119.462711,7.474726,128.346956,120.912302,7.434654
126.876936,119.408259,7.468677,128.580028,121.165401,7.414627
126.808620,119.352585,7.456034,128.743627,121.314433,7.429195
126.958493,119.497935,7.460558,129.008220,121.592529,7.415692
126.906442,119.444394,7.462048,128.679309,121.254920,7.424388
126.961908,119.492553,7.469355,129.247912,121.810896,7.437017
126.868990,119.395342,7.473648,128.511118,121.086468,7.424650
126.924037,119.451413,7.472623,128.938667,121.505533,7.433134
126.963806,119.491952,7.471853,128.672711,121.226429,7.446281
127.055706,119.567812,7.487894,128.751731,121.280948,7.470783
126.866901,119.368621,7.498281,128.593417,121.153031,7.440386
126.922463,119.432126,7.490337,128.542247,121.084881,7.457366
126.802626,119.315589,7.487037,129.244079,121.818978,7.425101
126.903340,119.425922,7.477419,128.338306,120.898039,7.440268
126.682300,119.198375,7.483925,128.642820,121.185648,7.457171
126.772554,119.283663,7.488890,128.888446,121.457503,7.430943
126.776849,119.287249,7.489600,128.613306,121.166472,7.446834
126.722865,119.241061,7.481804,128.710206,121.276375,7.433831
126.733094,119.252447,7.480648,128.631842,121.195957,7.435885
126.646551,119.161268,7.485284,128.534552,121.081693,7.452859
126.712124,119.215042,7.497082,128.379040,120.923087,7.455954
126.680877,119.189035,7.491842,128.363286,120.909388,7.453897
126.678811,119.185682,7.493129,128.530442,121.077835,7.452607
126.589978,119.103375,7.486603,128.596793,121.152634,7.444159
126.527394,119.030600,7.496794,128.959106,121.505741,7.453365
126.588886,119.086103,7.502783,128.702564,121.238152,7.464412
126.554893,119.049022,7.505871,128.788633,121.334654,7.453979
126.504559,119.004677,7.499882,128.589763,121.123837,7.465926
126.413829,118.906455,7.507373,128.599118,121.131537,7.467581
126.496709,118.984525,7.512184,128.785858,121.336402,7.449456
126.391985,118.892359,7.499626,128.676123,121.223138,7.452985
126.372447,118.863906,7.508541,128.359600,120.896775,7.462825
126.423423,118.907831,7.515592,128.762073,121.291749,7.470324
126.524625,119.017787,7.506838,129.000355,121.551569,7.448786
126.482691,118.971809,7.510882,128.802946,121.331314,7.471633
126.418974,118.908328,7.510647,128.492015,121.022498,7.469517
126.570428,119.063766,7.506662,128.213503,120.748090,7.465413
126.331718,118.814623,7.517095,128.442592,120.978760,7.463832
126.597825,119.079505,7.518320,128.608669,121.133858,7.474811
126.469143,118.962849,7.506294,129.169244,121.704082,7.465161
126.454397,118.937688,7.516709,128.627000,121.143624,7.483377
126.392910,118.883963,7.508947,128.788941,121.344925,7.444016
126.554743,119.039606,7.515138,128.514741,121.048207,7.466534
126.260245,118.738497,7.521748,128.457023,120.976459,7.480564
126.179199,118.654850,7.524349,128.685890,121.205849,7.480041
126.286091,118.759969,7.526122,128.400118,120.921352,7.478766
126.291004,118.763532,7.527472,128.410794,120.933005,7.477788
126.326136,118.797602,7.528535,128.505293,121.020457,7.484837
126.280590,118.759475,7.521115,128.724219,121.252136,7.472083
126.376692,118.852399,7.524293,128.084124,120.614891,7.469232
126.222318,118.691186,7.531133,128.567558,121.086223,7.481334
126.314199,118.789060,7.525139,128.787299,121.326008,7.461291
