257.911143,239.125230,18.785912,210.477948,188.802318,21.675631
183.610684,162.575953,21.034731,165.069692,143.496354,21.573338
159.369976,136.893496,22.476480,152.868960,129.352526,23.516434
149.646180,125.522849,24.123331,145.736105,121.002318,24.733787
144.195200,119.071660,25.123541,141.672050,116.226713,25.445338
140.485560,115.011717,25.473843,137.599202,112.622703,24.976499
136.655442,111.957788,24.697654,134.154217,109.728055,24.426162
134.147103,109.612641,24.534462,132.539937,107.764333,24.775605
132.075118,107.429757,24.645361,130.327788,106.010896,24.316893
129.827516,105.463452,24.364064,128.344855,103.873054,24.471800
128.312249,103.692796,24.619453,126.856440,102.543131,24.313308
126.517902,102.357371,24.160531,125.253049,101.206750,24.046297
125.402318,101.246862,24.155455,124.314420,100.036588,24.277831
124.486532,100.237896,24.248636,123.542039,99.608515,23.933525
123.304926,99.152519,24.152407,122.458635,98.255922,24.202712
122.538425,98.265284,24.273141,121.911785,97.561658,24.350127
121.906053,97.544268,24.361785,121.442981,97.221153,24.221827
120.859463,96.902659,23.956803,120.502492,96.593323,23.909169
120.100268,96.149550,23.950719,119.688710,95.856463,23.832247
119.530872,95.683323,23.847549,118.909774,95.325379,23.584395
118.572684,95.120387,23.452297,118.258558,94.940020,23.318538
117.909249,94.554246,23.355003,117.748149,94.430796,23.317353
117.420536,94.067127,23.353410,117.370336,94.092250,23.278087
116.953361,93.547983,23.405377,116.842918,93.366613,23.476305
116.508848,93.030670,23.478178,116.399348,92.927218,23.472130
116.123779,92.669754,23.454025,115.944353,92.462022,23.482332
115.651056,92.328252,23.322804,116.196708,93.042292,23.154416
115.145540,91.951291,23.194249,115.122299,92.053744,23.068555
114.538631,91.568579,22.970052,114.527718,91.597617,22.930101
114.087699,91.168338,22.919362,114.190233,91.197045,22.993188
113.776327,90.828842,22.947486,113.910270,90.961103,22.949167
113.410726,90.483599,22.927127,113.376987,90.516611,22.860377
113.088162,90.145245,22.942918,113.338832,90.380841,22.957991
112.701544,89.857153,22.844391,112.848066,90.190588,22.657478
112.316567,89.573795,22.742772,112.499694,89.755172,22.744522
111.918155,89.175924,22.742231,112.384083,89.727170,22.656913
111.604442,88.867816,22.736626,111.898397,89.298168,22.600230
111.370282,88.606704,22.763577,111.956793,89.233908,22.722885
110.750378,88.333099,22.417279,110.512507,88.523985,21.988522
109.882791,87.967897,21.914893,110.395689,88.543271,21.852418
109.526005,87.687901,21.838104,110.044890,88.163138,21.881752
109.084727,87.459072,21.625654,109.563518,88.120130,21.443388
108.773059,87.263512,21.509547,109.412221,87.967608,21.444613
108.545630,87.052989,21.492641,109.032529,87.499545,21.532985
108.315400,86.841820,21.473580,109.048915,87.549345,21.499570
108.057609,86.547050,21.510559,108.723130,87.231370,21.491760
107.807394,86.339654,21.467740,108.475932,87.016856,21.459076
107.729030,86.245496,21.483533,108.481994,87.021069,21.460925
107.498929,85.986351,21.512578,108.153235,86.578049,21.575186
107.329585,85.870639,21.458947,108.089682,86.744681,21.345000
107.222447,85.705568,21.516879,107.817163,86.304392,21.512771
107.008441,85.519716,21.488726,107.915582,86.456630,21.458952
106.798344,85.320026,21.478318,107.494831,86.140829,21.354002
106.651533,85.161633,21.489900,107.608306,86.016386,21.591920
106.414519,84.922187,21.492333,107.331048,85.842905,21.488143
106.300422,84.803616,21.496806,107.184984,85.695663,21.489321
106.137158,84.642827,21.494331,106.810722,85.314218,21.496504
105.950932,84.472416,21.478515,106.804553,85.304158,21.500395
105.806445,84.320750,21.485695,106.594035,85.140939,21.453096
105.675948,84.194759,21.481189,106.655455,85.160159,21.495296
105.432620,83.934950,21.497669,106.401290,84.896848,21.504442
105.322211,83.824655,21.497556,106.231012,84.694661,21.536351
105.208114,83.722794,21.485320,106.184119,84.704069,21.480050
105.032878,83.561945,21.470933,106.005733,84.564697,21.441036
104.970217,83.459768,21.510449,105.789830,84.403271,21.386559
104.802481,83.317022,21.485459,105.861974,84.432820,21.429155
104.605363,83.137249,21.468113,105.772343,84.353521,21.418823
104.541100,83.060813,21.480287,105.813357,84.345367,21.467991
104.423197,82.919566,21.503631,105.621689,84.108663,21.513026
104.307170,82.782501,21.524668,105.469177,83.981069,21.488108
104.161379,82.673879,21.487500,105.352920,83.790997,21.561923
104.089539,82.575555,21.513985,105.268054,83.779886,21.488169
103.960886,82.434718,21.526168,105.014615,83.594041,21.420575
103.915368,82.385275,21.530094,105.208417,83.597658,21.610759
103.769192,82.247148,21.522044,105.102601,83.623495,21.479106
103.675366,82.132429,21.542937,104.836966,83.251700,21.585266
103.586411,82.036290,21.550120,105.006488,83.449494,21.556994
103.509688,81.961407,21.548281,104.883815,83.415635,21.468181
103.461924,81.905504,21.556420,104.614484,83.078665,21.535820
103.311333,81.690826,21.620507,104.605448,83.076194,21.529254
103.279239,81.713726,21.565512,104.354500,82.819384,21.535116
103.131149,81.553564,21.577585,104.581197,83.010479,21.570718
103.117558,81.534171,21.583386,104.376599,82.848834,21.527765
103.017130,81.427933,21.589197,104.397176,82.833234,21.563941
102.958365,81.327570,21.630795,104.406379,82.804780,21.601599
102.910778,81.300074,21.610704,104.519126,82.938378,21.580748
102.819879,81.209707,21.610172,104.226162,82.740285,21.485877
102.826981,81.196318,21.630663,104.345794,82.633405,21.712388
102.686200,81.045331,21.640869,104.222986,82.670471,21.552515
102.688235,81.067095,21.621140,104.053939,82.458083,21.595857
102.552321,80.949754,21.602567,104.110762,82.518523,21.592239
102.479567,80.866689,21.612877,104.046642,82.452702,21.593941
102.483752,80.818119,21.665633,104.141457,82.460775,21.680682
102.392283,80.741435,21.650848,104.055814,82.391204,21.664609
102.316848,80.678827,21.638020,104.098603,82.386861,21.711741
102.316896,80.638835,21.678061,103.807896,82.112256,21.695640
102.236662,80.559983,21.676679,104.294266,82.732826,21.561440
102.211714,80.552481,21.659233,103.615581,81.996577,21.619004
102.104284,80.394559,21.709725,103.917366,82.275887,21.641479
102.058798,80.367078,21.691720,103.743367,82.045329,21.698037
102.021364,80.276604,21.744760,103.745512,82.108967,21.636546
101.977295,80.267768,21.709527,103.839129,82.179868,21.659261
101.930222,80.202141,21.728080,103.679786,81.990159,21.689627
101.864362,80.129951,21.734411,103.566582,81.882503,21.684078
101.845964,80.130780,21.715184,103.546441,81.871215,21.675225
101.782250,80.030103,21.752147,103.550443,81.862919,21.687524
101.718655,79.972126,21.746529,103.400344,81.678559,21.721786
101.705734,79.954905,21.750829,103.626311,81.842359,21.783952
101.660375,79.901997,21.758378,103.375379,81.655814,21.719565
101.672964,79.895335,21.777629,103.536429,81.890035,21.646394
101.564234,79.832929,21.731306,103.657986,81.895988,21.761998
101.568812,79.777874,21.790938,103.498192,81.696356,21.801836
101.475209,79.662959,21.812250,103.282467,81.498250,21.784217
101.462197,79.637976,21.824220,103.655609,81.870679,21.784929
101.443720,79.671399,21.772321,103.318748,81.573625,21.745123
101.347611,79.544197,21.803414,103.536718,81.772237,21.764481
101.382247,79.597826,21.784422,103.503480,81.802906,21.700574
101.293940,79.497772,21.796169,103.129525,81.381215,21.748310
101.218004,79.427343,21.790661,103.192112,81.500126,21.691985
101.260088,79.467516,21.792572,103.271726,81.448666,21.823060
101.206667,79.373732,21.832935,103.422822,81.572529,21.850293
101.239604,79.378575,21.861029,102.958799,81.090833,21.867966
101.162035,79.305348,21.856687,103.385042,81.555078,21.829965
101.079582,79.231072,21.848510,103.165398,81.270770,21.894627
101.080487,79.203406,21.877081,103.127485,81.265840,21.861644
101.057448,79.213591,21.843857,102.979179,81.199001,21.780178
101.021320,79.133849,21.887471,103.129729,81.292909,21.836820
101.040874,79.156927,21.883947,103.206388,81.373345,21.833044
101.019246,79.148016,21.871230,103.161939,81.234847,21.927093
100.942128,79.029476,21.912652,103.039909,81.166858,21.873051
100.935515,79.048239,21.887277,102.874516,80.943438,21.931078
100.838148,78.966491,21.871657,102.966360,81.157692,21.808668
100.837396,78.943808,21.893588,102.965796,81.142546,21.823250
100.818554,78.943205,21.875349,103.001835,81.213226,21.788609
100.823387,78.952579,21.870808,103.063909,81.222114,21.841795
100.824135,78.944449,21.879686,102.823340,80.919455,21.903885
100.737841,78.825637,21.912205,102.918360,81.051349,21.867012
100.775025,78.893961,21.881064,103.065870,81.253521,21.812348
100.791302,78.909771,21.881531,102.915879,81.033233,21.882645
100.705417,78.800028,21.905389,102.989509,81.078726,21.910784
100.705413,78.792615,21.912798,102.862994,80.997225,21.865769
100.659435,78.752122,21.907313,103.068475,81.216957,21.851518
100.671230,78.760184,21.911046,102.783672,80.928853,21.854819
100.580338,78.670617,21.909721,103.086465,81.137324,21.949141
100.593020,78.625386,21.967634,102.735405,80.791478,21.943927
100.496002,78.586313,21.909689,103.040134,81.224862,21.815272
100.627098,78.718291,21.908807,102.733363,80.835423,21.897940
100.562492,78.606232,21.956260,102.758791,80.811942,21.946849
100.525699,78.577133,21.948566,102.823288,80.905956,21.917332
100.496931,78.544370,21.952562,102.954744,81.040098,21.914647
100.487841,78.493586,21.994255,102.776723,80.863557,21.913166
100.450583,78.468823,21.981759,102.759016,80.841601,21.917416
100.435999,78.505435,21.930565,102.618586,80.666065,21.952520
100.467297,78.489685,21.977612,102.761145,80.877598,21.883547
100.390594,78.411573,21.979020,102.629424,80.733896,21.895527
100.364980,78.388109,21.976871,102.608971,80.573760,22.035211
100.274050,78.298838,21.975212,102.571288,80.666767,21.904521
100.293429,78.354387,21.939041,102.687905,80.694347,21.993558
100.322844,78.316444,22.006400,102.687182,80.694504,21.992677
100.337280,78.349354,21.987926,102.682743,80.641058,22.041685
