267.731840,253.027111,14.704729,208.707405,190.846489,17.860916
196.839396,183.480620,13.358776,182.947494,172.820944,10.126550
173.331674,161.581358,11.750315,163.468353,149.923122,13.545231
157.495517,142.736761,14.758756,152.226540,136.696796,15.529744
149.078647,132.871263,16.207384,144.775473,127.579905,17.195568
142.685941,124.868927,17.817014,139.180303,120.580302,18.600000
138.076898,119.225930,18.850968,135.406535,116.093539,19.312997
134.620438,114.948818,19.671620,132.595292,112.567546,20.027746
132.081824,111.808450,20.273374,130.092947,109.763960,20.328988
130.014179,109.378059,20.636120,128.421894,107.356225,21.065669
128.371296,107.358854,21.012442,126.990670,105.905015,21.085655
127.128709,105.906798,21.221911,126.133576,104.616406,21.517170
125.934955,104.426960,21.507994,125.059866,103.487564,21.572303
124.816697,103.203975,21.612722,124.047636,102.288832,21.758803
123.912845,102.081592,21.831252,123.233710,101.356746,21.876964
123.068659,101.080139,21.988521,122.465592,100.418234,22.047358
122.349516,100.264680,22.084835,121.953884,99.792011,22.161872
121.675839,99.544179,22.131660,121.618525,99.394272,22.224253
120.983089,98.756504,22.226585,120.698380,98.476859,22.221521
120.512396,98.294510,22.217887,120.534791,98.354729,22.180062
120.002445,97.680814,22.321632,119.874844,97.642838,22.232006
119.461658,97.131586,22.330072,119.421175,97.100248,22.320926
119.019808,96.646033,22.373775,119.041773,96.714933,22.326841
118.576817,96.137955,22.438862,118.654334,96.330296,22.324037
118.184130,95.752711,22.431420,118.133884,95.843500,22.290384
117.760914,95.329897,22.431017,117.761349,95.457247,22.304102
117.380936,94.956330,22.424606,117.619324,95.248565,22.370758
117.025883,94.570859,22.455024,117.142320,94.783061,22.359259
116.715182,94.188787,22.526395,117.005930,94.581652,22.424278
116.365135,93.842112,22.523023,116.877933,94.415167,22.462767
116.060736,93.546467,22.514269,116.645192,94.262081,22.383110
115.719065,93.243845,22.475220,116.116571,93.708948,22.407623
115.439079,92.904892,22.534187,115.913292,93.473542,22.439750
115.229873,92.629984,22.599889,115.717742,93.304960,22.412783
114.917530,92.391925,22.525605,115.499969,93.083830,22.416139
114.657963,92.160972,22.496992,115.100898,92.650454,22.450444
114.434487,91.973871,22.460616,115.321939,92.882274,22.439665
114.179651,91.720450,22.459201,115.078881,92.841855,22.237026
113.890139,91.438541,22.451598,114.722891,92.487431,22.235461
113.724111,91.277838,22.446274,114.540031,92.139226,22.400805
113.545823,91.064181,22.481642,114.606065,92.356747,22.249318
113.309730,90.824117,22.485613,114.484249,92.169043,22.315205
113.003484,90.574764,22.428720,114.162788,92.022979,22.139809
112.911092,90.456463,22.454629,113.716357,91.587359,22.128998
112.677459,90.299383,22.378077,113.520640,91.188296,22.332344
112.523662,90.121523,22.402140,113.309585,91.079517,22.230068
112.302034,89.891195,22.410840,113.559392,91.538633,22.020759
112.092364,89.705284,22.387080,113.340631,91.244872,22.095760
111.944264,89.614492,22.329773,113.162433,90.967560,22.194872
111.750124,89.440203,22.309921,113.050144,90.861184,22.188959
111.651787,89.374409,22.277378,113.148818,91.007243,22.141575
111.465053,89.128969,22.336084,112.651987,90.531583,22.120404
111.442680,89.144618,22.298062,112.924174,90.644601,22.279574
111.213735,88.897098,22.316638,112.468797,90.333941,22.134855
111.047040,88.733021,22.314019,112.531766,90.316044,22.215722
110.863049,88.470061,22.392989,112.328611,90.167630,22.160981
110.759466,88.492945,22.266521,112.068968,89.888919,22.180049
110.632482,88.354366,22.278116,112.162442,90.050910,22.111532
110.421277,88.110719,22.310558,111.972890,89.861708,22.111182
110.364102,88.060696,22.303406,111.692012,89.557048,22.134964
110.233796,87.942178,22.291618,111.599434,89.506009,22.093424
110.071911,87.740467,22.331444,111.470653,89.462745,22.007908
109.992665,87.725985,22.266680,111.591318,89.519050,22.072268
109.934353,87.680448,22.253905,111.464197,89.432511,22.031686
109.793526,87.528461,22.265065,111.414695,89.164336,22.250360
109.693617,87.377385,22.316232,111.370882,89.237754,22.133128
109.494300,87.223895,22.270405,110.904659,88.802245,22.102414
109.342534,87.106402,22.236132,111.153077,89.146050,22.007028
109.229233,87.022855,22.206378,110.827641,88.827311,22.000329
109.194498,86.931422,22.263076,110.743744,88.786869,21.956875
109.084414,86.891081,22.193333,110.800728,88.787289,22.013440
108.982299,86.737391,22.244908,110.599883,88.512521,22.087362
108.847535,86.604886,22.242649,110.519782,88.482247,22.037535
108.770268,86.527362,22.242906,110.572062,88.557556,22.014506
108.718144,86.471338,22.246806,110.562855,88.460745,22.102109
108.594974,86.394966,22.200008,110.430772,88.379723,22.051049
108.519418,86.317288,22.202131,110.328490,88.347200,21.981291
108.337162,86.134206,22.202956,110.239742,88.153103,22.086639
108.288638,86.068325,22.220313,110.181770,88.105778,22.075991
108.234157,85.973504,22.260652,109.972450,87.917261,22.055190
108.113235,85.877432,22.235804,109.978624,87.941139,22.037484
108.036536,85.850205,22.186331,110.026666,88.144198,21.882468
107.971258,85.750709,22.220549,109.837888,87.898679,21.939209
107.875961,85.714465,22.161496,110.062328,88.077668,21.984659
107.833920,85.630212,22.203708,109.701105,87.711376,21.989729
107.684120,85.468594,22.215526,109.603268,87.622564,21.980704
107.652133,85.509652,22.142481,109.498076,87.342364,22.155711
107.462565,85.214320,22.248246,109.498264,87.508700,21.989564
107.444352,85.245945,22.198408,109.600014,87.647172,21.952842
107.388945,85.243102,22.145842,109.396723,87.269314,22.127410
107.349944,85.116644,22.233300,109.129430,87.079017,22.050414
107.238447,84.980234,22.258213,109.389231,87.386448,22.002783
107.091447,84.889652,22.201795,109.271900,87.360004,21.911896
107.076611,84.897884,22.178727,109.080919,87.119993,21.960926
107.006708,84.799586,22.207122,109.143425,87.252064,21.891361
106.911468,84.817714,22.093754,108.833491,86.895571,21.937920
106.839764,84.654814,22.184950,108.915100,86.983639,21.931461
106.760129,84.583053,22.177076,109.034007,87.100957,21.933050
106.714379,84.465325,22.249054,109.072771,87.067094,22.005677
106.623965,84.458245,22.165720,108.922003,87.061500,21.860503
106.594700,84.387762,22.206938,108.809741,86.873609,21.936131
106.516073,84.325432,22.190640,108.912586,86.895415,22.017170
106.476139,84.335951,22.140189,108.730059,86.774814,21.955245
106.422808,84.203919,22.218889,108.846842,86.847439,21.999404
106.321910,84.175043,22.146866,108.868526,86.950282,21.918245
106.234080,84.112434,22.121646,108.485514,86.619653,21.865861
106.197197,84.032962,22.164235,108.419685,86.532529,21.887156
106.141730,83.968711,22.173020,108.399186,86.535543,21.863642
106.066641,83.887454,22.179187,108.310771,86.374167,21.936604
105.964367,83.821120,22.143248,108.581928,86.771857,21.810071
105.992352,83.820985,22.171367,108.406111,86.544984,21.861126
105.840687,83.691903,22.148784,108.208175,86.372859,21.835315
105.867983,83.661322,22.206661,108.298996,86.306017,21.992979
105.780136,83.640550,22.139587,108.212938,86.324003,21.888936
105.755405,83.651019,22.104386,108.309707,86.370980,21.938725
105.662619,83.505583,22.157036,108.305900,86.349635,21.956265
105.616654,83.448670,22.167983,108.139226,86.251752,21.887474
105.581735,83.414546,22.167189,108.289425,86.382043,21.907382
105.512571,83.393252,22.119319,108.210948,86.259610,21.951338
105.447759,83.337755,22.110005,107.802379,85.915600,21.886779
105.405441,83.317599,22.087842,108.054101,86.132847,21.921253
105.370883,83.223665,22.147218,108.131136,86.199708,21.931429
105.278365,83.174991,22.103374,107.851031,86.022393,21.828638
105.225355,83.104118,22.121237,107.867575,85.931244,21.936332
105.163707,83.016539,22.147167,107.792200,85.933917,21.858284
105.053929,82.923777,22.130152,107.711344,85.850265,21.861078
105.070088,82.928725,22.141362,107.568440,85.733962,21.834477
105.018637,82.921599,22.097037,107.871117,86.040280,21.830836
104.990026,82.882530,22.107496,107.650185,85.815324,21.834862
104.999376,82.852575,22.146801,107.504283,85.644471,21.859811
104.862411,82.696628,22.165782,107.566914,85.610114,21.956800
104.803389,82.618447,22.184942,107.451997,85.540294,21.911704
104.777979,82.643641,22.134338,107.462654,85.484909,21.977746
104.758292,82.606162,22.152131,107.634958,85.788028,21.846931
104.724617,82.605355,22.119263,107.511623,85.703552,21.808071
104.662152,82.543080,22.119072,107.285335,85.462400,21.822934
104.561858,82.440792,22.121066,107.372602,85.534581,21.838021
104.542817,82.433373,22.109444,107.162550,85.402812,21.759737
104.513701,82.439527,22.074174,107.368473,85.562169,21.806304
104.482825,82.337725,22.145100,107.150314,85.327917,21.822397
104.392031,82.260158,22.131873,107.226271,85.377768,21.848503
104.363070,82.203662,22.159408,107.228621,85.321309,21.907312
104.315701,82.196112,22.119589,107.268080,85.414216,21.853863
104.220842,82.142555,22.078288,107.188314,85.405544,21.782769
104.217590,82.101826,22.115763,107.105157,85.227929,21.877228
104.194634,82.084572,22.110063,107.290061,85.347835,21.942226
104.217102,82.062718,22.154384,107.231613,85.425319,21.806294
104.132655,82.005970,22.126684,107.190560,85.380076,21.810484
104.079239,81.942853,22.136387,106.944783,84.972449,21.972334
104.001647,81.865230,22.136417,106.901409,85.034268,21.867141
103.944920,81.845016,22.099904,106.995888,85.148298,21.847590
103.990633,81.862589,22.128044,106.905863,85.030457,21.875406
103.924469,81.831857,22.092612,106.898324,85.086230,21.812094
103.860024,81.755636,22.104388,107.072989,85.314115,21.758874
103.808306,81.706251,22.102055,106.939549,85.089425,21.850124
103.813810,81.702701,22.111109,106.719711,84.837207,21.882504
103.734918,81.629079,22.105839,106.817191,84.862228,21.954963
103.677783,81.561861,22.115922,106.734708,84.884248,21.850461
103.656608,81.551241,22.105366,106.791952,84.908893,21.883059
103.552233,81.495812,22.056421,106.586351,84.678958,21.907393
