243.770785,241.519482,2.251303,194.261084,191.246493,3.014592
187.822490,182.660642,5.161848,177.294581,169.018338,8.276242
166.677246,155.932868,10.744377,156.180957,143.102097,13.078860
152.013104,137.819937,14.193167,147.057351,131.779799,15.277552
144.047268,128.211125,15.836143,139.843115,122.911700,16.931415
138.176879,120.836169,17.340710,134.716960,116.626348,18.090611
133.780696,115.242464,18.538232,131.069831,111.958225,19.111606
130.481916,111.024434,19.457481,128.718563,108.876677,19.841885
128.028863,107.987871,20.040992,126.118123,105.943908,20.174215
126.041221,105.568036,20.473186,124.438448,103.603143,20.835304
124.395898,103.571219,20.824679,122.989928,101.990813,20.999115
123.047326,101.924782,21.122544,121.874216,100.606509,21.267707
121.841086,100.416779,21.424307,120.601065,99.139398,21.461666
120.852612,99.166510,21.686102,120.401747,98.444056,21.957691
119.955981,98.028008,21.927972,118.887352,96.988775,21.898577
118.988846,96.987124,22.001722,118.065754,95.790780,22.274974
118.174090,95.958937,22.215153,117.476026,95.263010,22.213016
117.532723,95.230725,22.301998,116.935445,94.609833,22.325612
116.868152,94.430666,22.437486,116.136437,93.671022,22.465415
116.151825,93.615535,22.536290,115.530564,92.974603,22.555961
115.548324,93.000347,22.547978,115.067369,92.475312,22.592056
115.060340,92.334797,22.725543,114.744866,92.070021,22.674846
114.530913,91.746093,22.784820,114.053363,91.262964,22.790399
114.041922,91.111747,22.930175,113.716040,90.823564,22.892477
113.490291,90.573007,22.917283,113.326366,90.378806,22.947560
113.083001,90.109639,22.973363,112.853237,89.671762,23.181475
112.638964,89.588310,23.050654,112.453080,89.291292,23.161787
112.189755,89.105743,23.084012,111.736433,88.755908,22.980524
111.755509,88.676001,23.079508,111.630056,88.615790,23.014267
111.309156,88.211459,23.097696,111.296701,88.275492,23.021208
110.994435,87.835953,23.158482,111.034692,87.894490,23.140203
110.612101,87.469915,23.142187,110.538827,87.453206,23.085621
110.271233,87.096785,23.174448,110.320659,87.095983,23.224676
109.951941,86.746544,23.205397,109.910019,86.874591,23.035428
109.522603,86.385299,23.137303,109.670266,86.553847,23.116420
109.240833,86.057919,23.182914,109.489822,86.224715,23.265108
108.918431,85.731163,23.187268,109.452583,86.324540,23.128042
108.633789,85.435916,23.197873,108.753626,85.723590,23.030035
108.295611,85.090012,23.205599,108.578999,85.520839,23.058160
108.029775,84.797850,23.231926,108.265313,85.015380,23.249933
107.765779,84.489462,23.276317,108.286095,84.994709,23.291386
107.485938,84.177276,23.308662,107.869153,84.614050,23.255103
107.278004,83.994299,23.283705,107.936198,84.626135,23.310063
107.060196,83.750811,23.309385,107.757097,84.306614,23.450483
106.757518,83.434962,23.322556,107.185105,83.931330,23.253775
106.541844,83.261743,23.280102,107.155612,83.882753,23.272859
106.339860,83.067950,23.271911,106.990916,83.712235,23.278681
106.134656,82.864764,23.269892,106.643390,83.483786,23.159604
105.945292,82.670170,23.275122,106.671876,83.427218,23.244658
105.733419,82.460851,23.272568,106.306919,83.098995,23.207924
105.492071,82.206388,23.285683,106.003650,82.778233,23.225417
105.371656,82.118392,23.253265,105.939791,82.713827,23.225965
105.146504,81.910627,23.235877,105.843704,82.619583,23.224122
104.953891,81.712320,23.241571,105.841824,82.552807,23.289018
104.804023,81.509404,23.294619,105.523387,82.258660,23.264728
104.694517,81.398581,23.295936,105.443059,82.227731,23.215327
104.463162,81.219360,23.243802,105.232658,82.131368,23.101291
104.368774,81.133068,23.235706,105.087969,81.758367,23.329601
104.178937,80.891872,23.287065,105.092942,81.920547,23.172395
104.046838,80.736186,23.310652,104.758754,81.516790,23.241964
103.880149,80.625474,23.254674,104.524280,81.228865,23.295415
103.714473,80.442253,23.272220,104.770790,81.598544,23.172246
103.683694,80.337696,23.345998,104.527530,81.208866,23.318664
103.495459,80.205619,23.289840,104.449770,81.197919,23.251851
103.317836,80.039447,23.278389,104.309465,81.008712,23.300753
103.168829,79.908008,23.260822,104.237683,81.090261,23.147422
103.108543,79.841182,23.267360,104.010333,80.837373,23.172960
102.972582,79.707365,23.265217,103.948545,80.770814,23.177731
102.833968,79.563805,23.270162,104.066383,80.866680,23.199703
102.741206,79.443004,23.298202,103.814325,80.685758,23.128567
102.679098,79.395891,23.283207,103.792437,80.397311,23.395126
102.569797,79.244388,23.325409,103.580517,80.397715,23.182803
102.451024,79.125438,23.325586,103.680103,80.502834,23.177268
102.343721,79.034650,23.309072,103.669771,80.395953,23.273818
102.259626,78.973453,23.286173,103.355932,80.139705,23.216227
102.183919,78.878863,23.305056,103.517119,80.362887,23.154233
102.102183,78.776808,23.325374,103.145693,79.858297,23.287397
101.972365,78.631698,23.340667,103.198860,79.984580,23.214279
101.885637,78.583295,23.302342,103.102805,79.887461,23.215343
101.840157,78.476822,23.363334,103.042976,79.829643,23.213333
101.719694,78.466975,23.252718,103.030119,79.781684,23.248435
101.575844,78.348370,23.227474,102.867276,79.590484,23.276792
101.565772,78.237282,23.328490,102.820002,79.671608,23.148395
101.484244,78.179544,23.304700,103.036762,79.800404,23.236358
101.447619,78.165796,23.281823,103.038217,79.712070,23.326148
101.332053,78.064721,23.267332,102.582071,79.410554,23.171516
101.281678,78.014402,23.267276,102.713147,79.409930,23.303218
101.206732,77.880498,23.326234,102.678448,79.418689,23.259759
101.112097,77.862480,23.249617,102.575297,79.372481,23.202816
101.072984,77.801012,23.271972,102.589234,79.328786,23.260448
101.008054,77.717140,23.290914,102.497393,79.114083,23.383311
100.956224,77.622761,23.333463,102.593150,79.271874,23.321276
100.901681,77.519815,23.381866,102.321882,78.952870,23.369011
100.847946,77.448669,23.399277,102.207336,78.816144,23.391192
100.670018,77.322883,23.347134,102.404355,79.089111,23.315244
100.719241,77.360991,23.358249,102.310326,79.029072,23.281254
100.633326,77.307010,23.326316,102.392508,79.109703,23.282805
100.546095,77.243183,23.302912,102.204608,79.063367,23.141241
100.459388,77.191896,23.267491,102.305968,79.176993,23.128974
100.486957,77.208108,23.278849,101.966944,78.772189,23.194754
100.529907,77.126925,23.402982,102.166193,78.971519,23.194674
100.234174,76.957569,23.276605,101.857911,78.678221,23.179690
100.231630,76.962337,23.269293,102.070602,78.847684,23.222918
100.139202,76.864713,23.274489,101.846663,78.619815,23.226848
100.163502,76.886171,23.277331,101.708294,78.488597,23.219697
100.060667,76.792147,23.268520,101.874149,78.720614,23.153535
100.046546,76.819050,23.227497,101.666577,78.488679,23.177897
99.977445,76.751774,23.225671,101.727837,78.566357,23.161480
99.972104,76.697410,23.274694,101.669946,78.569736,23.100209
99.919712,76.676663,23.243049,101.691018,78.504250,23.186768
99.819429,76.573489,23.245940,101.648667,78.515748,23.132918
99.741236,76.542698,23.198538,101.714728,78.542735,23.171994
99.760795,76.550504,23.210291,101.579707,78.443526,23.136181
99.803316,76.532639,23.270677,101.514615,78.338775,23.175840
99.689265,76.456089,23.233175,101.568516,78.372457,23.196059
99.686879,76.434823,23.252056,101.299688,78.233372,23.066316
99.583253,76.365304,23.217950,101.454687,78.284371,23.170316
99.553710,76.324797,23.228913,101.433601,78.280318,23.153283
99.478900,76.220141,23.258759,101.220075,78.037281,23.182794
99.459227,76.190512,23.268715,101.548417,78.283306,23.265112
99.356569,76.160155,23.196414,101.203024,77.965322,23.237703
99.475916,76.215693,23.260222,101.084426,77.901902,23.182523
99.262988,76.033358,23.229630,101.162000,78.029472,23.132528
99.198207,75.937533,23.260674,101.146436,78.030050,23.116386
99.164073,75.961370,23.202702,101.139958,78.002034,23.137924
99.140596,75.891198,23.249399,101.207763,78.171464,23.036299
99.189144,75.990922,23.198222,101.028544,77.915163,23.113381
99.133406,75.913306,23.220100,101.225427,78.079860,23.145568
99.061964,75.839825,23.222139,101.090368,78.014767,23.075600
99.131067,75.867352,23.263715,101.077091,77.744208,23.332883
98.997328,75.726961,23.270366,101.121810,77.953624,23.168185
98.959403,75.722387,23.237016,100.918817,77.693812,23.225005
98.978057,75.657699,23.320358,100.851749,77.637533,23.214216
98.889771,75.651729,23.238042,100.942466,77.881689,23.060777
98.875144,75.585811,23.289334,101.034574,77.774509,23.260065
98.800287,75.574250,23.226038,101.031643,77.883545,23.148098
98.749590,75.493160,23.256430,100.791504,77.678032,23.113472
98.777174,75.497821,23.279353,101.018632,77.797971,23.220661
98.702866,75.485281,23.217585,100.797206,77.655847,23.141359
98.675608,75.415944,23.259664,100.962527,77.859468,23.103060
98.663619,75.413937,23.249682,101.025919,77.778968,23.246951
98.679123,75.404369,23.274754,100.882283,77.658535,23.223748
98.625805,75.348779,23.277026,100.897206,77.716600,23.180606
98.573017,75.337690,23.235327,100.651365,77.420403,23.230962
98.605123,75.332292,23.272831,100.675491,77.425569,23.249922
98.499333,75.266220,23.233113,100.833630,77.702064,23.131566
98.576325,75.304229,23.272096,100.914898,77.603770,23.311129
98.468671,75.158721,23.309950,100.930642,77.735072,23.195569
98.469508,75.203450,23.266058,100.742274,77.497661,23.244613
98.422544,75.170272,23.252273,100.782570,77.635692,23.146878
98.432513,75.174702,23.257811,100.719971,77.617982,23.101989
98.349122,75.116773,23.232350,100.736297,77.543212,23.193084
98.316609,75.039515,23.277094,100.692903,77.561962,23.130941
98.317933,75.031309,23.286624,100.480024,77.269772,23.210252
98.280760,74.989283,23.291477,100.789814,77.619103,23.170711
98.273290,75.014596,23.258694,100.712756,77.500898,23.211859
98.236869,74.962161,23.274708,100.574949,77.357287,23.217662
98.249747,74.941959,23.307788,100.474901,77.300939,23.173963
98.182413,74.885284,23.297130,100.476867,77.238256,23.238611
98.151575,74.864639,23.286937,100.526713,77.362156,23.164557
