241.431046,238.346016,3.085029,190.937974,186.999879,3.938096
175.966519,167.871781,8.094738,160.204531,148.344938,11.859592
153.610470,140.336888,13.273582,146.242093,131.334331,14.907763
142.512362,126.556744,15.955617,138.067086,120.971107,17.095979
136.309929,118.709272,17.600657,132.951995,114.641596,18.310398
132.267774,113.489260,18.778514,129.748738,110.299345,19.449392
129.112271,109.381086,19.731185,127.301480,107.331622,19.969858
126.648331,106.267519,20.380812,124.746015,104.004416,20.741599
124.873938,103.995151,20.878787,123.652078,102.508078,21.144001
123.324555,102.051473,21.273082,121.915786,100.294422,21.621364
122.059173,100.434787,21.624386,120.798680,98.922885,21.875795
121.028932,99.089847,21.939085,119.996366,97.803305,22.193061
120.041220,97.936584,22.104636,118.889208,96.748064,22.141144
119.142482,96.816872,22.325610,118.582232,96.093728,22.488504
118.393566,95.902256,22.491311,117.745148,95.246365,22.498782
117.688937,95.060027,22.628909,117.443952,94.771748,22.672204
117.001068,94.268241,22.732828,116.437747,93.578114,22.859634
116.388840,93.472643,22.916197,115.931447,92.964792,22.966655
115.862043,92.882628,22.979416,115.546969,92.517376,23.029593
115.252776,92.196935,23.055840,115.041480,91.898846,23.142634
114.816073,91.592919,23.223154,114.446582,91.289860,23.156723
114.296473,91.033324,23.263149,114.121882,90.757110,23.364772
113.862537,90.482250,23.380287,113.852627,90.536623,23.316004
113.444829,90.003210,23.441619,113.512438,89.990570,23.521868
113.007088,89.515287,23.491801,113.240818,89.626055,23.614763
112.746480,89.137373,23.609107,112.841543,89.127378,23.714165
112.369065,88.729891,23.639174,112.719279,89.135285,23.583994
112.029933,88.302392,23.727540,112.186065,88.463142,23.722924
111.697070,87.903400,23.793670,112.247521,88.426645,23.820876
111.457393,87.640756,23.816637,112.074983,88.286484,23.788499
111.133625,87.252153,23.881472,111.371936,87.566226,23.805710
110.879370,86.950709,23.928661,110.997752,87.126526,23.871225
110.640263,86.702039,23.938225,111.241889,87.284551,23.957338
110.408640,86.442485,23.966155,111.098334,87.264043,23.834291
110.193838,86.257974,23.935864,110.894362,87.042405,23.851958
109.866941,85.913938,23.953003,110.408364,86.455502,23.952863
109.725499,85.740574,23.984925,110.271305,86.417039,23.854266
109.519526,85.510507,24.009018,110.330615,86.331572,23.999043
109.292061,85.302726,23.989335,109.949979,86.028146,23.921833
109.121298,85.086514,24.034783,109.929873,85.967877,23.961996
108.842509,84.774711,24.067798,109.899025,85.859681,24.039344
108.730154,84.690865,24.039288,109.240368,85.240810,23.999557
108.565021,84.546127,24.018895,109.413887,85.397421,24.016466
108.374256,84.294753,24.079502,109.224872,85.257250,23.967623
108.191144,84.159338,24.031805,109.155466,85.239599,23.915867
108.064754,84.009745,24.055009,109.424863,85.381447,24.043416
107.890546,83.801235,24.089310,108.812778,84.659618,24.153160
107.656452,83.634513,24.021939,108.691444,84.680441,24.011004
107.562418,83.491413,24.071005,108.579763,84.526990,24.052773
107.316068,83.247803,24.068265,108.290755,84.325324,23.965430
107.220149,83.239166,23.980983,108.422040,84.514007,23.908033
107.131125,83.189470,23.941655,108.275818,84.363420,23.912398
106.982976,83.023969,23.959007,108.278265,84.340709,23.937556
106.834130,82.858666,23.975464,107.738601,83.806486,23.932116
106.750609,82.779677,23.970932,107.961808,84.083196,23.878611
106.540615,82.528333,24.012282,107.901099,83.992232,23.908867
106.481581,82.550623,23.930959,107.888272,84.039619,23.848653
106.375029,82.409527,23.965501,107.608692,83.704291,23.904401
106.257048,82.246086,24.010962,107.493764,83.567393,23.926371
106.116356,82.095750,24.020606,107.528059,83.618699,23.909361
106.044506,82.065806,23.978699,107.523340,83.580618,23.942722
105.902592,81.896886,24.005706,107.325021,83.351286,23.973735
105.808125,81.820866,23.987259,107.260414,83.341932,23.918482
105.706923,81.687745,24.019178,107.305442,83.345944,23.959498
105.635218,81.638190,23.997028,107.193886,83.263906,23.929980
105.533328,81.499465,24.033863,106.989847,83.026989,23.962859
105.435340,81.387788,24.047552,107.173534,83.227839,23.945696
105.274852,81.276521,23.998332,106.987748,83.034037,23.953711
105.255229,81.201011,24.054218,107.022040,83.015455,24.006585
105.183381,81.175774,24.007607,106.834134,82.952862,23.881272
105.105810,81.078257,24.027552,106.719664,82.727218,23.992446
104.984551,80.979711,24.004840,106.754082,82.966103,23.787978
104.938703,80.969126,23.969577,106.886743,82.926604,23.960139
104.842558,80.848817,23.993741,106.954316,83.000012,23.954305
104.800984,80.777380,24.023604,106.584443,82.632791,23.951652
104.757151,80.701039,24.056112,106.573678,82.566300,24.007378
104.667969,80.631078,24.036891,106.542553,82.552681,23.989872
104.619353,80.608061,24.011292,106.872909,82.998256,23.874654
104.538847,80.493387,24.045460,106.368835,82.434730,23.934104
104.477238,80.459822,24.017416,106.316513,82.429002,23.887511
104.323246,80.367738,23.955508,106.536259,82.657067,23.879192
104.303331,80.338869,23.964463,106.259492,82.460548,23.798944
104.254125,80.300253,23.953872,106.228776,82.306555,23.922222
104.178475,80.179655,23.998820,106.470249,82.516689,23.953559
104.123118,80.104177,24.018941,106.085780,82.148065,23.937715
104.064620,80.031005,24.033615,106.120717,82.212760,23.907957
103.972084,79.971816,24.000269,106.057171,82.149341,23.907830
103.933525,79.923556,24.009969,106.092913,82.141425,23.951488
103.875429,79.836489,24.038941,106.206580,82.258041,23.948539
103.876166,79.872794,24.003372,106.136522,82.205103,23.931419
103.868285,79.873856,23.994428,106.086075,82.243456,23.842619
103.743117,79.750754,23.992363,105.888341,81.992837,23.895505
103.697382,79.692552,24.004829,106.084585,82.133631,23.950954
103.593060,79.585536,24.007525,105.831623,82.017219,23.814404
103.651945,79.655008,23.996937,106.062342,82.189851,23.872491
103.605056,79.565454,24.039602,105.899627,81.997576,23.902050
103.493233,79.453063,24.040170,105.993142,81.997212,23.995931
103.461504,79.425921,24.035584,105.755802,81.828584,23.927218
103.344121,79.311348,24.032773,105.630346,81.771012,23.859336
103.359530,79.317187,24.042344,105.939359,81.986608,23.952752
103.289461,79.234569,24.054892,105.882670,81.995822,23.886848
103.319325,79.236869,24.082456,105.703716,81.713413,23.990303
103.249767,79.234728,24.015039,105.645668,81.712519,23.933148
103.262531,79.207979,24.054552,105.655157,81.755084,23.900073
103.175538,79.092562,24.082977,105.677691,81.678844,23.998847
103.100304,79.007692,24.092612,105.537059,81.549542,23.987517
103.103836,79.005209,24.098628,105.745805,81.735606,24.010199
103.067886,78.927521,24.140365,105.419954,81.428018,23.991936
103.012380,78.898224,24.114156,105.595718,81.525299,24.070419
102.972920,78.841131,24.131789,105.554704,81.525985,24.028719
102.913604,78.778695,24.134909,105.575986,81.529141,24.046846
102.856213,78.727999,24.128215,105.463946,81.471494,23.992452
102.903386,78.764928,24.138459,105.890505,81.891578,23.998928
102.881136,78.765202,24.115934,105.593180,81.536316,24.056864
102.795448,78.623058,24.172390,105.564086,81.535078,24.029007
102.721446,78.536601,24.184844,105.668494,81.599274,24.069220
102.693876,78.500960,24.192915,105.573224,81.552151,24.021073
102.693503,78.549407,24.144095,105.437922,81.455341,23.982582
102.697217,78.516318,24.180899,105.290945,81.263381,24.027564
102.646522,78.425352,24.221170,105.578369,81.489118,24.089252
102.595690,78.380910,24.214780,105.285074,81.165917,24.119157
102.564287,78.352514,24.211773,105.450177,81.344456,24.105721
102.602097,78.381398,24.220699,105.379600,81.287402,24.092198
102.542578,78.323348,24.219230,105.466609,81.399643,24.066966
102.534979,78.273874,24.261105,105.510452,81.460768,24.049683
102.513806,78.255060,24.258746,105.370373,81.298920,24.071453
102.476179,78.236492,24.239687,105.376274,81.315970,24.060304
102.346275,78.086253,24.260021,105.201531,81.150228,24.051302
102.409473,78.166016,24.243457,105.211433,81.145130,24.066304
102.318386,78.104358,24.214028,105.558277,81.396791,24.161486
102.280258,78.028930,24.251328,105.513945,81.431641,24.082304
102.322654,78.033370,24.289283,105.348944,81.257834,24.091110
102.286413,78.011349,24.275065,105.328522,81.124438,24.204085
102.287899,77.988889,24.299010,105.411797,81.238382,24.173416
102.193899,77.918184,24.275715,105.068275,80.986830,24.081445
102.180545,77.894707,24.285839,105.165183,80.991041,24.174141
102.137997,77.872816,24.265182,105.167441,81.033902,24.133538
102.167995,77.866183,24.301812,105.292039,81.149816,24.142223
102.136181,77.797511,24.338670,105.398082,81.181009,24.217074
102.136169,77.831970,24.304199,105.322646,81.191675,24.130970
102.042790,77.773375,24.269415,105.420513,81.370546,24.049967
102.103725,77.804015,24.299710,105.276472,81.029908,24.246565
102.010704,77.673277,24.337427,105.439066,81.330552,24.108514
101.992474,77.674443,24.318031,105.182570,81.053943,24.128627
101.956666,77.661616,24.295050,104.997844,80.870571,24.127272
101.893875,77.597128,24.296746,105.314334,81.198452,24.115881
101.875121,77.581331,24.293790,105.072076,81.007185,24.064891
101.910861,77.612033,24.298828,105.290095,81.122243,24.167853
101.887177,77.599834,24.287343,105.019339,80.959160,24.060179
101.824597,77.538544,24.286053,105.117135,80.996865,24.120269
101.836771,77.544085,24.292687,104.974427,80.802939,24.171488
101.791386,77.465034,24.326352,105.274699,81.166719,24.107980
101.831815,77.532573,24.299242,105.219708,81.067201,24.152508
101.832770,77.537032,24.295738,105.122622,80.925156,24.197466
101.735217,77.404879,24.330338,105.115224,80.875100,24.240124
101.715507,77.360640,24.354867,105.099319,80.926788,24.172530
101.737797,77.406481,24.331316,105.114212,80.902071,24.212141
101.662869,77.306056,24.356813,105.059835,80.848662,24.211173
101.657848,77.309885,24.347963,105.150990,81.013499,24.137490
101.679690,77.316183,24.363507,105.053209,80.859069,24.194140
