244.265504,240.796515,3.468988,193.859187,190.210409,3.648779
187.778502,181.722069,6.056432,177.380074,168.045758,9.334316
166.860496,154.869428,11.991068,156.729126,141.943710,14.785416
152.322612,137.058353,15.264260,147.179717,131.228730,15.950987
144.304278,127.143014,17.161263,140.144892,122.062607,18.082285
138.429403,119.475882,18.953521,135.408678,115.589255,19.819423
134.232730,114.163472,20.069259,131.280878,110.609187,20.671690
130.969965,110.078678,20.891287,128.452169,107.101961,21.350209
128.512109,106.975683,21.536426,126.877087,104.902806,21.974281
126.403125,104.337569,22.065556,124.707975,102.460606,22.247369
124.719218,102.208983,22.510236,123.377106,100.723393,22.653713
123.432445,100.612713,22.819732,122.021683,99.070139,22.951545
122.230967,99.197262,23.033705,121.289318,98.187859,23.101460
121.145542,97.897973,23.247569,119.755040,96.411074,23.343967
120.151368,96.712426,23.438942,119.161397,95.606453,23.554943
119.332659,95.773201,23.559458,118.321914,94.638590,23.683324
118.526185,94.834625,23.691559,117.699883,93.764777,23.935106
117.756026,94.001856,23.754170,116.993363,93.197581,23.795782
117.102098,93.285750,23.816347,116.298567,92.356500,23.942067
116.377330,92.474321,23.903009,115.951296,92.100797,23.850499
115.790432,91.899861,23.890572,115.163449,91.285241,23.878207
115.153165,91.205786,23.947378,114.401873,90.419139,23.982734
114.552753,90.681753,23.871000,114.081567,90.199577,23.881990
114.034120,90.139810,23.894310,113.501163,89.634425,23.866738
113.453633,89.561652,23.891981,112.852095,89.123803,23.728292
112.985513,89.084926,23.900587,112.691465,88.803591,23.887873
112.501756,88.685996,23.815760,112.158593,88.375963,23.782630
112.019908,88.263874,23.756034,111.776764,88.020173,23.756591
111.552259,87.802910,23.749349,111.001871,87.272215,23.729656
111.094485,87.413322,23.681163,110.790864,87.114762,23.676103
110.632672,87.018916,23.613756,110.510745,87.063061,23.447684
110.217855,86.647305,23.570550,110.163038,86.578421,23.584617
109.763713,86.302899,23.460814,109.655494,86.279047,23.376447
109.333521,85.948774,23.384747,109.199303,85.962358,23.236945
108.963994,85.633178,23.330816,109.033906,85.787991,23.245915
108.546500,85.360171,23.186328,108.752588,85.738700,23.013889
108.160359,84.994430,23.165928,108.392254,85.265545,23.126709
107.778431,84.596880,23.181551,108.049574,85.006962,23.042612
107.471308,84.367721,23.103587,107.789176,84.719382,23.069794
107.132660,84.092964,23.039696,107.233371,84.214889,23.018482
106.782245,83.776582,23.005663,107.100941,84.205781,22.895161
106.465692,83.468583,22.997109,106.858021,83.856325,23.001696
106.113840,83.135196,22.978645,106.637181,83.660460,22.976721
105.857328,82.918070,22.939258,106.190379,83.248449,22.941930
105.558551,82.609842,22.948708,105.931140,83.173874,22.757266
105.351320,82.467531,22.883790,105.592447,82.664862,22.927584
105.012646,82.115215,22.897431,105.403909,82.633656,22.770253
104.799504,81.939177,22.860327,105.209734,82.511809,22.697925
104.598401,81.788181,22.810220,105.150763,82.499969,22.650794
104.411376,81.624678,22.786699,105.037959,82.232860,22.805099
104.239218,81.408886,22.830332,104.673994,81.988483,22.685510
103.996593,81.159450,22.837142,104.443492,81.842290,22.601202
103.730111,80.951072,22.779038,104.160236,81.404677,22.755559
103.600230,80.794746,22.805483,104.240437,81.415716,22.824721
103.470253,80.684726,22.785527,103.756869,81.108382,22.648488
103.267922,80.471553,22.796369,103.914319,81.231831,22.682489
103.113092,80.300782,22.812311,103.729920,81.136951,22.592969
103.011461,80.276274,22.735187,103.572184,80.830246,22.741938
102.786755,80.020435,22.766320,103.505443,80.758990,22.746453
102.685664,79.863613,22.822051,103.206187,80.521512,22.684675
102.595840,79.789222,22.806618,103.220844,80.480706,22.740138
102.448725,79.641007,22.807718,103.147052,80.319857,22.827195
102.303480,79.468250,22.835230,103.000671,80.366108,22.634563
102.204012,79.363039,22.840973,102.953161,80.264688,22.688473
102.135704,79.285004,22.850700,102.885602,80.014078,22.871524
101.989106,79.122679,22.866427,102.591987,79.788248,22.803739
101.839608,78.995315,22.844293,102.626047,79.875851,22.750196
101.790157,78.973169,22.816988,102.507546,79.807464,22.700082
101.712040,78.776883,22.935157,102.329151,79.562808,22.766343
101.573001,78.664322,22.908679,102.443965,79.656232,22.787733
101.541120,78.593014,22.948106,102.294846,79.353192,22.941654
101.424278,78.520934,22.903344,102.103852,79.360928,22.742924
101.281790,78.397755,22.884035,102.211126,79.448993,22.762133
101.217604,78.332666,22.884938,102.212346,79.474909,22.737438
101.191411,78.266551,22.924859,101.996286,79.203699,22.792586
101.031845,78.157341,22.874504,102.111433,79.283533,22.827900
101.035722,78.123503,22.912218,102.142143,79.217891,22.924252
100.932885,77.986088,22.946797,101.868461,79.103139,22.765322
100.854303,77.929209,22.925094,101.801041,78.884611,22.916430
100.797828,77.850120,22.947707,101.627791,78.851133,22.776658
100.766463,77.777068,22.989396,101.719302,78.829435,22.889866
100.676394,77.706537,22.969857,101.522025,78.642934,22.879091
100.634579,77.631256,23.003323,101.516252,78.603977,22.912274
100.512886,77.569716,22.943170,101.638913,78.799609,22.839304
100.527683,77.569276,22.958407,101.708987,78.812131,22.896857
100.395379,77.449541,22.945838,101.729178,78.829360,22.899818
100.317391,77.338924,22.978467,101.506694,78.541302,22.965392
100.309386,77.339449,22.969937,101.400475,78.465227,22.935248
100.246234,77.212921,23.033312,101.307135,78.286783,23.020352
100.184983,77.169457,23.015525,101.569300,78.718531,22.850768
100.093413,77.084568,23.008844,101.238920,78.317695,22.921226
100.057173,77.058993,22.998181,101.364832,78.487168,22.877664
100.067274,77.063569,23.003705,101.258521,78.351421,22.907100
100.027546,76.971364,23.056182,101.367977,78.408964,22.959013
99.975813,76.913665,23.062148,101.231547,78.287400,22.944147
99.905550,76.885456,23.020095,101.297637,78.451179,22.846459
99.827895,76.793705,23.034190,101.168899,78.298687,22.870211
99.823813,76.831725,22.992088,101.162252,78.215282,22.946970
99.793974,76.717427,23.076547,101.139685,78.175871,22.963814
99.717404,76.656762,23.060642,101.059498,78.184132,22.875366
99.672104,76.598223,23.073881,100.751811,77.798417,22.953393
99.600856,76.540967,23.059890,101.047611,78.135684,22.911927
99.583653,76.569448,23.014204,100.977649,78.138411,22.839238
99.592689,76.512954,23.079736,101.029233,77.989859,23.039374
99.532602,76.454665,23.077936,100.815740,77.883622,22.932118
99.460719,76.393175,23.067544,100.757019,77.787007,22.970012
99.444361,76.315382,23.128980,100.787284,77.804569,22.982715
99.382663,76.278037,23.104627,100.835194,77.768039,23.067155
99.336827,76.268996,23.067831,100.833972,77.781572,23.052400
99.329189,76.241318,23.087871,100.703414,77.703673,22.999741
99.305065,76.225909,23.079156,100.743972,77.700176,23.043796
99.304930,76.182425,23.122505,100.901825,77.896918,23.004907
99.194130,76.079087,23.115043,100.654818,77.699630,22.955189
99.227214,76.095836,23.131378,100.464049,77.500332,22.963717
99.200626,76.044804,23.155822,100.641593,77.604081,23.037512
99.080721,75.976039,23.104682,100.568300,77.623114,22.945187
99.076570,75.962905,23.113665,100.483605,77.524193,22.959412
99.076484,75.928647,23.147837,100.427465,77.440245,22.987221
99.058185,75.912811,23.145374,100.487458,77.497828,22.989630
98.981956,75.846568,23.135388,100.578705,77.535576,23.043130
99.003636,75.892250,23.111386,100.497049,77.406887,23.090162
98.974014,75.863863,23.110151,100.482206,77.502639,22.979566
98.958667,75.811014,23.147653,100.376736,77.282693,23.094044
98.882727,75.760026,23.122700,100.538132,77.405744,23.132388
98.894114,75.717648,23.176466,100.359470,77.303154,23.056316
98.908798,75.752722,23.156077,100.344062,77.149333,23.194730
98.885865,75.632277,23.253588,100.553788,77.435534,23.118254
98.829013,75.592939,23.236074,100.383549,77.310566,23.072983
98.840562,75.650278,23.190283,100.568139,77.416314,23.151825
98.817824,75.601589,23.216236,100.474329,77.196081,23.278248
98.707662,75.496151,23.211511,100.346220,77.196034,23.150186
98.704990,75.465611,23.239380,100.324263,77.215630,23.108633
98.720111,75.469492,23.250619,100.392552,77.323120,23.069431
98.648141,75.432007,23.216134,100.177825,77.113191,23.064634
98.623510,75.431700,23.191810,100.386984,77.248037,23.138947
98.625932,75.411180,23.214752,100.117431,76.965197,23.152234
98.597443,75.356907,23.240535,100.324136,77.322965,23.001171
98.546163,75.358520,23.187643,100.454411,77.328321,23.126090
98.566206,75.319410,23.246796,100.259451,77.148811,23.110641
98.550662,75.337828,23.212834,100.304237,77.152863,23.151373
98.530366,75.252382,23.277984,100.459950,77.309515,23.150435
98.491562,75.299965,23.191597,100.201066,77.055448,23.145619
98.519761,75.294204,23.225557,100.403485,77.279334,23.124151
98.467343,75.220913,23.246430,100.257802,77.128931,23.128872
98.457670,75.255588,23.202082,100.138335,76.953777,23.184558
98.445760,75.239355,23.206406,100.157830,77.053099,23.104731
98.436160,75.147590,23.288570,100.105660,76.892538,23.213121
98.368528,75.138087,23.230441,100.315831,77.232108,23.083723
98.424446,75.150041,23.274405,100.464375,77.176514,23.287861
98.461632,75.150114,23.311518,100.341960,77.221170,23.120790
98.405629,75.135337,23.270292,100.112636,76.869951,23.242685
98.324259,75.021152,23.303107,100.286219,77.067085,23.219134
98.344095,75.064752,23.279344,100.326033,77.053954,23.272079
98.300573,75.055357,23.245216,100.163812,76.978185,23.185627
98.295248,75.017158,23.278090,100.208468,76.914271,23.294197
98.301518,75.035266,23.266252,100.187399,77.038674,23.148725
98.284264,74.996592,23.287672,100.238007,77.036209,23.201798
98.264635,74.963918,23.300717,100.067700,76.929243,23.138457
98.199167,74.941591,23.257576,100.119987,77.096978,23.023010
98.267952,74.995510,23.272442,100.078527,76.927714,23.150813
