244.237512,242.028808,2.208705,193.662670,190.718121,2.944550
186.671438,181.409720,5.261717,175.936461,167.625615,8.310846
165.048154,154.156881,10.891273,155.672588,142.671664,13.000924
151.679842,137.754587,13.925255,146.546943,131.657532,14.889410
143.645502,127.977372,15.668129,139.088974,122.380508,16.708466
137.531344,120.190950,17.340394,133.784555,115.556810,18.227745
133.141537,114.466375,18.675161,130.644135,111.478415,19.165721
130.032135,110.698876,19.333259,128.578736,108.908185,19.670550
127.812479,107.875684,19.936795,126.187167,105.929782,20.257386
126.018210,105.645431,20.372780,124.230204,103.435702,20.794502
124.519116,103.830879,20.688237,123.184986,102.298452,20.886534
123.323197,102.377566,20.945631,122.146811,100.786101,21.360710
122.036572,100.839287,21.197285,120.797215,99.528426,21.268788
121.109231,99.596331,21.512900,120.145799,98.622651,21.523148
120.174072,98.532840,21.641232,119.453811,97.678724,21.775087
119.337959,97.531267,21.806691,118.602821,96.616182,21.986639
118.582226,96.531322,22.050904,118.114366,95.971886,22.142481
117.938633,95.745070,22.193563,117.083845,94.943271,22.140574
117.252461,94.971302,22.281159,116.480206,94.109201,22.371006
116.652235,94.197273,22.454962,116.222754,93.630937,22.591818
116.062696,93.502783,22.559913,115.800398,93.413131,22.387267
115.606498,92.978648,22.627850,115.375292,92.825111,22.550182
115.018917,92.409587,22.609329,115.171960,92.531728,22.640231
114.657563,91.903832,22.753731,114.296194,91.589086,22.707107
114.212890,91.337959,22.874931,113.852058,90.792086,23.059972
113.820484,90.811655,23.008829,113.850390,90.886434,22.963957
113.376639,90.400422,22.976217,113.145890,90.184757,22.961133
112.916436,89.870942,23.045494,113.335630,90.335020,23.000609
112.636060,89.586498,23.049562,112.652402,89.634964,23.017438
112.251163,89.087571,23.163592,112.294470,89.238099,23.056372
111.988273,88.872438,23.115836,111.976302,89.006156,22.970146
111.597879,88.433481,23.164398,112.094470,88.894274,23.200196
111.268402,88.079455,23.188947,111.414231,88.341171,23.073060
110.981843,87.757872,23.223971,111.231841,87.982146,23.249695
110.744744,87.522043,23.222701,110.989870,87.801100,23.188770
110.374807,87.138277,23.236530,110.857374,87.683543,23.173831
110.061910,86.798255,23.263655,110.555420,87.274966,23.280454
109.827682,86.580648,23.247033,110.035279,86.890011,23.145267
109.494995,86.253769,23.241226,109.959406,86.855702,23.103703
109.327088,86.005623,23.321464,109.788727,86.554266,23.234461
109.069195,85.807897,23.261297,109.647023,86.528096,23.118928
108.768208,85.519409,23.248799,109.375701,86.175196,23.200506
108.547184,85.254778,23.292406,109.529958,86.323506,23.206452
108.390964,85.021436,23.369527,108.759788,85.440414,23.319373
108.179907,84.884655,23.295252,108.713951,85.460209,23.253743
107.996526,84.652440,23.344086,108.803239,85.403366,23.399873
107.825956,84.431700,23.394257,108.658423,85.245689,23.412734
107.612989,84.215019,23.397970,108.178289,84.886925,23.291364
107.376007,83.977529,23.398478,108.055064,84.684746,23.370318
107.204002,83.827956,23.376047,107.845008,84.754436,23.090572
107.012956,83.584703,23.428253,107.913334,84.623717,23.289617
106.869120,83.368563,23.500558,108.019534,84.585796,23.433738
106.687778,83.258199,23.429579,107.778419,84.248005,23.530414
106.499601,83.085302,23.414299,107.335254,84.026535,23.308719
106.432604,82.936911,23.495693,107.405310,83.960016,23.445294
106.240288,82.755882,23.484406,107.236466,83.755948,23.480518
106.030582,82.539038,23.491544,106.871129,83.396633,23.474495
105.928514,82.404431,23.524083,106.871522,83.478425,23.393097
105.668068,82.148041,23.520027,106.888724,83.418816,23.469908
105.576169,82.032688,23.543481,106.621092,83.263132,23.357960
105.553388,81.985640,23.567748,106.642832,83.232334,23.410499
105.386791,81.826355,23.560436,106.514896,82.944661,23.570235
105.178181,81.651463,23.526718,106.371988,82.877280,23.494708
105.050809,81.517874,23.532935,106.115217,82.693476,23.421740
104.999936,81.436054,23.563881,106.195700,82.690998,23.504702
104.820485,81.279515,23.540970,105.952885,82.426738,23.526146
104.642415,81.146604,23.495811,105.793561,82.353776,23.439784
104.541878,81.031467,23.510411,105.643465,82.188011,23.455454
104.458598,80.988319,23.470279,105.443212,82.059119,23.384093
104.338690,80.790071,23.548618,105.696093,82.144690,23.551403
104.158712,80.628757,23.529955,105.751421,82.396729,23.354692
104.166160,80.630299,23.535860,105.532593,82.019070,23.513523
103.988014,80.428254,23.559760,105.236487,81.666330,23.570157
103.864522,80.341931,23.522590,105.477412,81.977411,23.500001
103.773535,80.261262,23.512273,105.274402,81.874893,23.399509
103.696195,80.245807,23.450388,105.212342,81.793043,23.419299
103.566428,80.080119,23.486309,105.003020,81.590193,23.412827
103.402386,79.876332,23.526054,104.919403,81.562692,23.356711
103.333112,79.837279,23.495833,104.691228,81.421213,23.270014
103.243002,79.763355,23.479647,104.754416,81.347555,23.406861
103.189926,79.708650,23.481276,104.822526,81.439695,23.382831
103.115502,79.615418,23.500083,104.723737,81.241206,23.482531
102.997576,79.487381,23.510195,104.513773,81.048230,23.465543
102.876176,79.356020,23.520155,104.428941,81.058348,23.370593
102.730342,79.227468,23.502874,104.192180,80.715841,23.476339
102.630043,79.143454,23.486590,104.355933,80.921654,23.434279
102.564493,79.103965,23.460528,103.979668,80.682580,23.297088
102.592424,79.106944,23.485481,104.246099,80.851197,23.394902
102.432324,78.915071,23.517253,104.093096,80.755267,23.337828
102.418735,78.871707,23.547028,104.161817,80.592530,23.569287
102.294412,78.731170,23.563242,104.017183,80.590043,23.427140
102.287313,78.743115,23.544198,103.977109,80.438035,23.539074
102.139597,78.589888,23.549709,104.246502,80.719789,23.526713
102.055499,78.516406,23.539093,103.939961,80.448903,23.491057
102.068467,78.509136,23.559331,104.069963,80.514475,23.555488
101.877493,78.329011,23.548482,103.655487,80.178819,23.476668
101.877196,78.298088,23.579108,103.883701,80.328638,23.555063
101.822033,78.308673,23.513360,103.972229,80.483918,23.488311
101.766160,78.214949,23.551210,103.841004,80.469202,23.371802
101.689467,78.153043,23.536424,103.693588,80.313819,23.379769
101.640199,78.102278,23.537921,103.519967,80.127799,23.392168
101.568336,78.053244,23.515092,103.520040,80.040549,23.479491
101.466789,77.918378,23.548411,103.808155,80.299169,23.508986
101.442270,77.867533,23.574737,103.439471,80.004977,23.434493
101.392861,77.816380,23.576482,103.286937,79.837647,23.449290
101.362109,77.785764,23.576345,103.363032,79.887477,23.475555
101.326726,77.736330,23.590396,103.357805,79.800748,23.557057
101.251951,77.672280,23.579671,103.245731,79.894800,23.350931
101.228472,77.699233,23.529239,103.343494,79.868459,23.475034
101.173940,77.603743,23.570197,103.322766,79.864599,23.458167
101.088964,77.539250,23.549714,103.149000,79.693905,23.455096
101.079686,77.593386,23.486299,103.240130,79.866732,23.373397
100.946521,77.442813,23.503707,103.221355,79.761103,23.460252
100.986287,77.401705,23.584582,103.128613,79.755560,23.373054
100.895580,77.340833,23.554747,103.181771,79.679738,23.502033
100.919124,77.362852,23.556272,102.998135,79.536631,23.461504
100.808270,77.249506,23.558764,102.995197,79.526288,23.468909
100.814598,77.215207,23.599391,103.149986,79.722514,23.427472
100.725730,77.200180,23.525550,103.000643,79.591968,23.408675
100.640201,77.045867,23.594334,103.162534,79.695314,23.467220
100.586112,77.023387,23.562725,103.115914,79.680996,23.434918
100.579000,77.028118,23.550882,102.772843,79.360672,23.412171
100.566425,77.006022,23.560403,102.917759,79.482267,23.435492
100.507584,76.865345,23.642239,102.837023,79.320276,23.516747
100.465485,76.878756,23.586729,102.684744,79.256183,23.428561
100.425965,76.833102,23.592863,102.913805,79.456073,23.457731
100.419038,76.838688,23.580349,102.981961,79.462302,23.519659
100.379437,76.779901,23.599535,102.686302,79.149068,23.537234
100.308500,76.652135,23.656364,103.030578,79.487693,23.542886
100.292143,76.657678,23.634464,102.725564,79.257796,23.467769
100.316992,76.686608,23.630384,102.730918,79.110434,23.620484
100.167508,76.510446,23.657062,102.832007,79.275921,23.556086
100.292215,76.640582,23.651633,102.737476,79.198909,23.538566
100.249484,76.564041,23.685443,102.707755,79.087423,23.620332
100.121149,76.454969,23.666179,102.806610,79.201467,23.605143
100.164599,76.499507,23.665092,102.989157,79.525910,23.463247
100.097154,76.424514,23.672640,102.457973,78.929359,23.528614
100.028393,76.333763,23.694630,102.687516,79.111021,23.576494
100.006331,76.361301,23.645030,102.386100,78.780770,23.605331
99.942258,76.266091,23.676167,102.655397,79.163270,23.492127
100.002097,76.341350,23.660747,102.509386,78.979940,23.529445
100.023916,76.334082,23.689834,102.645122,79.146821,23.498302
99.915097,76.287869,23.627228,102.553447,78.972279,23.581169
99.913010,76.219933,23.693077,102.663720,79.113168,23.550551
99.849278,76.135272,23.714006,102.494022,78.853748,23.640274
99.808377,76.066457,23.741920,102.432351,78.760421,23.671929
99.798431,76.133540,23.664891,102.410363,78.874482,23.535880
99.797320,76.104747,23.692574,102.577960,78.969633,23.608326
99.814542,76.072274,23.742268,102.636520,78.981501,23.655018
99.722621,76.018066,23.704554,102.380092,78.884822,23.495271
99.671322,76.000990,23.670333,102.635915,79.122998,23.512918
99.677510,75.980742,23.696768,102.570674,78.990249,23.580425
99.671730,75.931332,23.740398,102.231543,78.538468,23.693075
99.640705,75.910047,23.730658,102.523398,78.936882,23.586516
99.645191,75.901772,23.743419,102.384613,78.728079,23.656534
99.561529,75.851148,23.710382,102.316593,78.727323,23.589271
99.485384,75.766760,23.718623,102.433569,78.907568,23.526001
99.491920,75.776913,23.715007,102.406784,78.755972,23.650812
99.468699,75.770202,23.698498,102.352641,78.772666,23.579975
99.469277,75.742665,23.726612,102.359878,78.651100,23.708778
