241.399064,237.197074,4.201990,191.901853,187.877377,4.024477
182.071381,175.303915,6.767466,167.965239,157.584688,10.380551
157.563776,144.827753,12.736024,148.725764,134.292845,14.432920
144.620330,129.051222,15.569109,139.923352,123.163485,16.759867
137.050024,119.515860,17.534164,133.522905,115.048923,18.473982
132.076914,113.204807,18.872108,129.434306,109.819748,19.614558
128.809973,109.086653,19.723320,126.915245,106.908689,20.006556
126.533110,106.239351,20.293758,125.089403,104.495997,20.593406
124.705608,104.054809,20.650799,123.397646,102.690630,20.707016
123.253095,102.259701,20.993395,122.101168,101.093280,21.007888
122.053501,100.858989,21.194513,121.355603,100.234353,21.121250
121.038193,99.594194,21.443999,120.513214,99.112429,21.400786
120.132769,98.533971,21.598798,119.335017,97.814562,21.520455
119.309441,97.585601,21.723840,118.609433,96.776358,21.833075
118.470296,96.630633,21.839663,117.756527,95.929626,21.826901
117.778303,95.847935,21.930368,117.190434,95.284051,21.906383
117.256161,95.311468,21.944693,117.071953,95.099864,21.972088
116.636157,94.628970,22.007188,116.375082,94.505738,21.869344
116.105131,94.018296,22.086834,115.995684,93.915108,22.080576
115.574704,93.486989,22.087715,115.524880,93.463446,22.061434
115.117337,92.992284,22.125054,115.355604,93.373002,21.982602
114.782531,92.569738,22.212793,114.860092,92.768950,22.091143
114.292047,92.091104,22.200943,114.653868,92.606595,22.047274
113.799786,91.656919,22.142868,113.917686,91.848937,22.068749
113.497304,91.346983,22.150321,113.445935,91.297110,22.148825
113.041057,90.850834,22.190223,113.338992,91.375562,21.963430
112.662786,90.506495,22.156291,113.631914,91.459751,22.172162
112.345929,90.161297,22.184632,112.638298,90.701925,21.936373
112.064241,89.916677,22.147564,112.539753,90.536104,22.003650
111.681878,89.554419,22.127459,112.328727,90.401685,21.927042
111.366351,89.222247,22.144104,112.051254,90.020528,22.030726
111.000113,88.953873,22.046241,111.553163,89.474109,22.079054
110.822139,88.693559,22.128580,111.256560,89.239548,22.017012
110.422388,88.283780,22.138608,111.038943,89.231689,21.807254
110.171729,88.130961,22.040768,110.868835,89.014808,21.854027
109.874294,87.867507,22.006787,110.583947,88.783530,21.800417
109.570764,87.567237,22.003527,110.146643,88.255573,21.891071
109.360082,87.356635,22.003447,110.214686,88.307422,21.907263
109.099386,87.091049,22.008337,109.850338,88.007515,21.842823
108.728857,86.780062,21.948795,109.686167,87.900097,21.786070
108.569500,86.621864,21.947636,109.426195,87.627223,21.798972
108.353800,86.460455,21.893345,109.461789,87.715021,21.746768
107.990431,86.133844,21.856587,108.820271,87.201464,21.618807
107.765944,85.925027,21.840917,108.687423,86.848497,21.838926
107.551812,85.695941,21.855870,108.606626,86.930033,21.676594
107.384328,85.520771,21.863557,108.369616,86.711606,21.658011
107.148773,85.413597,21.735176,108.020518,86.488605,21.531913
106.920890,85.104581,21.816309,107.911728,86.234908,21.676820
106.710555,84.937939,21.772616,107.568374,85.987559,21.580814
106.469228,84.738521,21.730706,107.890455,86.215912,21.674544
106.223812,84.459023,21.764789,107.314288,85.644615,21.669673
106.091913,84.331947,21.759966,106.916330,85.398168,21.518162
105.835839,84.140913,21.694927,106.907112,85.440005,21.467106
105.619345,83.919990,21.699355,106.554122,84.980761,21.573361
105.424209,83.712800,21.711409,106.258578,84.816018,21.442560
105.254909,83.581684,21.673225,106.525051,84.986393,21.538658
105.077894,83.442106,21.635788,106.170981,84.734506,21.436475
104.916831,83.342036,21.574795,106.141458,84.739399,21.402059
104.733578,83.122782,21.610796,105.942194,84.509293,21.432901
104.619725,82.994261,21.625465,105.946126,84.496437,21.449689
104.411743,82.802551,21.609192,105.675636,84.101044,21.574592
104.289778,82.676559,21.613219,105.625571,84.093195,21.532376
104.116853,82.496922,21.619930,105.379071,83.977836,21.401235
103.983683,82.378670,21.605013,105.520830,83.989266,21.531564
103.831864,82.246144,21.585720,105.053652,83.652894,21.400758
103.726709,82.068781,21.657928,105.153597,83.701804,21.451793
103.576687,81.948654,21.628033,105.092965,83.558489,21.534476
103.383496,81.760863,21.622633,104.953741,83.449024,21.504717
103.304655,81.702221,21.602434,104.772306,83.266944,21.505361
103.242061,81.662997,21.579064,104.651216,83.277858,21.373358
103.011636,81.450883,21.560753,104.823104,83.322447,21.500657
102.956819,81.425142,21.531676,104.743759,83.275081,21.468678
102.807283,81.219546,21.587737,104.463465,83.031450,21.432016
102.804898,81.249191,21.555707,104.336211,82.825170,21.511042
102.738178,81.079760,21.658418,104.126370,82.625388,21.500982
102.599950,80.979945,21.620005,104.153754,82.623315,21.530439
102.431033,80.824383,21.606651,104.044189,82.564222,21.479967
102.312107,80.743023,21.569084,104.090243,82.667910,21.422334
102.262023,80.629549,21.632474,104.343231,82.857976,21.485256
102.265438,80.659032,21.606406,103.760971,82.293277,21.467694
102.090535,80.497238,21.593297,103.978572,82.553567,21.425005
101.990949,80.441019,21.549931,103.785623,82.384413,21.401211
101.969648,80.301948,21.667700,103.733186,82.185492,21.547694
101.875529,80.237807,21.637723,103.652899,82.172420,21.480479
101.868292,80.223312,21.644981,103.592668,82.160267,21.432401
101.747400,80.067804,21.679596,103.588323,82.022413,21.565910
101.668103,80.010245,21.657858,103.468550,81.930095,21.538456
101.562082,79.917190,21.644892,103.374955,81.847666,21.527289
101.485686,79.823579,21.662107,103.271890,81.732319,21.539571
101.407434,79.717809,21.689625,103.555548,82.088547,21.467001
101.306535,79.656027,21.650508,103.347006,81.855687,21.491319
101.314090,79.619659,21.694431,103.138106,81.494313,21.643794
101.204323,79.513889,21.690434,103.053820,81.426140,21.627680
101.189081,79.487826,21.701255,103.169486,81.654296,21.515190
101.104648,79.435267,21.669381,103.213998,81.814710,21.399288
101.021229,79.339862,21.681367,103.300876,81.710900,21.589976
100.987903,79.251439,21.736464,103.304190,81.682839,21.621351
100.981171,79.217119,21.764052,103.089431,81.495279,21.594151
100.902537,79.162917,21.739620,103.064548,81.522113,21.542435
100.732224,79.000891,21.731333,102.916175,81.454458,21.461717
100.748066,79.005917,21.742149,102.900843,81.331636,21.569207
100.729746,78.992489,21.737257,102.908145,81.386526,21.521619
100.684710,78.931902,21.752808,102.785191,81.219049,21.566143
100.532359,78.805823,21.726535,102.739654,81.212902,21.526752
100.562470,78.821111,21.741359,102.526212,81.017214,21.508998
100.526049,78.778603,21.747445,102.735915,81.221666,21.514249
100.428511,78.742632,21.685879,102.582145,81.005794,21.576352
100.361040,78.639486,21.721555,102.691778,81.177734,21.514044
100.399620,78.681167,21.718453,102.586549,81.020470,21.566080
100.297933,78.579311,21.718622,102.577400,81.147806,21.429593
100.267598,78.550970,21.716628,102.373382,80.812367,21.561016
100.121477,78.400111,21.721365,102.381092,80.831472,21.549619
100.137503,78.408866,21.728637,102.461808,80.906638,21.555170
100.146727,78.423862,21.722866,102.635447,81.109226,21.526221
100.123086,78.329973,21.793113,102.370943,80.704846,21.666097
99.995788,78.229702,21.766086,102.596258,80.971892,21.624366
99.964697,78.203888,21.760809,102.588766,81.024255,21.564512
99.986457,78.235997,21.750459,102.319219,80.737343,21.581876
99.888752,78.112054,21.776698,102.323526,80.632691,21.690835
99.888204,78.080289,21.807915,102.283978,80.621270,21.662708
99.766118,77.984580,21.781538,102.343487,80.695638,21.647849
99.793136,77.991726,21.801410,102.589164,80.987893,21.601271
99.769333,78.018071,21.751263,102.150053,80.525627,21.624425
99.666437,77.822136,21.844301,102.192051,80.576912,21.615139
99.688196,77.889098,21.799098,102.110191,80.438007,21.672184
99.632920,77.812017,21.820902,102.375652,80.802859,21.572793
99.629515,77.805956,21.823559,102.098885,80.458853,21.640033
99.528813,77.777553,21.751259,102.298607,80.631733,21.666873
99.533214,77.724337,21.808877,102.196499,80.539374,21.657125
99.517438,77.695675,21.821763,102.211874,80.586497,21.625378
99.437093,77.636174,21.800918,101.918145,80.210991,21.707155
99.345467,77.514634,21.830834,102.084355,80.473921,21.610434
99.381513,77.575989,21.805524,102.169385,80.569020,21.600365
99.377381,77.561210,21.816171,102.096126,80.355772,21.740353
99.292145,77.469368,21.822778,102.219595,80.634628,21.584968
99.299465,77.502375,21.797089,102.246250,80.588976,21.657274
99.258305,77.435699,21.822606,101.942418,80.293788,21.648631
99.218125,77.380758,21.837367,102.087161,80.377928,21.709233
99.238025,77.389230,21.848795,102.063771,80.413703,21.650068
99.135995,77.307920,21.828075,102.036442,80.291199,21.745242
99.099654,77.211604,21.888050,102.121961,80.345531,21.776429
99.149046,77.228316,21.920731,102.336632,80.595030,21.741602
99.058865,77.137294,21.921571,102.050617,80.372774,21.677843
99.052556,77.130520,21.922035,101.916272,80.187902,21.728370
99.175232,77.265414,21.909819,102.031348,80.200734,21.830615
99.064343,77.132816,21.931527,101.933311,80.175938,21.757373
98.925517,77.039303,21.886214,101.978619,80.177719,21.800901
98.881235,77.010902,21.870333,102.190437,80.474896,21.715540
98.931433,77.050759,21.880674,101.970173,80.265127,21.705045
98.835577,76.973410,21.862167,101.782574,80.143193,21.639381
98.804053,76.960123,21.843930,101.866796,80.152128,21.714668
98.813665,76.922460,21.891206,101.663765,80.072046,21.591719
98.783612,76.892565,21.891046,101.935882,80.242269,21.693613
98.795181,76.908221,21.886961,102.024510,80.407414,21.617096
98.783938,76.887252,21.896686,102.036169,80.283441,21.752727
98.750876,76.845593,21.905283,101.581238,79.875347,21.705891
98.712007,76.797612,21.914394,101.766595,80.087435,21.679160
98.699231,76.847639,21.851592,101.872405,80.119237,21.753168
98.692362,76.828684,21.863678,101.560849,79.909843,21.651006
98.577363,76.660901,21.916462,101.648244,79.904919,21.743325
