243.622759,241.331302,2.291457,193.634551,190.392155,3.242396
186.525397,181.062171,5.463226,175.400195,167.273066,8.127129
165.151203,154.030115,11.121088,156.250837,142.673717,13.577119
151.550722,137.227426,14.323296,146.337590,131.060900,15.276690
143.461052,127.254672,16.206379,139.037583,121.886752,17.150831
137.316806,119.491823,17.824983,134.155128,115.595178,18.559950
133.112443,114.059034,19.053409,130.559005,111.067892,19.491112
130.088930,110.149778,19.939152,128.025785,107.573504,20.452281
127.608988,107.177910,20.431078,125.700423,104.934425,20.765998
125.772400,104.947029,20.825371,124.140739,103.159045,20.981694
124.323463,103.086170,21.237293,122.999225,101.690200,21.309025
122.892863,101.471210,21.421653,121.872098,100.264190,21.607908
121.726518,100.045986,21.680533,120.551951,98.855508,21.696442
120.611172,98.767991,21.843181,119.792516,97.850583,21.941933
119.666308,97.576963,22.089345,119.271016,97.207835,22.063182
118.840989,96.721398,22.119591,117.948259,95.987161,21.961097
118.033889,95.736967,22.296922,117.204094,94.753384,22.450710
117.221640,94.773088,22.448551,116.952079,94.628573,22.323506
116.594156,94.110972,22.483184,115.926515,93.485486,22.441029
115.938250,93.406556,22.531694,115.283676,92.600764,22.682911
115.257915,92.674441,22.583474,115.063475,92.677995,22.385479
114.746782,92.077362,22.669420,113.909626,91.156055,22.753571
114.172476,91.367918,22.804558,113.680553,90.825026,22.855527
113.634326,90.814873,22.819452,113.479714,90.547822,22.931892
113.162445,90.273411,22.889033,113.053286,90.043684,23.009602
112.738686,89.827581,22.911104,112.537034,89.644453,22.892581
112.254137,89.257599,22.996538,111.859070,88.899282,22.959788
111.862397,88.877244,22.985153,111.456492,88.486547,22.969944
111.435446,88.398561,23.036885,111.357104,88.402211,22.954893
111.060474,87.987497,23.072977,111.140696,87.954729,23.185967
110.718688,87.606236,23.112451,110.638012,87.644000,22.994012
110.423816,87.276071,23.147744,110.285330,87.114432,23.170898
110.051302,86.905565,23.145737,110.117971,87.038299,23.079673
109.785222,86.606315,23.178907,109.873891,86.711393,23.162497
109.387021,86.196103,23.190918,109.567114,86.417989,23.149125
109.111612,85.919711,23.191901,109.357352,86.157684,23.199668
108.886061,85.662038,23.224023,109.155729,85.875248,23.280481
108.537017,85.323974,23.213043,108.664463,85.491256,23.173207
108.278448,85.062539,23.215910,108.666505,85.360558,23.305946
108.010819,84.794508,23.216311,108.267039,85.261341,23.005697
107.817104,84.593929,23.223174,108.081003,84.888830,23.192173
107.536959,84.278106,23.258853,107.930755,84.661180,23.269575
107.315432,84.071361,23.244071,107.684269,84.632508,23.051760
107.041514,83.804286,23.237228,107.545888,84.359557,23.186331
106.879522,83.560786,23.318736,107.235839,84.057762,23.178077
106.637270,83.338410,23.298860,107.144136,83.994715,23.149420
106.543733,83.194069,23.349664,107.246114,83.944379,23.301735
106.325295,83.002267,23.323028,106.930120,83.790812,23.139308
106.127155,82.787429,23.339726,106.621401,83.412057,23.209344
105.960326,82.671120,23.289206,106.478841,83.306957,23.171884
105.809134,82.500614,23.308520,106.643165,83.401031,23.242135
105.661337,82.329455,23.331882,106.429085,83.227494,23.201592
105.489328,82.099390,23.389939,106.174087,82.859481,23.314607
105.327415,81.985416,23.341999,106.210947,82.982647,23.228301
105.157004,81.872379,23.284624,106.010592,82.870231,23.140361
105.073631,81.712030,23.361602,105.656745,82.289716,23.367028
104.870921,81.520488,23.350433,105.748579,82.514332,23.234247
104.781782,81.381111,23.400671,105.736938,82.263578,23.473359
104.661587,81.232307,23.429279,105.425700,82.129360,23.296340
104.512321,81.110979,23.401343,105.153382,81.863499,23.289884
104.414019,81.027223,23.386795,105.324712,81.997593,23.327119
104.242026,80.889388,23.352639,105.444930,82.065748,23.379182
104.166920,80.793462,23.373458,105.061867,81.707679,23.354188
104.076509,80.640544,23.435965,105.098706,81.798959,23.299746
103.924100,80.511518,23.412582,105.051225,81.730817,23.320408
103.819191,80.397003,23.422188,105.014008,81.801138,23.212870
103.748354,80.310038,23.438316,104.836242,81.487717,23.348525
103.659389,80.157395,23.501994,104.810451,81.531143,23.279308
103.567408,80.076492,23.490916,104.574342,81.184937,23.389405
103.398146,79.961652,23.436494,104.764731,81.468828,23.295902
103.320430,79.838440,23.481990,104.230821,81.060237,23.170584
103.233437,79.816887,23.416549,104.445715,81.198214,23.247501
103.206899,79.776522,23.430376,104.578506,81.249931,23.328576
103.168836,79.649889,23.518947,104.145443,80.856335,23.289108
103.054240,79.542895,23.511345,104.333554,80.859008,23.474546
103.035537,79.496825,23.538713,104.373778,80.974869,23.398908
102.870880,79.355571,23.515309,104.217672,80.859823,23.357849
102.755654,79.222103,23.533551,104.207460,80.778067,23.429393
102.779925,79.254767,23.525158,104.031908,80.634085,23.397824
102.639998,79.096295,23.543703,104.071916,80.712787,23.359129
102.599426,79.057132,23.542294,103.862641,80.611399,23.251241
102.492363,78.939723,23.552640,104.102878,80.474567,23.628311
102.440360,78.861568,23.578792,103.753983,80.180237,23.573746
102.321656,78.781606,23.540050,104.152652,80.822951,23.329701
102.254131,78.748034,23.506097,103.901202,80.411654,23.489547
102.256632,78.662632,23.594000,103.489406,80.019623,23.469783
102.236937,78.622262,23.614675,103.531839,80.116608,23.415231
102.144070,78.583342,23.560728,103.725410,80.229271,23.496140
102.055503,78.425067,23.630437,103.621208,80.099033,23.522175
102.065840,78.424145,23.641695,103.787275,80.302309,23.484966
102.001515,78.382650,23.618865,103.627804,80.114276,23.513528
101.889693,78.241826,23.647867,103.335735,79.756628,23.579107
101.865145,78.198358,23.666787,103.448543,80.054274,23.394269
101.863307,78.200136,23.663170,103.435626,79.807013,23.628613
101.752089,78.071107,23.680982,103.402051,79.785996,23.616055
101.719839,78.035419,23.684421,103.283472,79.730010,23.553463
101.661466,77.982681,23.678785,103.357593,79.857854,23.499740
101.704742,78.015589,23.689153,103.217174,79.569298,23.647876
101.556133,77.856764,23.699369,103.191197,79.656544,23.534652
101.574122,77.858504,23.715618,103.265653,79.735047,23.530606
101.446704,77.780459,23.666244,103.076642,79.609638,23.467004
101.466150,77.793379,23.672770,103.236467,79.722862,23.513605
101.414570,77.708705,23.705865,103.119564,79.591227,23.528338
101.324296,77.635684,23.688611,103.160769,79.759907,23.400861
101.379698,77.702386,23.677311,103.242152,79.732394,23.509759
101.317233,77.643958,23.673275,102.973012,79.431999,23.541013
101.229744,77.545681,23.684063,103.130463,79.697901,23.432562
101.149288,77.479496,23.669792,103.193005,79.632083,23.560922
101.120816,77.427111,23.693706,103.157441,79.617878,23.539563
101.127299,77.412539,23.714760,103.013844,79.553018,23.460826
101.124090,77.433353,23.690736,103.255253,79.671890,23.583363
101.053806,77.336526,23.717279,103.011598,79.387803,23.623795
101.059851,77.317843,23.742008,102.996206,79.339371,23.656835
100.998709,77.263098,23.735611,102.886229,79.269216,23.617013
101.008508,77.253104,23.755404,102.864281,79.228945,23.635337
100.915427,77.169005,23.746423,102.963751,79.311573,23.652178
100.888946,77.121833,23.767114,102.864854,79.317028,23.547827
100.800195,77.062109,23.738086,102.885444,79.247587,23.637857
100.779027,77.073633,23.705394,103.039454,79.478892,23.560563
100.784084,77.013582,23.770502,102.865292,79.118127,23.747166
100.726715,76.903823,23.822892,102.876109,79.208404,23.667705
100.678856,76.828749,23.850107,102.603593,79.137405,23.466188
100.633698,76.852436,23.781262,102.683130,79.077976,23.605153
100.619265,76.782602,23.836664,102.720226,79.119829,23.600396
100.570546,76.799025,23.771521,102.688858,79.123138,23.565719
100.569937,76.794671,23.775265,102.793669,79.195372,23.598297
100.562127,76.757738,23.804389,102.791402,79.112826,23.678576
100.578672,76.732170,23.846502,102.677692,78.984894,23.692799
100.595811,76.706263,23.889548,102.670113,78.965193,23.704920
100.576784,76.702058,23.874726,102.727353,79.012044,23.715309
100.477727,76.603516,23.874211,102.669926,78.937491,23.732435
100.467567,76.631776,23.835790,102.592646,78.884591,23.708054
100.454633,76.559546,23.895087,102.626065,78.743673,23.882392
100.385895,76.499406,23.886490,102.732018,79.053074,23.678944
100.413945,76.535388,23.878557,102.930784,79.222965,23.707819
100.378932,76.471860,23.907072,102.596566,78.853122,23.743444
100.380249,76.497390,23.882859,102.654641,79.046413,23.608228
100.372469,76.523393,23.849077,102.734690,79.018050,23.716641
100.483241,76.589479,23.893762,102.641431,78.941345,23.700086
100.337017,76.458295,23.878722,102.614217,78.934998,23.679219
100.343839,76.451257,23.892582,102.794501,79.104188,23.690313
100.357972,76.415942,23.942030,102.728454,78.924863,23.803591
100.331007,76.427959,23.903048,102.632694,78.869144,23.763550
100.315349,76.357085,23.958264,102.569355,78.718327,23.851028
100.257439,76.340392,23.917047,102.632538,78.914580,23.717959
100.283040,76.345418,23.937622,102.741457,79.002087,23.739370
100.248988,76.326771,23.922217,102.619352,78.759355,23.859997
100.261047,76.331014,23.930033,102.763652,78.944254,23.819398
100.303124,76.350367,23.952758,102.855675,78.972415,23.883259
100.239593,76.294506,23.945087,102.605044,78.787552,23.817493
100.240897,76.224265,24.016632,102.678743,78.740400,23.938343
100.161100,76.148816,24.012284,102.603974,78.799398,23.804576
100.210903,76.192637,24.018266,102.532157,78.712892,23.819264
100.147298,76.187056,23.960242,102.451409,78.779885,23.671524
100.125332,76.144250,23.981082,102.526431,78.805199,23.721232
100.048729,76.081797,23.966932,102.565100,78.744531,23.820569
100.011134,76.047263,23.963870,102.604767,78.743724,23.861043
99.968957,75.952498,24.016459,102.508434,78.719991,23.788443
99.995847,76.009953,23.985893,102.566786,78.728328,23.838458
100.008647,76.022190,23.986458,102.589585,78.686605,23.902980
