206.679004,200.469850,6.209155,182.430040,175.683117,6.746922
172.578193,165.430266,7.147927,160.547041,153.200001,7.347040
156.241386,148.739435,7.501951,151.748230,144.179973,7.568256
150.941069,143.329397,7.611672,149.278108,141.627343,7.650765
148.395153,140.801729,7.593424,146.349395,138.786329,7.563066
145.998956,138.430055,7.568901,143.629865,136.094442,7.535421
143.950594,136.379983,7.570611,142.756567,135.131595,7.624972
142.649183,135.035533,7.613650,141.987515,134.333955,7.653560
141.611249,134.006649,7.604599,140.614022,132.989916,7.624105
140.465737,132.855522,7.610216,140.570467,132.953672,7.616795
139.664649,132.044448,7.620201,138.724155,131.101224,7.622931
138.976544,131.355811,7.620733,138.028806,130.412840,7.615966
138.291818,130.670185,7.621634,137.443635,129.829563,7.614072
137.597490,129.970796,7.626694,136.808954,129.194198,7.614755
137.122040,129.506677,7.615364,136.599535,128.995422,7.604112
136.560611,128.933986,7.626625,135.749270,128.146956,7.602314
136.087701,128.456298,7.631403,135.644842,128.008787,7.636055
135.587827,127.946364,7.641463,135.503798,127.847658,7.656140
135.452383,127.782684,7.669698,135.148785,127.479360,7.669424
134.949609,127.275869,7.673740,134.774398,127.098700,7.675699
134.756014,127.068335,7.687679,134.508437,126.847552,7.660885
134.528479,126.831568,7.696911,134.292906,126.611555,7.681351
134.328241,126.642644,7.685597,134.165659,126.483899,7.681760
134.053190,126.347910,7.705280,134.745403,127.030880,7.714523
133.738809,126.021678,7.717130,133.564744,125.868947,7.695797
133.539011,125.817134,7.721877,134.029543,126.309991,7.719552
133.472410,125.740281,7.732129,133.480875,125.748175,7.732701
133.091109,125.362146,7.728962,133.119070,125.429630,7.689440
132.988945,125.259537,7.729408,132.898642,125.168307,7.730335
132.820406,125.067239,7.753167,133.416363,125.682986,7.733377
132.612554,124.865198,7.747356,132.757756,125.039795,7.717961
132.496016,124.772150,7.723866,132.723641,125.006922,7.716718
132.501010,124.760609,7.740401,132.448687,124.720642,7.728045
132.267085,124.526436,7.740649,132.342337,124.631835,7.710501
132.046212,124.297614,7.748598,132.049723,124.314369,7.735354
131.913683,124.168617,7.745066,132.859375,125.120099,7.739275
131.911015,124.155183,7.755832,132.397746,124.657843,7.739903
131.755865,123.991247,7.764618,132.100624,124.373377,7.727247
131.703983,123.956914,7.747069,132.295012,124.563965,7.731046
131.515494,123.764458,7.751036,131.463633,123.733749,7.729885
131.309233,123.544305,7.764928,131.872348,124.127607,7.744742
131.239616,123.472258,7.767358,131.755819,124.012809,7.743010
131.133024,123.366889,7.766135,131.714614,123.964454,7.750160
131.033384,123.261767,7.771617,131.400645,123.649459,7.751186
130.922081,123.148404,7.773678,131.326833,123.577441,7.749392
130.812930,123.051138,7.761792,130.963340,123.227087,7.736254
130.706009,122.943863,7.762147,131.143676,123.405768,7.737908
130.798297,123.027909,7.770388,131.550491,123.803594,7.746897
130.731210,122.951812,7.779398,131.558286,123.801105,7.757180
130.579595,122.794702,7.784893,131.309786,123.553185,7.756601
130.318404,122.528316,7.790088,131.261012,123.505163,7.755849
130.414544,122.633692,7.780852,130.571192,122.820048,7.751145
130.195251,122.411239,7.784012,130.967717,123.212163,7.755554
130.213163,122.423556,7.789607,130.639460,122.884108,7.755353
129.955290,122.152607,7.802683,130.844494,123.072175,7.772319
130.032751,122.230141,7.802610,130.748463,122.976638,7.771826
130.242025,122.436115,7.805910,130.394163,122.616783,7.777381
129.812346,122.014463,7.797884,131.114090,123.360072,7.754017
129.913371,122.113337,7.800034,131.182499,123.405539,7.776961
130.017503,122.206684,7.810818,130.470777,122.690117,7.780659
129.909454,122.099675,7.809779,130.793866,123.022140,7.771726
129.835733,122.021534,7.814199,130.150366,122.372063,7.778303
129.698616,121.882829,7.815787,130.457495,122.666212,7.791282
129.671839,121.849428,7.822411,130.965258,123.164080,7.801177
129.599382,121.773200,7.826181,130.305522,122.505404,7.800119
129.588921,121.758324,7.830597,130.343530,122.537851,7.805678
129.409378,121.583433,7.825945,130.222398,122.432120,7.790278
129.277339,121.455700,7.821639,129.956478,122.159657,7.796820
129.384216,121.560163,7.824053,130.274105,122.482125,7.791980
129.132787,121.312463,7.820324,130.328584,122.539833,7.788750
129.266341,121.436528,7.829813,130.204256,122.399437,7.804820
129.133682,121.309987,7.823696,129.846328,122.065456,7.780872
129.231310,121.392709,7.838601,130.270922,122.460192,7.810730
129.117271,121.273302,7.843969,130.087677,122.284878,7.802799
129.090435,121.247625,7.842810,130.099449,122.284271,7.815177
129.118581,121.277220,7.841361,129.935838,122.135246,7.800592
128.970251,121.131448,7.838803,129.863115,122.044178,7.818937
128.934695,121.091149,7.843545,130.088641,122.294250,7.794391
128.828343,120.992361,7.835981,130.075296,122.275252,7.800045
128.785518,120.938073,7.847446,129.966211,122.149943,7.816267
128.873687,121.028422,7.845265,129.845175,122.033704,7.811470
128.921805,121.076899,7.844906,129.784651,121.975038,7.809612
128.714407,120.869803,7.844604,129.936039,122.132058,7.803981
128.652363,120.806274,7.846089,130.012674,122.196150,7.816524
128.796071,120.936864,7.859208,130.315752,122.488786,7.826966
128.849268,120.994425,7.854843,130.119984,122.300124,7.819859
128.516225,120.658476,7.857749,129.638234,121.813355,7.824880
128.524017,120.665593,7.858424,129.673687,121.850124,7.823563
128.311863,120.456865,7.854998,129.398348,121.579779,7.818569
128.348211,120.494854,7.853357,129.925634,122.104358,7.821275
128.482966,120.627991,7.854975,129.870484,122.031403,7.839082
128.395901,120.528661,7.867240,130.025707,122.183768,7.841939
128.285921,120.424062,7.861859,129.447840,121.625112,7.822728
128.211274,120.353343,7.857931,129.711896,121.879045,7.832850
128.311165,120.452615,7.858550,129.801544,121.980650,7.820894
128.203729,120.349567,7.854161,129.700242,121.867518,7.832724
128.165952,120.302185,7.863767,129.543996,121.710458,7.833538
128.153044,120.290601,7.862444,129.343857,121.514271,7.829585
128.072084,120.204415,7.867669,129.432141,121.607842,7.824299
128.030262,120.159705,7.870557,129.605213,121.773300,7.831912
127.971467,120.103329,7.868138,129.225274,121.381705,7.843569
127.848771,119.973485,7.875286,129.421990,121.572525,7.849465
128.011440,120.125682,7.885758,129.100485,121.262182,7.838303
127.796385,119.922749,7.873636,129.567893,121.721997,7.845896
127.887288,120.012504,7.874784,129.315951,121.469174,7.846777
127.846259,119.964489,7.881770,129.083252,121.235479,7.847772
127.795371,119.916598,7.878772,129.449488,121.600878,7.848610
127.576501,119.695291,7.881211,129.168301,121.327547,7.840755
127.712563,119.827254,7.885308,129.098091,121.244930,7.853161
127.711419,119.823588,7.887831,129.304518,121.456182,7.848336
127.788736,119.904418,7.884318,129.331920,121.485350,7.846569
127.823848,119.941802,7.882046,129.326309,121.475410,7.850899
127.625680,119.742561,7.883119,128.937117,121.087842,7.849276
127.574054,119.686530,7.887525,129.668787,121.831238,7.837551
127.699750,119.819299,7.880451,129.744097,121.895164,7.848933
127.577942,119.687547,7.890395,129.449535,121.585972,7.863563
127.500371,119.602299,7.898072,129.277694,121.421349,7.856345
127.401815,119.508720,7.893095,129.658556,121.801751,7.856805
127.552201,119.658271,7.893930,129.668566,121.815287,7.853279
127.489532,119.592702,7.896830,129.264250,121.407043,7.857207
127.529767,119.629874,7.899892,129.659190,121.793027,7.866163
127.582668,119.680436,7.902231,129.171998,121.314277,7.857721
127.386141,119.481135,7.905006,129.196618,121.328018,7.868601
127.391156,119.485260,7.905896,129.372812,121.508603,7.864209
127.385093,119.484166,7.900928,129.357292,121.492787,7.864505
127.501807,119.595330,7.906478,129.483090,121.615380,7.867710
127.239189,119.336026,7.903162,129.522219,121.658813,7.863406
127.335646,119.442574,7.893073,129.132538,121.279016,7.853522
127.326588,119.427902,7.898685,129.027843,121.157403,7.870440
127.180848,119.273681,7.907167,129.158775,121.289573,7.869202
127.147920,119.246651,7.901269,129.315643,121.457731,7.857912
127.100721,119.201796,7.898925,129.334806,121.477259,7.857547
127.210491,119.307806,7.902684,129.024927,121.154525,7.870402
127.254513,119.350964,7.903550,128.727075,120.867038,7.860037
127.148426,119.242775,7.905650,129.076322,121.210358,7.865963
127.065756,119.149889,7.915867,129.040968,121.169429,7.871539
127.165432,119.250517,7.914915,129.185713,121.306327,7.879385
127.106148,119.191447,7.914701,129.109093,121.229879,7.879215
126.933409,119.016455,7.916954,129.289114,121.413961,7.875153
127.124692,119.212777,7.911914,129.174849,121.306108,7.868741
126.993963,119.077036,7.916927,128.932703,121.064943,7.867760
127.014645,119.103582,7.911063,129.295858,121.422387,7.873470
127.022335,119.106591,7.915744,129.234152,121.363689,7.870463
126.861752,118.949701,7.912051,129.027582,121.161507,7.866075
127.050787,119.128701,7.922087,129.654421,121.771879,7.882542
126.964558,119.043787,7.920771,129.216683,121.344200,7.872482
126.880357,118.969444,7.910913,129.390556,121.530138,7.860418
127.020349,119.106338,7.914011,129.163767,121.297997,7.865769
126.980588,119.061045,7.919543,129.268140,121.386118,7.882021
127.032575,119.109154,7.923422,129.370307,121.488354,7.881953
126.949023,119.026455,7.922568,128.865659,120.977655,7.888005
126.934434,119.005376,7.929058,129.265798,121.382857,7.882941
126.717583,118.786147,7.931436,129.100145,121.219129,7.881016
126.760271,118.836402,7.923870,128.886921,121.003426,7.883496
126.850139,118.916251,7.933888,129.062428,121.171385,7.891043
126.825700,118.890861,7.934838,129.269974,121.373595,7.896378
126.929799,118.991724,7.938075,128.873341,120.973417,7.899924
126.728092,118.790835,7.937257,129.318738,121.417993,7.900745
126.783412,118.840835,7.942577,129.055868,121.155588,7.900279
126.834296,118.902293,7.932003,129.252836,121.356322,7.896513
