236.813983,233.630712,3.183271,190.078782,185.938395,4.140387
174.166332,165.629192,8.537141,157.566407,145.313051,12.253356
151.041983,137.334055,13.707928,143.478453,128.594371,14.884080
140.229390,123.990610,16.238780,135.795608,118.584578,17.211029
133.973283,116.145946,17.827337,130.652019,112.040657,18.611362
129.787730,110.854342,18.933388,127.757671,108.368092,19.389578
127.009094,107.313152,19.695942,125.306730,105.093829,20.212901
124.842787,104.660718,20.182069,123.091334,102.796124,20.295210
123.075493,102.539696,20.535797,121.874556,101.105539,20.769016
121.687019,100.777371,20.909648,120.973537,100.010954,20.962584
120.509450,99.291539,21.217911,119.637552,98.365418,21.272134
119.417814,98.059055,21.358759,118.259012,96.751864,21.507147
118.446942,96.840896,21.606045,117.790030,96.159431,21.630601
117.584756,95.905642,21.679114,117.093934,95.226121,21.867813
116.816837,94.970141,21.846697,116.094865,94.268742,21.826124
116.174987,94.236322,21.938665,115.371671,93.430331,21.941340
115.310215,93.297704,22.012511,115.247081,93.244803,22.002278
114.771854,92.653593,22.118261,114.420861,92.455155,21.965705
114.111797,91.954662,22.157134,114.336716,92.145172,22.191545
113.741384,91.494697,22.246686,113.387006,91.214001,22.173005
113.176466,90.863111,22.313355,113.156447,90.906441,22.250006
112.783325,90.404808,22.378517,112.767270,90.420084,22.347186
112.267175,89.813254,22.453920,112.269989,90.046498,22.223491
111.786110,89.434580,22.351531,112.014434,89.742448,22.271986
111.496457,88.995920,22.500537,111.856492,89.418565,22.437928
111.143778,88.611273,22.532505,111.522856,89.007547,22.515309
110.737186,88.181565,22.555621,111.085353,88.511898,22.573454
110.336684,87.737086,22.599598,110.648620,88.020896,22.627724
110.071097,87.430882,22.640215,110.597489,87.980953,22.616537
109.683751,87.028570,22.655181,110.265814,87.802281,22.463533
109.409082,86.797236,22.611847,109.969461,87.299906,22.669555
109.115733,86.511220,22.604513,109.700929,87.157814,22.543115
108.837316,86.182994,22.654322,109.606246,86.840635,22.765611
108.554791,85.866660,22.688131,109.205137,86.533554,22.671584
108.286636,85.603151,22.683486,108.960601,86.371990,22.588611
108.021729,85.354285,22.667444,108.563885,85.840205,22.723682
107.784523,85.097572,22.686950,108.321500,85.818762,22.502739
107.508716,84.837500,22.671217,108.694379,86.125627,22.568752
107.303981,84.603596,22.700385,108.532338,85.845247,22.687091
107.134518,84.403522,22.730996,108.063358,85.357853,22.705505
106.968264,84.243947,22.724317,107.691612,85.055308,22.636303
106.683065,83.930473,22.752593,107.809420,85.116327,22.693093
106.596631,83.802065,22.794566,107.509877,84.784530,22.725348
106.386482,83.637101,22.749381,107.520724,84.840004,22.680720
106.206051,83.475408,22.730643,107.429405,84.787044,22.642361
105.980106,83.259643,22.720463,107.162137,84.518626,22.643511
105.895892,83.102092,22.793800,107.223823,84.387369,22.836454
105.717548,82.904047,22.813501,106.967738,84.187471,22.780266
105.608360,82.748374,22.859987,107.198336,84.337494,22.860842
105.454418,82.569508,22.884910,106.925315,84.162682,22.762633
105.267117,82.405906,22.861212,106.377139,83.606607,22.770533
105.100016,82.271511,22.828505,106.442381,83.757901,22.684480
104.991961,82.194890,22.797072,106.344572,83.566042,22.778530
104.868685,81.999933,22.868752,106.342980,83.517378,22.825601
104.713462,81.853845,22.859618,106.478225,83.693269,22.784955
104.629891,81.746554,22.883337,106.416029,83.560821,22.855208
104.526578,81.652909,22.873669,105.994340,83.250038,22.744302
104.417775,81.530208,22.887566,105.953304,83.059395,22.893908
104.216613,81.340905,22.875709,105.744111,82.937169,22.806942
104.193838,81.323104,22.870734,105.836515,83.006924,22.829591
104.020089,81.117945,22.902144,105.636453,82.771784,22.864669
103.989466,81.046686,22.942780,105.633400,82.771570,22.861831
103.900869,81.009795,22.891074,105.495710,82.712707,22.783003
103.825051,80.860655,22.964396,105.609810,82.776137,22.833673
103.756668,80.854186,22.902481,105.590938,82.753331,22.837607
103.611857,80.704850,22.907007,105.517375,82.624949,22.892426
103.505797,80.594071,22.911726,105.296125,82.514483,22.781642
103.340806,80.468151,22.872655,105.380100,82.527216,22.852884
103.327553,80.383079,22.944474,105.470990,82.571023,22.899967
103.237913,80.275821,22.962092,105.106331,82.312158,22.794174
103.231431,80.292383,22.939048,105.113979,82.244545,22.869433
103.098809,80.141637,22.957172,105.181706,82.336601,22.845105
102.991652,80.051984,22.939669,104.784225,81.937554,22.846670
102.903071,79.892529,23.010542,105.078751,82.162766,22.915985
102.830784,79.871829,22.958956,104.831025,81.981324,22.849701
102.756860,79.786294,22.970566,104.985062,82.091627,22.893436
102.753394,79.783848,22.969546,104.976433,82.070738,22.905695
102.667011,79.697960,22.969050,104.725760,81.826635,22.899125
102.512005,79.563079,22.948926,104.811062,81.843116,22.967945
102.408923,79.446014,22.962909,104.534885,81.722739,22.812147
102.427331,79.485065,22.942266,104.354059,81.514638,22.839421
102.267778,79.332101,22.935677,104.114515,81.277039,22.837476
102.175720,79.275608,22.900112,104.670774,81.875961,22.794812
102.222293,79.312999,22.909294,104.437152,81.537352,22.899801
102.135046,79.166060,22.968987,104.701513,81.857878,22.843635
102.011499,79.094820,22.916679,104.212721,81.396323,22.816398
102.029496,79.067752,22.961744,104.265862,81.475349,22.790513
101.950176,78.968067,22.982109,104.426652,81.621544,22.805108
101.903306,78.946471,22.956836,104.119659,81.196413,22.923246
101.798593,78.809603,22.988990,104.271843,81.405249,22.866594
101.728277,78.722057,23.006219,104.087759,81.273225,22.814535
101.732035,78.737988,22.994047,104.189056,81.337289,22.851766
101.660116,78.697782,22.962334,104.176547,81.385043,22.791504
101.645343,78.640432,23.004910,103.840096,80.975277,22.864819
101.589483,78.578582,23.010901,104.106953,81.191844,22.915109
101.491122,78.473545,23.017577,103.956270,81.047819,22.908451
101.428812,78.420876,23.007936,104.168523,81.281541,22.886983
101.322020,78.427277,22.894743,103.965603,81.084153,22.881450
101.320570,78.365610,22.954961,103.782300,80.941584,22.840717
101.336725,78.317125,23.019600,104.016883,81.122533,22.894349
101.202718,78.252447,22.950272,103.725445,80.985339,22.740106
101.188202,78.239963,22.948239,103.825772,80.916783,22.908989
101.179347,78.177418,23.001928,103.664218,80.720095,22.944123
101.004494,78.002352,23.002142,103.572182,80.717891,22.854291
100.995683,77.951743,23.043941,103.714223,80.839161,22.875062
100.993951,77.974840,23.019111,103.601923,80.710796,22.891128
100.946960,77.927774,23.019186,103.695470,80.756036,22.939433
101.064486,77.951211,23.113276,103.659195,80.568244,23.090951
100.871138,77.746668,23.124470,103.436755,80.506873,22.929882
100.702878,77.677865,23.025013,103.439307,80.511349,22.927958
100.749272,77.720973,23.028299,103.528059,80.751039,22.777021
100.731232,77.689205,23.042026,103.392129,80.483062,22.909067
100.599785,77.537991,23.061794,103.454544,80.537202,22.917342
100.587554,77.577457,23.010097,103.468201,80.569487,22.898714
100.641619,77.575095,23.066524,103.262110,80.346445,22.915666
100.465233,77.425446,23.039787,103.358255,80.482093,22.876162
100.443046,77.402319,23.040727,103.418227,80.457993,22.960234
100.523823,77.473572,23.050251,103.474426,80.491341,22.983085
100.494126,77.400216,23.093911,103.240694,80.231891,23.008803
100.405192,77.330673,23.074519,103.129738,80.137951,22.991786
100.360436,77.288475,23.071961,103.162575,80.181298,22.981277
100.376254,77.286481,23.089773,103.243082,80.244137,22.998945
100.358761,77.263767,23.094994,103.247392,80.205144,23.042248
100.295942,77.225784,23.070158,103.046252,80.096823,22.949429
100.256235,77.141671,23.114565,103.324124,80.332211,22.991913
100.220492,77.124704,23.095789,103.146123,80.160214,22.985909
100.287147,77.128896,23.158251,103.405851,80.346647,23.059204
100.286882,77.115936,23.170946,103.170728,80.111758,23.058971
100.164528,77.067362,23.097166,103.330740,80.390262,22.940478
100.074747,76.968592,23.106156,103.065188,80.032530,23.032658
100.071784,76.961200,23.110584,102.899653,79.900436,22.999217
100.050082,76.920361,23.129721,102.884105,79.819420,23.064685
99.995896,76.843140,23.152755,102.883614,79.860000,23.023615
99.914098,76.817998,23.096099,103.233841,80.185323,23.048518
99.973650,76.862738,23.110913,103.108276,80.110974,22.997302
99.930960,76.834420,23.096541,103.110125,80.055428,23.054698
99.838307,76.701452,23.136855,103.011760,79.982585,23.029176
99.869111,76.755481,23.113630,102.989678,79.923482,23.066196
99.912528,76.782830,23.129699,103.234992,80.133400,23.101592
99.857202,76.665253,23.191949,102.850363,79.803398,23.046966
99.736397,76.604782,23.131615,102.959107,79.986639,22.972468
99.785274,76.643053,23.142221,103.101619,80.033629,23.067990
99.732655,76.582651,23.150003,102.949912,79.835089,23.114824
99.762165,76.612824,23.149341,102.714750,79.771116,22.943634
99.679692,76.537728,23.141964,102.832855,79.806575,23.026280
99.729174,76.596435,23.132740,103.137257,80.145912,22.991346
99.684972,76.565553,23.119419,102.662455,79.676208,22.986247
99.552233,76.420467,23.131765,102.963185,79.955467,23.007717
99.557510,76.419739,23.137770,102.728301,79.706901,23.021400
99.521194,76.410362,23.110832,102.879014,79.986699,22.892315
99.491553,76.398012,23.093542,102.792499,79.845645,22.946854
99.530163,76.443040,23.087123,102.754581,79.781218,22.973363
99.441256,76.326391,23.114865,102.837587,79.946409,22.891177
99.398854,76.358423,23.040431,103.103556,80.129971,22.973585
99.520137,76.371378,23.148758,102.734868,79.699074,23.035795
99.395355,76.277779,23.117576,102.745022,79.745308,22.999714
99.416233,76.326421,23.089811,102.858383,79.879617,22.978766
99.422046,76.228777,23.193269,102.642774,79.644562,22.998213
99.274499,76.150672,23.123827,102.626271,79.668367,22.957904
99.266327,76.180555,23.085773,102.760845,79.766726,22.994119
