210.318142,202.807557,7.510585,191.108670,183.157006,7.951664
180.880108,173.279951,7.600157,170.010633,162.593923,7.416710
163.698025,156.196996,7.501030,159.645116,152.138205,7.506910
156.751997,149.332035,7.419962,153.925038,146.485794,7.439243
152.664978,145.266327,7.398651,150.278028,142.840808,7.437220
149.835910,142.438805,7.397105,147.052023,139.761153,7.290870
146.533899,139.327925,7.205974,144.112408,137.173743,6.938665
143.583578,136.545588,7.037989,142.220733,135.146742,7.073990
141.751416,134.663171,7.088246,140.787887,133.695718,7.092169
140.105488,133.029014,7.076474,139.457220,132.436618,7.020602
138.601525,131.592069,7.009456,137.799649,130.774296,7.025353
137.522520,130.482029,7.040491,136.803916,129.719398,7.084519
136.484435,129.439817,7.044618,136.097264,129.040711,7.056553
135.775575,128.722300,7.053276,135.610710,128.539895,7.070814
135.104489,128.083916,7.020573,134.256972,127.227189,7.029782
134.282618,127.283111,6.999507,133.888029,126.914810,6.973219
133.755722,126.776406,6.979316,133.280997,126.292991,6.988007
133.056429,126.052198,7.004231,132.815825,125.805141,7.010683
132.657612,125.681151,6.976462,132.455957,125.531760,6.924198
132.095115,125.129375,6.965740,131.485488,124.513163,6.972326
131.559302,124.565449,6.993853,130.995716,123.985165,7.010551
131.125859,124.125013,7.000846,131.158945,124.164261,6.994684
130.871033,123.857613,7.013420,131.094066,124.097221,6.996845
130.469026,123.439319,7.029707,130.157006,123.099648,7.057358
130.198751,123.166989,7.031762,129.853334,122.819493,7.033841
129.915613,122.881189,7.034424,129.674075,122.672640,7.001435
129.728906,122.693426,7.035480,129.869760,122.843579,7.026180
129.540346,122.489842,7.050504,129.579418,122.522295,7.057124
129.195413,122.130257,7.065156,129.375045,122.307976,7.067069
128.905272,121.818182,7.087090,128.919584,121.825291,7.094293
128.850824,121.782258,7.068566,128.801698,121.787866,7.013831
128.711224,121.629224,7.082000,128.757373,121.664389,7.092984
128.577666,121.489465,7.088200,128.881087,121.817082,7.064005
128.324302,121.226187,7.098115,128.771189,121.700902,7.070288
128.113260,121.017667,7.095593,128.558390,121.494204,7.064186
128.058289,120.960325,7.097964,128.378574,121.307952,7.070622
127.914346,120.812006,7.102340,128.043811,120.941361,7.102450
127.702538,120.588501,7.114038,128.114053,121.051778,7.062275
127.651828,120.546876,7.104952,127.980390,120.868939,7.111451
127.429424,120.303908,7.125516,127.863561,120.768726,7.094835
127.308024,120.187714,7.120310,127.935770,120.827960,7.107809
127.276788,120.149926,7.126862,127.695783,120.609069,7.086714
127.144411,120.018575,7.125836,128.016888,120.919698,7.097190
127.127816,120.012012,7.115805,127.495463,120.386763,7.108700
127.022197,119.900084,7.122113,127.587002,120.470524,7.116478
126.890323,119.762091,7.128233,127.385601,120.303515,7.082086
126.821028,119.699712,7.121316,127.385564,120.276121,7.109442
126.658111,119.527089,7.131023,127.322008,120.203380,7.118629
126.537699,119.382060,7.155638,127.506346,120.401626,7.104721
126.615509,119.478541,7.136968,127.214489,120.087960,7.126529
126.477644,119.325085,7.152559,127.100238,119.983386,7.116853
126.330570,119.167714,7.162856,127.246364,120.094410,7.151954
126.248450,119.084474,7.163976,126.926255,119.793321,7.132934
126.263405,119.104133,7.159271,126.950430,119.806092,7.144338
126.116082,118.941913,7.174168,126.767920,119.624026,7.143894
126.045164,118.892183,7.152982,126.695828,119.567198,7.128630
126.008176,118.854049,7.154127,126.773953,119.641636,7.132317
125.957753,118.817860,7.139893,126.896468,119.796357,7.100111
125.879209,118.725430,7.153779,127.330966,120.216923,7.114043
125.868554,118.694929,7.173625,126.727903,119.578093,7.149810
125.677234,118.508543,7.168692,126.728111,119.597972,7.130140
125.599552,118.412452,7.187100,126.850735,119.693353,7.157382
125.637713,118.451525,7.186188,126.740663,119.590519,7.150144
125.471554,118.303973,7.167581,126.800360,119.671811,7.128549
125.555009,118.368727,7.186282,126.682847,119.524809,7.158038
125.423285,118.245744,7.177541,126.743791,119.600232,7.143558
125.376509,118.195378,7.181131,126.601187,119.461373,7.139814
125.341465,118.164722,7.176743,126.559818,119.405657,7.154161
125.244196,118.069483,7.174712,126.893857,119.787924,7.105934
125.184405,117.993620,7.190784,126.356433,119.185908,7.170526
125.076804,117.876358,7.200446,126.422967,119.294670,7.128296
125.128974,117.939251,7.189722,126.402831,119.247701,7.155130
124.985837,117.796695,7.189142,126.512191,119.410272,7.101919
125.037524,117.867013,7.170510,126.532044,119.409790,7.122254
125.005030,117.838005,7.167025,126.318071,119.182981,7.135090
125.004904,117.813115,7.191790,126.514588,119.363436,7.151152
124.908455,117.698135,7.210319,126.420232,119.267020,7.153212
124.829095,117.633389,7.195706,126.132380,118.982838,7.149542
124.773584,117.584489,7.189095,126.431842,119.284265,7.147578
124.779314,117.587787,7.191527,126.419157,119.299217,7.119941
124.766426,117.566442,7.199984,125.936969,118.746073,7.190896
124.554159,117.335914,7.218245,126.069307,118.892685,7.176622
124.550718,117.348157,7.202561,126.001958,118.849630,7.152329
124.548723,117.353017,7.195706,126.215819,119.071138,7.144681
124.502438,117.305611,7.196828,126.084581,118.910817,7.173764
124.530699,117.331735,7.198964,125.871821,118.720404,7.151417
124.475542,117.271857,7.203685,125.673448,118.504128,7.169320
124.374216,117.171548,7.202668,126.090303,118.946139,7.144164
124.409478,117.205423,7.204055,126.085630,118.910283,7.175347
124.339229,117.131709,7.207520,125.798478,118.632413,7.166065
124.274810,117.047242,7.227568,125.515163,118.334289,7.180874
124.287109,117.073060,7.214049,126.044927,118.896815,7.148112
124.306319,117.078838,7.227482,125.797311,118.613857,7.183454
124.187791,116.957700,7.230092,125.758297,118.570016,7.188282
124.159893,116.934851,7.225042,125.716071,118.535059,7.181013
124.182222,116.953712,7.228510,125.420381,118.215808,7.204574
124.087109,116.837535,7.249574,125.707441,118.519305,7.188136
124.131932,116.907504,7.224428,125.574545,118.402883,7.171662
124.095862,116.889586,7.206276,125.613976,118.450861,7.163115
123.979814,116.767137,7.212678,125.553589,118.376837,7.176752
124.035189,116.816951,7.218237,125.489074,118.305081,7.183993
123.935276,116.713685,7.221591,125.678477,118.507469,7.171008
124.025942,116.801798,7.224143,125.722619,118.545865,7.176754
123.951549,116.732131,7.219418,125.492076,118.322180,7.169897
123.901677,116.674972,7.226706,125.483921,118.302737,7.181184
123.792224,116.553805,7.238419,125.672921,118.494308,7.178613
123.821760,116.572724,7.249037,125.311980,118.101520,7.210460
123.663358,116.425236,7.238122,125.890312,118.718671,7.171641
123.836941,116.597243,7.239698,125.829519,118.643143,7.186376
123.767135,116.531253,7.235882,125.736029,118.566716,7.169313
123.807736,116.568799,7.238937,125.284162,118.085374,7.198788
123.692106,116.444923,7.247183,125.399907,118.186479,7.213428
123.730109,116.473140,7.256969,125.118691,117.898032,7.220660
123.620833,116.373994,7.246839,125.384987,118.201421,7.183566
123.557710,116.310122,7.247588,125.127470,117.966331,7.161138
123.519256,116.284433,7.234823,125.188527,117.983243,7.205284
123.532045,116.291790,7.240255,125.316786,118.151750,7.165035
123.536696,116.292791,7.243905,125.044146,117.827659,7.216486
123.512153,116.261183,7.250971,125.580216,118.410463,7.169753
123.537830,116.291848,7.245982,125.163095,117.978499,7.184596
123.515138,116.270568,7.244571,125.418114,118.197686,7.220428
123.404409,116.147453,7.256957,125.362418,118.180282,7.182136
123.481495,116.234026,7.247469,125.617889,118.424033,7.193857
123.482501,116.227357,7.255144,125.256584,118.028409,7.228175
123.327154,116.060547,7.266607,124.919557,117.726894,7.192662
123.324543,116.063906,7.260637,124.980620,117.774486,7.206134
123.391522,116.125689,7.265833,125.129807,117.921545,7.208262
123.165824,115.905265,7.260558,125.083769,117.888651,7.195119
123.275260,116.010808,7.264452,125.074487,117.852481,7.222006
123.354775,116.095887,7.258888,125.253792,118.061959,7.191834
123.262863,115.993496,7.269367,124.928540,117.714936,7.213603
123.269895,116.009808,7.260088,125.455988,118.261233,7.194755
123.293714,116.026951,7.266763,125.104609,117.893487,7.211122
123.298515,116.027038,7.271477,125.270039,118.063683,7.206355
123.209454,115.933646,7.275808,125.510330,118.299554,7.210777
123.233280,115.969190,7.264090,125.038558,117.846755,7.191803
123.169740,115.902731,7.267009,125.093506,117.877606,7.215900
123.178442,115.914595,7.263847,125.281165,118.076429,7.204737
123.237349,115.966035,7.271314,124.917631,117.700386,7.217245
123.178325,115.916704,7.261621,125.288128,118.082413,7.205715
123.140068,115.859121,7.280947,125.169289,117.960560,7.208730
123.042312,115.768049,7.274263,124.573685,117.352266,7.221419
123.140207,115.883715,7.256492,124.998940,117.788742,7.210199
123.113356,115.845507,7.267849,124.976686,117.756928,7.219759
122.982480,115.707735,7.274746,125.247353,118.039325,7.208028
123.001531,115.736668,7.264863,125.304354,118.119350,7.185004
122.977509,115.710946,7.266563,125.232225,118.039745,7.192481
123.058778,115.788290,7.270488,125.361562,118.129891,7.231671
123.023226,115.735115,7.288111,125.104310,117.893582,7.210729
122.878546,115.602077,7.276470,124.728240,117.522057,7.206182
122.810336,115.537325,7.273011,124.935166,117.733282,7.201884
122.832497,115.552714,7.279783,125.148970,117.924616,7.224354
122.928819,115.629406,7.299413,125.195798,117.958135,7.237663
122.804158,115.511930,7.292228,124.720976,117.493136,7.227840
122.895658,115.604596,7.291062,125.046108,117.811787,7.234320
122.773015,115.476862,7.296153,124.762169,117.515677,7.246492
122.768874,115.478115,7.290759,125.232405,117.998308,7.234097
122.745571,115.466636,7.278936,125.041299,117.810545,7.230753
122.765404,115.463014,7.302389,124.912391,117.662568,7.249823
122.742806,115.453239,7.289568,124.945191,117.722008,7.223183
