269.062279,252.343938,16.718341,211.329825,190.384978,20.944846
204.237598,182.060905,22.176693,191.553434,168.179601,23.373833
181.200825,156.467524,24.733301,170.162049,144.088248,26.073801
165.283374,139.234678,26.048696,159.708488,133.639826,26.068662
156.474583,129.988165,26.486418,151.962793,125.333770,26.629024
150.184572,123.297361,26.887211,147.167958,120.136730,27.031228
146.262331,119.082126,27.180205,143.728755,116.405659,27.323095
143.266163,115.981469,27.284694,141.140827,113.853412,27.287415
141.022192,113.658688,27.363504,139.352923,111.871961,27.480963
139.324610,111.926439,27.398171,137.837762,110.348769,27.488994
137.905690,110.517075,27.388615,136.642144,109.246253,27.395891
136.629167,109.269420,27.359747,135.253054,107.914286,27.338769
135.487955,108.157566,27.330390,133.941179,106.722091,27.219089
134.449114,107.163818,27.285297,133.358394,106.043298,27.315097
133.421766,106.208587,27.213179,132.304966,105.141570,27.163396
132.555797,105.459381,27.096416,131.464633,104.373583,27.091050
131.734677,104.687426,27.047251,130.864948,103.707458,27.157489
130.911645,103.963543,26.948102,130.059058,103.155497,26.903561
130.090028,103.260042,26.829987,129.535483,102.810432,26.725051
129.372958,102.660984,26.711974,129.015509,102.426626,26.588883
128.738261,102.174862,26.563399,128.102963,101.637116,26.465847
127.993061,101.563101,26.429961,127.455360,101.089939,26.365421
127.354631,101.030777,26.323854,126.852445,100.607230,26.245215
126.786760,100.562654,26.224107,126.580989,100.468999,26.111989
126.210169,100.047028,26.163140,125.827997,99.804578,26.023418
125.661920,99.586832,26.075088,125.125635,99.220246,25.905388
125.177703,99.242462,25.935241,125.195963,99.428752,25.767212
124.688054,98.861626,25.826427,124.684173,98.811546,25.872627
124.153823,98.391232,25.762592,124.345191,98.776809,25.568382
123.753945,98.076088,25.677856,123.758729,98.182763,25.575966
123.340768,97.671604,25.669165,123.371845,97.858220,25.513624
122.858700,97.299582,25.559118,122.710767,97.190408,25.520359
122.488228,96.991701,25.496526,122.708288,97.227132,25.481157
122.048178,96.677609,25.370569,121.980757,96.632149,25.348608
121.721305,96.405676,25.315629,121.830239,96.578627,25.251613
121.254434,95.969575,25.284859,121.393664,96.208199,25.185466
120.889270,95.726040,25.163230,120.897436,95.809228,25.088208
120.465995,95.407573,25.058422,120.786142,95.797663,24.988478
120.264829,95.312686,24.952143,120.391498,95.570604,24.820894
119.837776,94.947667,24.890109,119.977793,95.196270,24.781523
119.538264,94.718950,24.819314,119.725890,94.938553,24.787338
119.156835,94.474192,24.682643,119.653722,95.239959,24.413764
118.941336,94.348585,24.592751,119.094038,94.561167,24.532872
118.525543,93.999757,24.525786,119.040894,94.624302,24.416592
118.255219,93.824793,24.430427,118.540607,94.212342,24.328266
117.994034,93.705543,24.288491,118.972344,95.034703,23.937641
117.732324,93.490243,24.242080,118.105746,93.850572,24.255173
117.328044,93.208821,24.119223,117.879932,93.917751,23.962181
117.033047,93.007478,24.025570,117.596503,93.698835,23.897669
116.746686,92.767854,23.978832,117.348475,93.495455,23.853020
116.516873,92.665020,23.851852,117.270824,93.542537,23.728286
116.213938,92.440931,23.773007,116.904034,93.269981,23.634053
115.961214,92.214033,23.747181,116.602902,92.995937,23.606966
115.698269,92.060809,23.637460,116.327886,92.930757,23.397128
115.452463,91.914434,23.538029,116.082560,92.742761,23.339800
115.110590,91.684931,23.425660,115.963988,92.563705,23.400284
114.845006,91.491145,23.353861,115.793190,92.633612,23.159578
114.665677,91.353826,23.311851,115.517277,92.295851,23.221425
114.377387,91.118226,23.259161,115.129953,92.053817,23.076137
114.147693,90.971586,23.176107,115.168950,92.099335,23.069615
113.941573,90.837505,23.104068,114.682252,91.665204,23.017048
113.783872,90.758137,23.025734,114.523167,91.685024,22.838143
113.413155,90.470115,22.943039,114.567455,91.796936,22.770519
113.245620,90.319418,22.926202,114.351833,91.445173,22.906660
113.036352,90.206874,22.829478,114.069587,91.378034,22.691554
112.809085,90.018423,22.790662,113.730441,91.227723,22.502718
112.703116,89.993451,22.709664,113.748410,91.137141,22.611269
112.451785,89.781926,22.669860,113.427030,90.921570,22.505461
112.279722,89.642508,22.637214,113.381296,90.737189,22.644107
112.077005,89.485626,22.591379,113.198396,90.753333,22.445063
111.852535,89.329627,22.522908,113.106503,90.853390,22.253113
111.708559,89.258251,22.450308,112.934936,90.685646,22.249290
111.566294,89.089566,22.476727,112.468092,90.173233,22.294858
111.376463,88.967848,22.408615,112.560325,90.321283,22.239042
111.178429,88.787480,22.390948,112.394964,90.155316,22.239648
111.031549,88.676138,22.355411,112.352752,90.082848,22.269905
110.930142,88.586706,22.343436,112.162323,90.000934,22.161390
110.744338,88.477320,22.267018,111.941443,89.832707,22.108735
110.568950,88.303247,22.265703,111.893275,89.850258,22.043018
110.404594,88.195874,22.208720,111.520027,89.450139,22.069888
110.337118,88.190149,22.146969,111.819095,89.658715,22.160380
110.175965,87.960773,22.215191,111.453531,89.364130,22.089401
110.053771,87.924661,22.129110,111.212421,89.331040,21.881382
109.833865,87.730369,22.103496,111.181882,89.174532,22.007351
109.728864,87.676289,22.052575,110.983209,89.030120,21.953089
109.691125,87.681524,22.009602,110.718249,88.903370,21.814879
109.420483,87.432743,21.987740,110.818260,88.985787,21.832473
109.313623,87.313868,21.999756,110.537695,88.648540,21.889155
109.169914,87.246150,21.923764,110.385083,88.616094,21.768989
109.062457,87.107310,21.955147,110.391598,88.508747,21.882851
108.889836,86.981830,21.908006,110.421558,88.543014,21.878545
108.799131,86.900633,21.898498,110.402877,88.794841,21.608037
108.786885,86.971474,21.815411,109.957156,88.192755,21.764401
108.676593,86.830132,21.846461,109.873968,88.295070,21.578899
108.544180,86.735296,21.808884,109.657956,87.956950,21.701006
108.381642,86.646439,21.735203,109.839184,88.167565,21.671620
108.306984,86.567969,21.739015,109.538360,87.921965,21.616394
108.271210,86.536960,21.734250,109.570912,88.004843,21.566068
108.115348,86.379178,21.736170,109.344360,87.751095,21.593266
107.969001,86.222139,21.746862,109.506770,87.966918,21.539851
107.873526,86.222718,21.650808,109.347724,87.859994,21.487729
107.693720,86.074828,21.618891,109.293695,87.829043,21.464651
107.737099,86.100346,21.636753,109.219549,87.696169,21.523380
107.530729,85.962091,21.568638,109.184058,87.793699,21.390359
107.453055,85.916248,21.536807,108.960348,87.686541,21.273807
107.435840,85.901192,21.534648,109.039002,87.579324,21.459677
107.179737,85.685385,21.494351,108.860558,87.545107,21.315452
107.157538,85.633812,21.523726,108.840514,87.485942,21.354572
107.112926,85.616398,21.496528,108.638508,87.206698,21.431810
106.977280,85.533667,21.443613,108.527428,87.239774,21.287655
106.926879,85.467988,21.458891,108.529298,87.279400,21.249898
106.848392,85.388031,21.460360,108.342123,87.086149,21.255974
106.701814,85.255110,21.446703,108.099179,86.786420,21.312758
106.630567,85.223134,21.407433,108.159119,86.990876,21.168243
106.567926,85.197282,21.370644,108.247702,87.092224,21.155478
106.459041,85.076377,21.382664,108.084474,86.812174,21.272299
106.231732,84.929036,21.302696,107.996373,86.849959,21.146414
106.300565,84.974059,21.326507,108.016860,86.769819,21.247041
106.197724,84.851798,21.345926,108.157076,86.934462,21.222614
106.106513,84.832023,21.274490,107.794781,86.745489,21.049292
106.061306,84.785589,21.275717,108.022406,86.860049,21.162358
105.969271,84.737174,21.232096,107.664864,86.556103,21.108761
105.909235,84.660299,21.248935,107.737113,86.539996,21.197117
105.748915,84.548903,21.200011,107.504401,86.481424,21.022977
105.659812,84.449807,21.210005,107.493470,86.418676,21.074795
105.664288,84.461277,21.203011,107.249824,86.262701,20.987123
105.531073,84.335221,21.195853,107.218295,86.050980,21.167314
105.501385,84.283913,21.217472,107.302263,86.303534,20.998729
105.458535,84.282556,21.175979,107.172883,86.197443,20.975440
105.344743,84.160520,21.184223,107.097870,86.085107,21.012763
105.260910,84.107367,21.153544,107.003376,86.100507,20.902870
105.206907,84.073106,21.133801,106.972000,86.052895,20.919105
105.088368,83.996123,21.092246,107.009518,86.142948,20.866570
105.031246,83.958644,21.072603,106.917118,85.930098,20.987020
104.908207,83.817916,21.090291,106.813478,86.046725,20.766753
104.911444,83.896115,21.015328,106.960146,86.011570,20.948576
104.890943,83.841987,21.048955,106.754809,85.942079,20.812730
104.803696,83.815028,20.988668,106.588051,85.799790,20.788261
104.731145,83.702067,21.029079,106.578032,85.639022,20.939010
104.619398,83.555642,21.063756,106.609371,85.719964,20.889406
104.599480,83.613344,20.986136,106.554685,85.649842,20.904843
104.506365,83.484264,21.022101,106.434753,85.624361,20.810392
104.494359,83.522091,20.972268,106.495056,85.697874,20.797182
104.470206,83.477772,20.992433,106.296212,85.415984,20.880229
104.305053,83.298984,21.006069,106.040102,85.279597,20.760505
104.280392,83.331612,20.948781,106.219999,85.490164,20.729835
104.159908,83.252668,20.907240,106.233873,85.418262,20.815610
104.118807,83.176098,20.942709,106.258888,85.456237,20.802651
104.066626,83.140821,20.925806,106.012577,85.304405,20.708172
104.096345,83.178184,20.918162,106.107891,85.372261,20.735630
104.041767,83.093102,20.948666,105.870581,85.136674,20.733907
103.892128,82.948083,20.944045,105.795179,85.019213,20.775966
103.775716,82.910144,20.865572,105.757945,85.076533,20.681412
103.781222,82.894881,20.886341,105.691427,84.860481,20.830946
103.750768,82.867742,20.883025,105.975435,85.197794,20.777641
103.736267,82.894163,20.842105,105.699305,85.077832,20.621473
103.674350,82.808143,20.866207,105.682101,85.037438,20.644664
103.550328,82.749822,20.800506,105.536676,84.865935,20.670741
103.488132,82.680260,20.807871,105.511227,84.831692,20.679535
103.477358,82.693316,20.784042,105.603505,84.990696,20.612808
