241.904255,238.128644,3.775611,191.422178,187.705668,3.716510
181.119092,174.264551,6.854541,167.027567,156.565064,10.462504
157.268879,144.823523,12.445356,148.993893,135.170846,13.823048
144.924600,130.050899,14.873701,139.489832,123.360709,16.129123
137.032874,120.032675,17.000199,133.518411,115.782592,17.735819
132.036841,113.657184,18.379657,128.971525,110.085495,18.886030
128.620140,109.418724,19.201416,126.652561,106.815774,19.836788
126.310563,106.597719,19.712844,124.488121,104.529266,19.958856
124.371263,104.210231,20.161032,123.064809,102.891850,20.172959
122.816360,102.369877,20.446482,121.553720,101.019545,20.534176
121.513596,100.874059,20.639537,120.332311,99.476669,20.855642
120.343933,99.486264,20.857669,119.718870,98.762097,20.956773
119.435664,98.417189,21.018475,118.734005,97.684399,21.049606
118.569076,97.410239,21.158836,117.916949,96.773865,21.143084
117.786487,96.438330,21.348157,117.558456,96.293888,21.264568
117.121302,95.665409,21.455893,116.752988,95.316091,21.436897
116.464120,95.032231,21.431889,116.144968,94.738377,21.406590
115.946738,94.411140,21.535598,115.659730,94.283964,21.375766
115.384595,93.745193,21.639402,115.478560,93.892646,21.585913
114.901378,93.244979,21.656399,114.800973,93.136994,21.663979
114.490280,92.746433,21.743847,114.595018,92.803369,21.791649
114.052647,92.263797,21.788851,114.125341,92.395997,21.729344
113.569662,91.716439,21.853223,113.938579,92.149755,21.788824
113.241405,91.378774,21.862631,113.443048,91.678660,21.764387
112.891623,91.056078,21.835545,113.431383,91.692304,21.739079
112.596033,90.652843,21.943190,113.063248,91.306650,21.756598
112.186890,90.288475,21.898415,112.752223,90.976522,21.775701
111.931638,89.937874,21.993764,112.497651,90.576722,21.920930
111.538937,89.558485,21.980452,111.729147,89.821893,21.907254
111.370029,89.349459,22.020571,112.140202,90.143619,21.996583
110.987741,88.983379,22.004362,111.657248,89.735642,21.921605
110.803749,88.747839,22.055910,111.470510,89.566815,21.903695
110.449227,88.441587,22.007640,111.173269,89.219197,21.954073
110.162482,88.101405,22.061077,110.969399,88.925210,22.044190
109.926550,87.805948,22.120602,110.609521,88.704813,21.904708
109.728086,87.630703,22.097383,110.545932,88.522654,22.023279
109.431079,87.375955,22.055124,110.295550,88.348307,21.947243
109.305618,87.230626,22.074993,110.014003,87.956992,22.057011
109.044441,86.897419,22.147022,109.695942,87.768845,21.927096
108.832818,86.774777,22.058041,109.818266,87.849310,21.968956
108.571644,86.469111,22.102533,109.361794,87.441658,21.920136
108.296286,86.192340,22.103946,109.378878,87.419394,21.959483
108.190094,86.100296,22.089798,109.281136,87.259573,22.021563
107.930554,85.849226,22.081329,109.325387,87.427224,21.898163
107.793366,85.671709,22.121658,108.841975,86.883750,21.958225
107.613398,85.529250,22.084148,109.005802,86.995931,22.009871
107.341089,85.256711,22.084378,108.599178,86.606833,21.992345
107.239983,85.122318,22.117665,108.384361,86.381749,22.002613
106.977004,84.835676,22.141329,108.254078,86.290978,21.963100
106.845670,84.721901,22.123769,108.204127,86.170600,22.033526
106.742211,84.633402,22.108809,108.033669,86.022305,22.011365
106.558183,84.421637,22.136546,107.936226,85.754790,22.181436
106.383175,84.293690,22.089485,107.787593,85.792791,21.994802
106.244223,84.160263,22.083960,107.673152,85.628156,22.044997
106.054483,83.967396,22.087087,107.440525,85.447462,21.993063
105.860290,83.757984,22.102306,107.174034,85.115274,22.058760
105.820289,83.696876,22.123414,107.151766,85.145712,22.006054
105.620121,83.496759,22.123362,106.963112,84.921631,22.041482
105.470472,83.392906,22.077567,107.170539,85.241775,21.928764
105.299752,83.270379,22.029373,106.636419,84.732523,21.903896
105.141030,83.075601,22.065429,106.481684,84.518695,21.962990
104.992313,82.877711,22.114602,106.559908,84.537205,22.022703
104.925224,82.794483,22.130741,106.618771,84.592413,22.026358
104.759985,82.695393,22.064592,106.418658,84.518625,21.900033
104.755447,82.633900,22.121547,106.371957,84.278517,22.093441
104.549116,82.383959,22.165157,106.118169,84.162220,21.955949
104.451327,82.349380,22.101947,106.108551,84.114013,21.994538
104.351722,82.280404,22.071319,105.814802,83.892791,21.922011
104.291804,82.183879,22.107925,105.998255,84.024453,21.973802
104.093954,81.912513,22.181441,105.896084,83.782843,22.113242
104.080248,81.931747,22.148500,105.608809,83.595831,22.012979
103.915411,81.856752,22.058659,105.708288,83.800325,21.907963
103.866025,81.712378,22.153647,105.566490,83.537950,22.028540
103.668700,81.591196,22.077504,105.647009,83.735551,21.911458
103.624157,81.564357,22.059800,105.613790,83.699801,21.913990
103.525617,81.414433,22.111184,105.342525,83.376253,21.966272
103.413583,81.345584,22.067999,105.296155,83.333077,21.963078
103.372318,81.258640,22.113678,105.225184,83.258737,21.966446
103.224699,81.189397,22.035303,105.267173,83.338120,21.929054
103.197486,81.131132,22.066355,105.178170,83.144528,22.033642
103.113317,81.029458,22.083859,105.062845,83.043827,22.019017
103.024806,80.943571,22.081235,104.909953,83.027227,21.882726
102.943345,80.892665,22.050680,105.225558,83.274780,21.950778
102.870668,80.793475,22.077193,104.811072,82.872526,21.938547
102.806874,80.733241,22.073633,104.715145,82.872161,21.842983
102.694068,80.639399,22.054669,105.036989,83.041263,21.995727
102.624668,80.546244,22.078424,104.648292,82.683618,21.964674
102.599825,80.586693,22.013132,104.735680,82.776863,21.958818
102.500513,80.516679,21.983834,104.784116,82.708727,22.075390
102.474042,80.416337,22.057705,104.493412,82.645790,21.847621
102.365142,80.329529,22.035612,104.206951,82.291913,21.915039
102.291985,80.227326,22.064659,104.555635,82.574264,21.981371
102.202561,80.151558,22.051003,104.354825,82.491187,21.863638
102.178862,80.183582,21.995280,104.401727,82.604612,21.797116
102.107194,80.122608,21.984586,104.747705,82.887211,21.860495
101.974692,79.971189,22.003503,104.003516,82.196892,21.806624
101.950351,79.951899,21.998452,104.235632,82.348907,21.886725
101.901877,79.859049,22.042827,103.907126,82.090989,21.816137
101.892749,79.790725,22.102023,104.091562,82.156168,21.935395
101.826114,79.756075,22.070040,103.973462,82.092963,21.880500
101.682131,79.640108,22.042022,104.035704,82.138003,21.897701
101.715719,79.680096,22.035624,104.046937,82.157161,21.889775
101.572127,79.551143,22.020985,103.846988,81.908664,21.938324
101.499850,79.483020,22.016831,103.796912,81.906936,21.889977
101.430124,79.401306,22.028818,103.879399,82.026269,21.853130
101.459993,79.447673,22.012321,104.046864,82.124934,21.921930
101.374647,79.380485,21.994162,104.208502,82.247189,21.961313
101.288370,79.337170,21.951200,103.767651,81.998093,21.769558
101.372577,79.353746,22.018830,103.815337,81.822238,21.993100
101.204321,79.201252,22.003069,103.614311,81.829764,21.784547
101.195599,79.183521,22.012078,103.847173,81.928646,21.918527
101.120832,79.072835,22.047997,103.660282,81.696507,21.963776
101.070721,79.045188,22.025532,103.470625,81.591389,21.879236
101.102169,79.053927,22.048243,103.734184,81.817995,21.916189
101.054574,78.944602,22.109973,103.581014,81.551496,22.029518
100.979566,78.926704,22.052862,103.459721,81.642487,21.817234
100.866036,78.821226,22.044810,103.573190,81.724752,21.848439
100.893758,78.896414,21.997344,103.434437,81.501761,21.932676
100.791506,78.741392,22.050114,103.346330,81.454990,21.891340
100.734266,78.700652,22.033615,103.319665,81.417717,21.901948
100.691146,78.656768,22.034379,103.501218,81.612472,21.888746
100.747115,78.696623,22.050491,103.291120,81.324387,21.966733
100.629296,78.598519,22.030777,103.429567,81.476371,21.953196
100.667009,78.614455,22.052554,103.275955,81.327759,21.948196
100.515166,78.503770,22.011396,103.265288,81.447802,21.817486
100.597525,78.614453,21.983072,103.075880,81.209947,21.865933
100.569187,78.501913,22.067274,103.389579,81.444018,21.945561
100.501847,78.441468,22.060379,103.251400,81.320823,21.930577
100.380405,78.329810,22.050594,103.183072,81.360317,21.822755
100.451873,78.449213,22.002659,102.944764,81.130478,21.814286
100.334422,78.354256,21.980166,103.203969,81.403166,21.800803
100.290385,78.253010,22.037375,103.210453,81.405279,21.805174
100.379707,78.299744,22.079963,103.177935,81.310958,21.866977
100.260261,78.198095,22.062167,103.022407,81.163706,21.858701
100.223896,78.165050,22.058846,103.220690,81.259632,21.961058
100.234941,78.200210,22.034731,103.003247,81.038762,21.964485
100.162947,78.150007,22.012940,103.132147,81.277528,21.854619
100.160128,78.122997,22.037131,102.984034,81.214763,21.769271
100.180284,78.114774,22.065510,102.824988,80.990881,21.834106
100.034361,77.967844,22.066517,102.841235,80.941582,21.899653
99.982721,77.983344,21.999378,102.962049,81.136088,21.825960
100.033872,78.028249,22.005624,103.293657,81.339234,21.954422
99.953009,77.965452,21.987557,103.079611,81.344719,21.734893
99.910464,77.908959,22.001505,102.874299,81.091922,21.782377
99.946946,77.978920,21.968026,103.021602,81.234495,21.787107
99.968967,77.959893,22.009075,103.056783,81.251242,21.805542
99.944092,77.898043,22.046049,102.929135,81.131773,21.797363
99.921710,77.878648,22.043063,102.929102,81.035921,21.893182
99.863296,77.812156,22.051140,102.648521,80.868274,21.780247
99.895328,77.847570,22.047757,102.811433,81.117249,21.694184
99.804170,77.784895,22.019275,102.985482,81.111391,21.874091
99.736611,77.690710,22.045901,102.834738,80.936052,21.898686
99.692375,77.646614,22.045760,102.677402,80.803410,21.873992
99.646702,77.603978,22.042724,102.726210,80.904674,21.821536
99.622058,77.616520,22.005538,102.810760,80.951460,21.859300
99.607205,77.528226,22.078979,102.561958,80.786758,21.775200
99.569259,77.490425,22.078834,102.815120,80.878483,21.936637
99.531337,77.507017,22.024320,102.802396,80.926757,21.875639
99.521386,77.501917,22.019469,102.777203,80.864122,21.913080
99.513202,77.429272,22.083930,102.639759,80.834268,21.805491
