257.800297,255.302297,2.498000,198.568731,196.105615,2.463116
193.244437,190.090965,3.153472,189.662868,186.196279,3.466589
182.251014,176.075903,6.175111,173.270645,164.637826,8.632818
165.070096,154.427772,10.642325,157.446997,145.501510,11.945486
153.189790,139.816604,13.373186,148.592572,134.508647,14.083924
146.203058,131.158652,15.044405,143.138562,127.094238,16.044323
140.808862,124.271648,16.537214,137.713749,120.770801,16.942947
136.553882,118.788651,17.765232,134.197901,115.606222,18.591678
133.233345,114.473632,18.759714,131.187421,112.202434,18.984987
130.754713,111.314270,19.440443,129.576213,109.938665,19.637547
128.899415,108.866373,20.033042,127.296592,107.348622,19.947969
127.329766,107.000139,20.329627,126.087869,105.356565,20.731303
126.182328,105.466537,20.715790,125.532758,104.659306,20.873453
125.125631,104.124152,21.001479,124.203122,103.239921,20.963202
124.220590,103.031703,21.188887,123.478156,102.238221,21.239935
123.317172,101.888612,21.428561,123.221518,101.742969,21.478549
122.667938,101.014689,21.653250,122.009897,100.160254,21.849643
121.950653,100.062413,21.888240,121.404703,99.685945,21.718757
121.283363,99.407733,21.875630,121.146714,99.179173,21.967541
120.816130,98.756961,22.059169,120.558790,98.408288,22.150502
120.260305,98.055718,22.204586,120.284868,97.993068,22.291800
119.762696,97.364703,22.397992,119.893680,97.569109,22.324571
119.300942,96.850281,22.450661,119.765739,97.324569,22.441170
118.927641,96.410021,22.517620,119.607999,97.094317,22.513682
118.608127,96.005708,22.602419,119.198796,96.635476,22.563320
118.191945,95.533169,22.658775,118.714949,95.926393,22.788555
117.943433,95.134445,22.808989,118.136694,95.552398,22.584296
117.607488,94.758909,22.848579,118.113690,95.329048,22.784641
117.179633,94.268260,22.911373,117.980464,95.124266,22.856198
116.963002,93.901789,23.061213,117.705702,94.646019,23.059683
116.723442,93.636652,23.086790,117.430018,94.512478,22.917540
116.464210,93.386285,23.077925,117.265986,94.090523,23.175464
116.234353,93.053581,23.180772,116.958511,93.972131,22.986380
115.983654,92.752987,23.230667,116.780880,93.639795,23.141085
115.722258,92.435161,23.287098,116.608251,93.490465,23.117786
115.364059,92.003804,23.360255,116.393314,93.222561,23.170753
115.268050,91.841317,23.426733,116.302244,92.992307,23.309937
115.034079,91.592275,23.441804,115.959295,92.801589,23.157707
114.788041,91.419460,23.368581,115.945375,92.729391,23.215984
114.648453,91.181521,23.466931,115.732588,92.401522,23.331067
114.445706,90.928061,23.517645,115.786233,92.434473,23.351760
114.206197,90.661327,23.544871,115.505965,92.099093,23.406872
114.085914,90.492610,23.593304,115.539007,92.158321,23.380685
113.947555,90.318335,23.629220,115.400335,92.010800,23.389536
113.712735,90.090941,23.621794,115.124033,91.653915,23.470118
113.523103,89.823026,23.700078,115.113228,91.611534,23.501694
113.508328,89.736640,23.771688,115.035708,91.434251,23.601457
113.284669,89.527512,23.757156,114.972481,91.581160,23.391321
113.215760,89.404890,23.810870,114.731068,91.166480,23.564588
113.025059,89.119569,23.905490,114.792050,91.141091,23.650959
112.837849,88.991081,23.846769,114.762567,91.183265,23.579303
112.814658,88.875752,23.938906,114.547551,90.865103,23.682448
112.611696,88.662495,23.949202,114.421513,90.687742,23.733771
112.529891,88.505987,24.023905,114.059817,90.347510,23.712307
112.421498,88.386661,24.034836,114.457807,90.672907,23.784900
112.228443,88.198901,24.029542,114.201559,90.390139,23.811420
112.109252,88.086702,24.022550,114.544879,90.770355,23.774525
112.010249,88.005461,24.004788,114.074755,90.292342,23.782412
111.864950,87.809735,24.055215,113.906500,89.965037,23.941463
111.854891,87.670923,24.183968,113.856312,89.959025,23.897287
111.629903,87.482811,24.147092,113.801658,89.877367,23.924291
111.542982,87.418182,24.124799,113.763277,89.926292,23.836986
111.455913,87.303182,24.152731,113.653656,89.710266,23.943390
111.361731,87.155611,24.206120,113.476782,89.621969,23.854813
111.161418,86.996676,24.164743,113.535205,89.493986,24.041219
111.154000,86.910082,24.243918,113.694349,89.778195,23.916155
111.056376,86.806856,24.249520,113.712141,89.718447,23.993693
110.955318,86.689381,24.265936,113.306699,89.265967,24.040732
110.921712,86.533854,24.387858,113.441950,89.374190,24.067761
110.800092,86.459247,24.340845,113.490737,89.504076,23.986661
110.726853,86.318485,24.408368,113.215099,89.165988,24.049112
110.564485,86.269663,24.294822,113.503460,89.520743,23.982717
110.580271,86.200223,24.380049,113.111955,89.081963,24.029992
110.468737,86.102633,24.366104,113.263887,89.162437,24.101450
110.418931,85.931268,24.487663,113.486613,89.299418,24.187195
110.348675,85.858665,24.490010,113.231317,88.952130,24.279186
110.188799,85.704701,24.484097,112.952250,88.836131,24.116119
110.060195,85.643080,24.417115,113.197594,88.954116,24.243478
110.085713,85.558536,24.527178,113.195078,88.957744,24.237334
109.995846,85.453436,24.542410,113.044245,88.779747,24.264498
109.912318,85.423192,24.489126,112.698764,88.528547,24.170216
109.789196,85.207629,24.581567,113.062662,88.844287,24.218376
109.731104,85.171229,24.559875,112.987470,88.682777,24.304694
109.720847,85.158827,24.562020,112.737388,88.526746,24.210641
109.611458,85.014220,24.597238,112.526289,88.250412,24.275877
109.489987,84.881949,24.608038,112.559089,88.269333,24.289755
109.455384,84.846168,24.609216,112.662105,88.470240,24.191865
109.379994,84.762728,24.617266,112.952998,88.597272,24.355726
109.345786,84.704247,24.641539,112.636630,88.184347,24.452283
109.272219,84.571907,24.700313,112.603868,88.241614,24.362254
109.216540,84.496350,24.720191,112.551121,88.191390,24.359731
109.224283,84.500610,24.723673,112.713844,88.303334,24.410509
108.961445,84.262840,24.698605,112.652780,88.221453,24.431327
109.010516,84.303060,24.707456,112.596133,88.209049,24.387085
108.902837,84.181255,24.721582,112.555711,88.083168,24.472542
108.899745,84.096793,24.802952,112.570293,88.018606,24.551688
108.867458,84.070141,24.797316,112.564093,88.102010,24.462084
108.755803,83.999663,24.756139,112.536746,88.077434,24.459312
108.739364,83.926728,24.812637,112.370098,87.999158,24.370940
108.610029,83.832313,24.777717,112.300642,87.866335,24.434307
108.659242,83.842751,24.816491,112.206555,87.724675,24.481880
108.533088,83.683890,24.849198,112.454475,88.068598,24.385877
108.535681,83.709550,24.826131,112.342504,87.637353,24.705151
108.385054,83.467131,24.917923,112.257536,87.783985,24.473551
108.318405,83.488990,24.829416,112.196773,87.629161,24.567612
108.237358,83.370955,24.866403,112.371300,87.836825,24.534475
108.305033,83.393946,24.911087,112.226890,87.686005,24.540886
108.205186,83.337579,24.867607,112.260011,87.721358,24.538654
108.122735,83.264698,24.858036,112.301611,87.723524,24.578088
108.213984,83.342299,24.871685,112.132724,87.618312,24.514412
108.036523,83.153671,24.882853,112.145844,87.642416,24.503428
108.008650,83.079209,24.929442,112.249119,87.614332,24.634788
107.894903,82.952514,24.942388,112.281496,87.707865,24.573631
107.847937,82.932126,24.915810,112.113023,87.676481,24.436542
107.913848,82.996667,24.917182,112.416837,87.817955,24.598883
107.918343,82.950292,24.968051,112.149750,87.498736,24.651014
107.778343,82.842606,24.935737,112.013664,87.494525,24.519139
107.802038,82.820397,24.981640,111.930040,87.307680,24.622360
107.653216,82.677431,24.975786,111.895801,87.287629,24.608172
107.649967,82.659929,24.990038,112.005834,87.478763,24.527071
107.532632,82.538925,24.993708,112.168990,87.527286,24.641704
107.611646,82.606559,25.005088,112.247379,87.517360,24.730019
107.497163,82.483980,25.013183,111.976539,87.509546,24.466993
107.461368,82.511151,24.950217,111.887085,87.267062,24.620023
107.395716,82.341963,25.053753,111.866391,87.107213,24.759178
107.367504,82.284164,25.083340,111.921295,87.291253,24.630042
107.287718,82.242472,25.045245,111.795493,87.038491,24.757002
107.290477,82.138250,25.152227,111.823431,87.137637,24.685794
107.290117,82.193470,25.096646,111.744695,87.084205,24.660490
107.207365,82.113243,25.094122,111.893624,87.317309,24.576315
107.174356,82.030332,25.144023,111.816659,87.020787,24.795872
107.125755,81.949232,25.176524,111.832333,87.034272,24.798062
107.096727,81.984720,25.112007,111.936598,87.171301,24.765296
107.097483,81.943717,25.153766,111.883440,87.095113,24.788327
106.977981,81.808357,25.169624,111.836907,87.118973,24.717934
106.994321,81.790744,25.203576,111.730737,86.814172,24.916565
107.026259,81.808626,25.217633,111.923180,87.045688,24.877492
106.890266,81.653030,25.237236,111.937664,87.146239,24.791425
106.787536,81.585185,25.202351,111.798847,87.043307,24.755540
106.805686,81.642965,25.162722,111.874247,87.145143,24.729104
106.835215,81.584019,25.251196,111.818806,86.921909,24.896898
106.751723,81.494810,25.256913,111.976885,87.175214,24.801671
106.718974,81.508901,25.210073,111.776186,86.885577,24.890609
106.682461,81.455208,25.227253,111.611836,86.812534,24.799302
106.592963,81.314669,25.278294,111.781773,86.919222,24.862551
106.631283,81.329634,25.301649,111.646116,86.726011,24.920105
106.543090,81.296268,25.246822,111.871989,86.987415,24.884575
106.502639,81.207127,25.295512,111.750869,86.859173,24.891696
106.567247,81.276977,25.290270,111.799930,86.853208,24.946723
106.471556,81.159559,25.311996,111.816596,86.869571,24.947024
106.475373,81.182723,25.292651,111.813500,86.894927,24.918573
106.455553,81.075496,25.380057,111.891149,86.894632,24.996517
106.414106,81.052883,25.361224,111.780702,86.792064,24.988638
106.349044,80.939290,25.409754,111.730197,86.668652,25.061545
106.317808,80.958383,25.359425,111.884087,86.929296,24.954791
106.304275,80.949598,25.354677,111.576086,86.594362,24.981724
106.230132,80.894873,25.335259,111.850313,86.925679,24.924633
106.221419,80.824515,25.396903,111.844645,86.832534,25.012111
106.167375,80.712024,25.455351,111.815289,86.835791,24.979497
106.082150,80.661825,25.420326,111.738456,86.737446,25.001009
