236.763826,233.810418,2.953409,190.304684,185.985368,4.319317
174.341563,165.825728,8.515835,157.888281,145.621376,12.266905
151.194530,137.321148,13.873381,144.293510,128.753415,15.540094
140.450190,123.721720,16.728470,135.478311,117.751474,17.726837
133.977055,115.341169,18.635886,130.864647,111.548476,19.316171
130.221393,110.439647,19.781746,128.516039,108.391096,20.124942
127.526362,107.041182,20.485180,125.965808,105.152029,20.813779
125.454380,104.471623,20.982757,124.270969,103.174102,21.096868
123.851228,102.394447,21.456781,122.187453,100.584509,21.602944
122.367938,100.668830,21.699108,121.454766,99.750900,21.703867
121.286557,99.289420,21.997137,120.294433,98.251559,22.042875
120.283855,98.080699,22.203156,119.547963,97.389473,22.158490
119.412352,97.094353,22.317999,118.901352,96.407933,22.493419
118.528498,96.062839,22.465659,118.052559,95.435615,22.616944
117.983358,95.355950,22.627408,117.486998,94.895585,22.591413
117.208442,94.563241,22.645201,117.238465,94.588138,22.650327
116.527045,93.807863,22.719182,116.564940,93.824198,22.740742
115.990026,93.206920,22.783106,115.967077,93.179111,22.787965
115.422413,92.571090,22.851323,115.559398,92.664510,22.894888
114.888053,92.033009,22.855043,115.072848,92.406932,22.665916
114.440679,91.629239,22.811440,114.266326,91.474108,22.792217
114.045775,91.174289,22.871486,114.021350,91.173526,22.847824
113.575910,90.658690,22.917220,113.924518,91.038164,22.886355
113.107556,90.159896,22.947660,113.294110,90.492872,22.801238
112.831647,89.840482,22.991165,112.800585,89.844603,22.955982
112.409686,89.430034,22.979652,112.820322,89.901813,22.918509
112.027954,89.013780,23.014173,112.894876,89.869693,23.025183
111.735726,88.703728,23.031998,112.302470,89.405614,22.896856
111.353070,88.356250,22.996820,111.901338,89.040454,22.860885
111.101555,88.019547,23.082008,111.608042,88.639742,22.968300
110.796790,87.674850,23.121940,111.323285,88.334180,22.989104
110.511686,87.374416,23.137270,111.036891,88.069991,22.966901
110.223601,87.118995,23.104606,110.645660,87.571285,23.074374
109.973863,86.819498,23.154366,110.657375,87.582412,23.074963
109.807550,86.632257,23.175292,110.570270,87.372433,23.197837
109.596203,86.316767,23.279437,110.198016,87.007389,23.190626
109.250439,86.079937,23.170502,110.341711,87.148185,23.193525
109.111750,85.922780,23.188970,110.304652,87.119008,23.185644
108.958141,85.730910,23.227232,109.953938,86.796648,23.157290
108.676618,85.458391,23.218228,109.640369,86.581955,23.058415
108.451320,85.207256,23.244064,109.643710,86.372660,23.271049
108.315570,85.057332,23.258238,109.253629,86.075185,23.178444
108.044204,84.769701,23.274503,109.279408,86.073240,23.206168
107.949314,84.711851,23.237463,109.094604,86.105052,22.989552
107.776523,84.561180,23.215343,108.634942,85.484936,23.150006
107.575332,84.321052,23.254280,108.878885,85.727038,23.151847
107.389033,84.109956,23.279077,108.596605,85.391173,23.205431
107.296495,83.970763,23.325732,108.499137,85.225618,23.273519
107.147121,83.827490,23.319631,108.488113,85.276343,23.211770
106.912746,83.622909,23.289837,108.514131,85.224847,23.289283
106.870927,83.572126,23.298801,108.035586,84.669862,23.365724
106.722110,83.371283,23.350827,108.217853,84.998006,23.219847
106.510071,83.138131,23.371940,107.770572,84.428327,23.342245
106.365153,82.985507,23.379646,107.755031,84.451810,23.303221
106.251509,82.826421,23.425088,108.050872,84.637617,23.413256
106.129132,82.740330,23.388802,107.539568,84.230280,23.309288
106.036562,82.631346,23.405216,107.823737,84.391958,23.431778
105.932330,82.502590,23.429740,107.568764,84.289454,23.279309
105.847950,82.415069,23.432881,107.415361,84.067731,23.347630
105.751995,82.309383,23.442612,107.210877,83.776900,23.433976
105.505817,82.056435,23.449383,106.969561,83.566828,23.402733
105.461834,81.994038,23.467796,107.087216,83.737248,23.349969
105.334046,81.819588,23.514458,106.861649,83.445202,23.416446
105.191879,81.694708,23.497171,106.820615,83.431086,23.389529
105.097321,81.552122,23.545198,106.793820,83.318029,23.475791
105.002863,81.476518,23.526345,106.578027,83.227434,23.350592
104.911485,81.422234,23.489251,106.791271,83.458844,23.332427
104.871826,81.343467,23.528359,106.748258,83.351172,23.397086
104.756166,81.237185,23.518981,106.314168,82.881217,23.432951
104.632278,81.090480,23.541798,106.262195,82.814550,23.447646
104.540207,80.968530,23.571677,106.438283,83.003234,23.435049
104.469524,80.910143,23.559382,106.574504,83.129617,23.444887
104.308279,80.743650,23.564629,106.235989,82.755973,23.480017
104.228610,80.710041,23.518570,106.284455,82.837941,23.446514
104.206934,80.620023,23.586911,106.272768,82.801792,23.470976
104.163277,80.524183,23.639094,106.253393,82.691027,23.562366
103.939190,80.371982,23.567208,105.948387,82.531388,23.417000
103.910741,80.392857,23.517884,105.989429,82.567626,23.421803
103.882808,80.310924,23.571883,106.090939,82.637002,23.453937
103.864465,80.219696,23.644770,105.979837,82.476134,23.503703
103.704742,80.065922,23.638820,105.699865,82.143434,23.556431
103.597953,79.988771,23.609182,105.716400,82.210027,23.506374
103.466423,79.908911,23.557513,105.826928,82.396259,23.430669
103.500970,79.936197,23.564773,105.665901,82.295732,23.370170
103.444864,79.877271,23.567594,105.527798,81.963448,23.564350
103.327363,79.703904,23.623459,105.511715,82.015797,23.495919
103.359238,79.785542,23.573696,105.597186,82.105278,23.491908
103.204715,79.647633,23.557082,105.355380,81.940231,23.415149
103.076587,79.548065,23.528522,105.283853,81.830355,23.453498
103.128233,79.629645,23.498588,105.228889,81.795051,23.433838
103.010651,79.451964,23.558687,105.086770,81.600204,23.486566
102.905120,79.333278,23.571842,104.938109,81.574807,23.363302
102.857657,79.328243,23.529414,105.382647,81.964769,23.417878
102.755577,79.269572,23.486005,104.960012,81.634934,23.325078
102.721583,79.223357,23.498226,104.998509,81.619523,23.378986
102.710245,79.196262,23.513983,105.007570,81.645560,23.362010
102.581650,79.087520,23.494131,104.792846,81.452972,23.339874
102.499962,79.003710,23.496252,104.795008,81.434940,23.360069
102.440535,78.981549,23.458987,104.859556,81.611584,23.247973
102.287850,78.873364,23.414487,104.779654,81.545596,23.234057
102.230688,78.812427,23.418262,104.832913,81.568019,23.264894
102.256329,78.853885,23.402444,104.788967,81.604518,23.184449
102.193036,78.820964,23.372072,104.596455,81.319492,23.276962
102.144555,78.703107,23.441447,104.772614,81.423824,23.348789
101.991553,78.619997,23.371555,104.525749,81.329132,23.196618
101.976568,78.629866,23.346703,104.426690,81.194311,23.232379
101.838520,78.476106,23.362414,104.389386,81.208064,23.181322
101.812425,78.439172,23.373253,104.377999,81.207495,23.170504
101.822768,78.491625,23.331143,104.537888,81.248021,23.289867
101.760483,78.403893,23.356589,104.140411,80.990980,23.149431
101.688186,78.372063,23.316123,104.316073,81.107950,23.208123
101.615969,78.254541,23.361428,104.313949,81.132945,23.181005
101.560950,78.236890,23.324060,104.254834,81.066460,23.188374
101.489065,78.175720,23.313345,104.255518,81.045488,23.210030
101.503350,78.155067,23.348283,104.152031,80.880728,23.271302
101.408856,78.023546,23.385311,104.082043,80.830715,23.251328
101.410363,78.051179,23.359184,104.082982,80.919656,23.163327
101.295091,77.949317,23.345774,104.233803,81.016224,23.217579
101.241426,77.918468,23.322958,104.396290,81.132367,23.263922
101.301153,77.954892,23.346261,103.818920,80.636812,23.182107
101.170025,77.819823,23.350202,104.033186,80.691992,23.341194
101.144546,77.779881,23.364665,104.220929,81.116482,23.104447
101.127672,77.771062,23.356610,104.206176,80.926497,23.279678
101.056624,77.713483,23.343141,103.802912,80.641676,23.161236
101.011700,77.689837,23.321863,103.909435,80.695240,23.214196
100.994783,77.696985,23.297798,103.884932,80.681669,23.203262
100.998570,77.600599,23.397971,103.881158,80.574998,23.306160
100.888547,77.542134,23.346413,103.731061,80.544577,23.186484
100.851411,77.499152,23.352259,103.383097,80.141918,23.241179
100.830960,77.427391,23.403569,103.866878,80.696618,23.170260
100.833510,77.437526,23.395984,103.834513,80.573435,23.261077
100.867360,77.479697,23.387663,103.796036,80.515576,23.280460
100.715170,77.300506,23.414664,103.780484,80.515058,23.265427
100.715563,77.339975,23.375588,103.488451,80.218649,23.269802
100.699747,77.281678,23.418069,103.704857,80.394620,23.310238
100.638907,77.220590,23.418316,103.493300,80.170357,23.322943
100.616710,77.235537,23.381173,103.777779,80.517707,23.260072
100.620048,77.211077,23.408971,103.620302,80.401074,23.219228
100.590053,77.191282,23.398771,103.847602,80.563512,23.284090
100.500275,77.093149,23.407127,103.714615,80.462855,23.251759
100.434671,77.067548,23.367122,103.310903,80.176355,23.134549
100.366467,76.995339,23.371128,103.565658,80.279936,23.285722
100.407964,76.989261,23.418703,103.447296,80.223812,23.223483
100.396285,77.010061,23.386223,103.612595,80.342408,23.270187
100.336057,76.948706,23.387352,103.339493,80.104972,23.234521
100.323552,76.910671,23.412881,103.523869,80.233424,23.290445
100.339382,76.943880,23.395502,103.486525,80.271336,23.215189
100.300079,76.924106,23.375972,103.390610,80.143403,23.247207
100.268482,76.865869,23.402613,103.439528,80.242976,23.196553
100.349505,76.982273,23.367232,103.248663,80.008476,23.240188
100.259682,76.848114,23.411569,103.343164,80.042092,23.301073
100.129976,76.747037,23.382940,103.183295,79.852386,23.330908
100.169934,76.756752,23.413182,103.327110,80.038675,23.288435
100.194949,76.817799,23.377150,103.348890,80.056712,23.292179
100.185791,76.817121,23.368670,103.425215,80.197655,23.227560
100.061785,76.663312,23.398473,103.480166,80.201845,23.278322
100.092634,76.686015,23.406619,103.270009,80.061731,23.208278
100.030475,76.624651,23.405824,103.356658,80.083100,23.273558
100.026514,76.602596,23.423919,103.389042,80.126566,23.262475
100.038314,76.626671,23.411642,103.365187,80.027635,23.337552
