207.287692,200.961942,6.325750,182.724514,175.486346,7.238168
172.171651,164.619836,7.551815,162.903807,155.189537,7.714270
160.180145,152.569334,7.610811,154.997484,147.578327,7.419157
152.325197,144.842163,7.483034,149.869427,142.382746,7.486680
149.481788,141.932428,7.549360,147.489787,140.055355,7.434432
146.723616,139.260625,7.462992,144.685894,137.211222,7.474672
144.995051,137.485137,7.509914,143.653964,136.161328,7.492636
143.490930,136.000886,7.490044,142.245461,134.763923,7.481538
141.918147,134.474708,7.443439,140.399933,132.989352,7.410581
140.668926,133.223904,7.445022,140.282657,132.811508,7.471149
139.688698,132.264972,7.423725,138.931922,131.568833,7.363089
138.667715,131.317700,7.350014,138.291129,130.941419,7.349711
138.043782,130.657015,7.386767,137.057443,129.672819,7.384625
137.265097,129.863305,7.401792,136.889075,129.485678,7.403397
136.737206,129.315356,7.421850,136.296716,128.926680,7.370036
135.985564,128.604583,7.380981,135.656291,128.299140,7.357151
135.272160,127.895407,7.376753,134.701202,127.306993,7.394208
134.656699,127.265406,7.391293,134.653185,127.252353,7.400832
134.266858,126.853232,7.413626,134.122103,126.721609,7.400494
133.852502,126.433551,7.418951,133.589901,126.163832,7.426069
133.410566,125.964129,7.446438,133.637044,126.173968,7.463076
133.270589,125.813808,7.456781,132.737857,125.292823,7.445034
132.897252,125.427690,7.469562,132.411791,124.945123,7.466667
132.659252,125.186478,7.472773,132.459771,124.987742,7.472030
132.326809,124.834793,7.492016,132.532192,125.059187,7.473005
132.219562,124.730390,7.489172,132.457431,124.983427,7.474005
132.048017,124.552130,7.495886,132.155427,124.662604,7.492823
131.959447,124.450305,7.509143,132.807895,125.303869,7.504025
131.760438,124.261289,7.499149,131.974008,124.480652,7.493355
131.542162,124.050153,7.492009,131.876879,124.405252,7.471627
131.467452,123.965016,7.502436,131.360288,123.851146,7.509141
131.290316,123.775624,7.514691,131.391996,123.902655,7.489340
131.055641,123.544503,7.511138,131.072662,123.573939,7.498723
131.002305,123.480208,7.522098,131.466644,123.963245,7.503399
130.716336,123.201683,7.514653,130.859279,123.352287,7.506993
130.460650,122.949358,7.511292,130.636264,123.141379,7.494886
130.470042,122.969705,7.500336,130.674159,123.186204,7.487955
130.266053,122.745566,7.520487,130.867839,123.360827,7.507013
130.169190,122.653855,7.515335,131.044774,123.554175,7.490599
130.066515,122.544905,7.521610,130.156714,122.647560,7.509153
130.053694,122.527770,7.525924,130.557237,123.042289,7.514949
129.824990,122.297914,7.527075,130.324369,122.801762,7.522607
129.594487,122.063072,7.531414,130.250133,122.720635,7.529498
129.583553,122.029834,7.553718,130.083107,122.536541,7.546566
129.423143,121.855914,7.567229,129.622221,122.082363,7.539857
129.335538,121.778641,7.556897,129.548691,122.013024,7.535667
129.214302,121.654124,7.560177,130.508143,122.945547,7.562597
129.319801,121.754799,7.565002,129.719422,122.171359,7.548063
129.283342,121.729811,7.553531,129.797235,122.264775,7.532460
129.148343,121.608797,7.539546,130.122492,122.599399,7.523094
129.019076,121.463469,7.555607,129.696991,122.143371,7.553620
128.845368,121.276173,7.569195,129.665817,122.110997,7.554820
128.796863,121.222977,7.573887,129.586610,122.051111,7.535499
128.775481,121.212891,7.562590,129.297257,121.739121,7.558136
128.834728,121.265731,7.568997,129.601238,122.049404,7.551834
128.839785,121.281571,7.558214,129.584487,122.042903,7.541584
128.803895,121.227347,7.576548,129.381331,121.812301,7.569030
128.397348,120.813703,7.583645,129.223470,121.664126,7.559344
128.554549,120.974237,7.580312,129.149594,121.601037,7.548557
128.311319,120.742252,7.569067,129.289097,121.737317,7.551780
128.243279,120.664890,7.578389,129.215887,121.652490,7.563397
128.321943,120.751437,7.570506,129.008402,121.454852,7.553550
128.072857,120.491808,7.581049,129.026007,121.481068,7.544938
128.123385,120.542284,7.581100,129.500547,121.963742,7.536804
128.087942,120.510080,7.577862,128.680992,121.128107,7.552885
127.883671,120.301727,7.581944,128.927682,121.364433,7.563249
127.895356,120.302853,7.592503,128.645335,121.074117,7.571218
127.796315,120.202230,7.594085,129.373010,121.812738,7.560273
127.731044,120.136512,7.594532,128.379112,120.812271,7.566841
127.708125,120.121460,7.586665,129.137812,121.587240,7.550573
127.757786,120.178840,7.578947,128.920446,121.367335,7.553112
127.709112,120.116564,7.592547,128.433349,120.860166,7.573183
127.659648,120.062719,7.596928,128.421061,120.853598,7.567463
127.543551,119.943218,7.600333,128.992273,121.417348,7.574926
127.690413,120.086359,7.604054,128.371571,120.799432,7.572139
127.579996,119.971542,7.608454,129.196477,121.615856,7.580622
127.655040,120.049718,7.605322,129.082138,121.530448,7.551690
127.547039,119.957824,7.589215,128.527712,120.956605,7.571108
127.335942,119.735223,7.600719,128.389400,120.824150,7.565250
127.243667,119.642291,7.601375,128.300182,120.726787,7.573395
127.438964,119.829719,7.609245,129.113354,121.524275,7.589078
127.411382,119.787083,7.624299,128.667096,121.086321,7.580775
127.226493,119.596028,7.630465,128.380225,120.801565,7.578660
127.239184,119.621929,7.617256,128.506954,120.920237,7.586717
127.143446,119.526630,7.616816,128.568397,120.986586,7.581812
127.299586,119.684734,7.614852,128.741674,121.174736,7.566938
127.337702,119.724843,7.612858,128.434565,120.879045,7.555521
127.067800,119.467475,7.600325,128.783410,121.209760,7.573650
127.219485,119.610751,7.608735,129.422404,121.838585,7.583819
127.241942,119.620859,7.621083,128.558547,120.962712,7.595835
127.201826,119.564166,7.637660,128.548283,120.944341,7.603942
127.144861,119.498136,7.646725,128.807345,121.206959,7.600386
127.174955,119.537697,7.637258,128.239475,120.641284,7.598191
127.224463,119.582381,7.642081,128.644462,121.024780,7.619683
127.094774,119.452422,7.642352,128.345940,120.769770,7.576170
127.208150,119.574260,7.633890,128.469693,120.889158,7.580535
126.933151,119.301474,7.631676,128.305540,120.699042,7.606498
126.868202,119.223843,7.644359,128.589229,120.986021,7.603209
126.796245,119.154412,7.641833,128.370203,120.767667,7.602537
126.990868,119.356358,7.634510,128.575894,120.976086,7.599808
126.795465,119.152375,7.643091,128.433493,120.828444,7.605048
126.785563,119.134428,7.651135,128.263471,120.650965,7.612506
126.677676,119.017046,7.660630,128.588418,120.960911,7.627507
126.835729,119.175725,7.660005,128.303435,120.688380,7.615055
126.669825,119.019679,7.650146,128.375204,120.775965,7.599240
126.680305,119.032224,7.648081,128.219135,120.608003,7.611133
126.629985,118.981205,7.648780,128.645465,121.031516,7.613948
126.654463,118.999312,7.655151,128.819677,121.207490,7.612187
126.748431,119.100689,7.647741,128.183560,120.563888,7.619673
126.657852,118.997543,7.660309,128.160525,120.550033,7.610492
126.682229,119.028668,7.653562,128.102886,120.484946,7.617941
126.609767,118.955427,7.654340,128.121535,120.520518,7.601018
126.678453,119.035783,7.642670,128.259655,120.655256,7.604400
126.632616,118.984205,7.648411,128.176052,120.584759,7.591293
126.619623,118.988310,7.631313,128.305836,120.711313,7.594523
126.576478,118.939776,7.636701,128.229139,120.628077,7.601062
126.592572,118.937646,7.654926,128.153095,120.544003,7.609093
126.524537,118.870369,7.654168,128.173556,120.565808,7.607749
126.355542,118.690553,7.664990,127.800276,120.174219,7.626057
126.343798,118.681676,7.662121,128.171540,120.558386,7.613153
126.403222,118.741909,7.661313,128.207342,120.584807,7.622535
126.552214,118.885701,7.666513,128.271589,120.638947,7.632642
126.258008,118.585904,7.672104,127.918254,120.292034,7.626220
126.474083,118.797517,7.676566,128.117965,120.489025,7.628940
126.565176,118.888103,7.677073,128.017154,120.383618,7.633536
126.289693,118.611324,7.678369,128.236899,120.616163,7.620736
126.348128,118.676413,7.671715,128.014072,120.409395,7.604678
126.204342,118.544144,7.660198,128.085949,120.470595,7.615354
126.313231,118.643713,7.669518,128.701868,121.076040,7.625827
126.507915,118.830068,7.677847,128.052221,120.427929,7.624292
126.301137,118.631341,7.669796,128.017401,120.394663,7.622738
126.166418,118.499417,7.667001,128.215691,120.596990,7.618701
126.056030,118.391297,7.664733,128.237829,120.635996,7.601833
126.210747,118.545031,7.665716,128.676791,121.048374,7.628417
126.516340,118.835577,7.680763,128.358612,120.739116,7.619496
126.227918,118.552793,7.675125,127.937664,120.290204,7.647459
126.252417,118.567066,7.685350,127.864211,120.237867,7.626344
126.101812,118.417943,7.683869,128.305519,120.670797,7.634722
126.082363,118.396456,7.685907,128.333819,120.715559,7.618260
126.354780,118.682350,7.672430,128.220053,120.603478,7.616574
126.170194,118.501035,7.669158,128.278502,120.654001,7.624501
126.250790,118.577108,7.673681,128.509717,120.885868,7.623849
126.252217,118.572543,7.679673,128.452443,120.833443,7.619000
126.379451,118.713348,7.666104,128.560955,120.935996,7.624958
126.241183,118.559345,7.681838,128.138313,120.514252,7.624061
126.156978,118.478633,7.678345,128.276511,120.633230,7.643281
126.341721,118.652645,7.689076,128.712120,121.063638,7.648483
126.343689,118.651122,7.692566,128.236393,120.597628,7.638765
126.260857,118.579902,7.680955,128.626314,121.010501,7.615812
126.381411,118.696475,7.684936,128.509554,120.863662,7.645892
126.277237,118.584625,7.692612,128.333435,120.703007,7.630429
126.064770,118.386659,7.678111,128.168830,120.551682,7.617148
126.075618,118.385727,7.689891,128.550864,120.914161,7.636704
125.968162,118.270195,7.697968,128.559865,120.912698,7.647167
126.235768,118.532279,7.703489,128.425405,120.768577,7.656828
126.130311,118.428268,7.702043,128.261070,120.617576,7.643494
126.080568,118.382253,7.698315,128.242905,120.605067,7.637839
126.022741,118.326789,7.695952,127.959851,120.334288,7.625563
126.038597,118.339564,7.699033,128.415858,120.766554,7.649303
125.942476,118.244611,7.697865,127.957984,120.318012,7.639972
