239.943500,237.039136,2.904363,191.684323,187.964633,3.719689
181.777935,175.446875,6.331059,167.639324,157.608135,10.031190
157.678542,145.635333,12.043209,149.851079,136.066101,13.784978
145.347432,130.596747,14.750684,140.402925,124.463499,15.939426
137.756725,121.028470,16.728255,134.141700,116.623599,17.518101
132.827704,114.630468,18.197236,130.075360,111.240984,18.834375
129.578783,110.426398,19.152385,127.571270,108.063874,19.507396
127.144620,107.240206,19.904413,125.601238,105.340810,20.260429
125.380454,104.939703,20.440751,123.985583,103.124444,20.861139
123.649264,102.826977,20.822287,123.012036,102.007631,21.004405
122.510433,101.436283,21.074150,121.471725,100.356564,21.115161
121.382318,100.043281,21.339037,120.749712,99.336753,21.412959
120.480486,98.959442,21.521044,120.050774,98.285006,21.765768
119.567354,97.859344,21.708011,119.783306,97.829854,21.953452
118.939526,97.155660,21.783866,118.560417,96.607841,21.952576
118.284952,96.227553,22.057399,117.725926,95.729362,21.996564
117.656066,95.550864,22.105202,117.359122,95.189442,22.169681
117.101582,94.799514,22.302067,117.056050,95.057895,21.998155
116.599183,94.270834,22.328350,116.859840,94.462477,22.397363
116.197717,93.725855,22.471861,116.329229,93.783905,22.545324
115.748765,93.266072,22.482693,116.009504,93.592386,22.417118
115.368927,92.841864,22.527063,115.539854,93.112707,22.427146
114.992743,92.340980,22.651763,115.316749,92.727671,22.589079
114.655606,91.969919,22.685687,115.137505,92.503756,22.633749
114.366266,91.603295,22.762971,114.587664,91.998223,22.589441
113.949384,91.156389,22.792995,114.404670,91.646055,22.758615
113.714500,90.879626,22.834874,114.398134,91.498536,22.899598
113.372775,90.531219,22.841556,113.871671,91.041113,22.830558
113.074793,90.171827,22.902967,113.986353,91.168415,22.817938
112.845875,89.890871,22.955004,113.395163,90.373383,23.021780
112.479124,89.459868,23.019256,113.416879,90.421914,22.994964
112.308404,89.273764,23.034640,113.232027,90.301625,22.930402
111.948919,88.879083,23.069836,112.769312,89.756429,23.012882
111.741389,88.671991,23.069398,112.914522,89.798298,23.116224
111.542610,88.410028,23.132582,112.390955,89.399638,22.991317
111.259980,88.196969,23.063011,112.285808,89.268525,23.017282
110.997314,87.896058,23.101256,112.325587,89.375749,22.949839
110.871981,87.741169,23.130812,111.835239,88.821271,23.013969
110.612167,87.478219,23.133949,111.681610,88.683062,22.998548
110.433066,87.273678,23.159388,111.522479,88.429951,23.092528
110.258626,87.124965,23.133661,111.633335,88.597987,23.035349
109.997867,86.794108,23.203759,111.359936,88.121429,23.238507
109.868208,86.713393,23.154816,111.144154,88.194863,22.949292
109.730966,86.478291,23.252675,111.117514,88.074453,23.043061
109.512866,86.318302,23.194564,111.004207,87.935952,23.068256
109.373183,86.167564,23.205619,110.844215,87.716296,23.127918
109.251661,85.967813,23.283848,110.404380,87.175225,23.229155
109.031753,85.715355,23.316399,110.537346,87.229555,23.307791
108.814736,85.559507,23.255229,110.141656,86.905512,23.236144
108.637742,85.397707,23.240035,110.165430,87.057625,23.107806
108.581925,85.262092,23.319832,110.118742,86.862609,23.256134
108.307774,85.102553,23.205222,109.959184,87.001858,22.957327
108.189830,84.977236,23.212594,110.245191,87.154983,23.090208
108.116242,84.854467,23.261774,109.796894,86.655665,23.141229
108.011113,84.801000,23.210113,109.813967,86.688486,23.125481
107.907505,84.698268,23.209237,109.697478,86.536751,23.160728
107.636278,84.321534,23.314744,109.642635,86.336722,23.305913
107.610774,84.324062,23.286712,109.597558,86.486210,23.111348
107.545905,84.196106,23.349800,109.180857,85.970211,23.210646
107.308618,83.991366,23.317252,109.205160,86.023642,23.181518
107.125775,83.853980,23.271796,109.025918,85.844607,23.181311
107.136965,83.893326,23.243639,109.139354,86.120904,23.018450
106.986528,83.752403,23.234125,109.193959,86.125578,23.068381
106.905888,83.675564,23.230323,108.590097,85.493038,23.097060
106.777862,83.485023,23.292839,108.830979,85.590975,23.240004
106.679377,83.442107,23.237270,108.855140,85.735296,23.119844
106.675689,83.369437,23.306251,109.003547,85.780549,23.222999
106.479268,83.182453,23.296815,108.326848,85.243770,23.083078
106.378044,83.076470,23.301574,108.714570,85.420532,23.294038
106.327749,83.004920,23.322829,108.422446,85.302949,23.119498
106.195729,82.899975,23.295755,108.458610,85.240562,23.218048
106.158721,82.874565,23.284155,108.503730,85.230870,23.272860
106.100652,82.766018,23.334633,108.374112,85.148787,23.225325
105.967577,82.680731,23.286846,108.360959,85.039530,23.321429
105.887147,82.522411,23.364736,108.263191,85.002569,23.260623
105.843752,82.517174,23.326577,108.128695,84.881110,23.247585
105.692602,82.295586,23.397017,108.109259,84.850078,23.259182
105.577977,82.219514,23.358463,108.082827,84.839005,23.243822
105.612707,82.246677,23.366030,107.979282,84.714714,23.264568
105.470187,82.050756,23.419431,108.005709,84.716161,23.289548
105.348910,81.998525,23.350385,107.974307,84.702322,23.271985
105.408871,81.984782,23.424089,107.710344,84.382990,23.327353
105.212795,81.849949,23.362846,107.749197,84.474131,23.275067
105.111058,81.760985,23.350073,107.609738,84.414567,23.195170
105.071846,81.729335,23.342512,107.559697,84.372908,23.186789
105.083248,81.728408,23.354839,107.872359,84.554997,23.317362
105.050577,81.613898,23.436679,107.458492,84.192921,23.265571
104.964049,81.557602,23.406448,107.687916,84.390054,23.297862
104.880110,81.476647,23.403463,107.283975,83.971606,23.312369
104.713642,81.320326,23.393316,107.374794,84.187399,23.187395
104.698607,81.295705,23.402902,107.437066,84.136882,23.300183
104.701006,81.241979,23.459027,107.435501,84.206228,23.229272
104.647628,81.221720,23.425908,107.291541,84.029860,23.261681
104.497176,81.046462,23.450714,107.282074,84.017310,23.264763
104.366769,80.952256,23.414513,107.069309,83.721783,23.347526
104.371228,80.919210,23.452019,107.035627,83.756238,23.279389
104.370468,80.911059,23.459409,107.070644,83.729799,23.340844
104.246511,80.799167,23.447344,107.180324,83.924294,23.256030
104.212714,80.791918,23.420796,107.061095,83.748531,23.312564
104.155913,80.653017,23.502895,106.966368,83.531533,23.434836
104.100832,80.641861,23.458971,106.959752,83.679431,23.280321
104.000150,80.540283,23.459868,106.842333,83.536677,23.305656
104.059595,80.573638,23.485957,107.078619,83.723734,23.354886
103.984805,80.538297,23.446508,107.135859,83.822517,23.313342
103.906679,80.400569,23.506110,106.717624,83.308391,23.409233
103.793993,80.380482,23.413511,106.793531,83.454541,23.338990
103.816266,80.397043,23.419223,106.779769,83.569781,23.209988
103.767982,80.335096,23.432886,106.755218,83.462303,23.292915
103.724487,80.254620,23.469867,106.855740,83.552417,23.303323
103.608504,80.176468,23.432036,106.518553,83.331347,23.187207
103.526292,80.085132,23.441160,106.481279,83.230854,23.250425
103.403861,79.997323,23.406539,106.572616,83.343231,23.229384
103.507370,80.026818,23.480552,106.525170,83.157655,23.367515
103.450137,79.948823,23.501314,106.625272,83.249730,23.375542
103.405768,79.882132,23.523636,106.729650,83.433284,23.296366
103.387472,79.919813,23.467660,106.426668,83.299010,23.127657
103.312096,79.831501,23.480594,106.681319,83.414295,23.267024
103.246906,79.788982,23.457924,106.422009,83.078321,23.343689
103.270863,79.795032,23.475831,106.723262,83.417949,23.305313
103.210163,79.676108,23.534055,106.220733,82.929379,23.291354
103.044499,79.596295,23.448204,106.491123,83.211772,23.279351
103.060128,79.640227,23.419901,106.105152,82.791403,23.313748
102.962433,79.495046,23.467387,106.010090,82.833515,23.176576
102.933978,79.490105,23.443873,106.132088,82.841824,23.290263
102.909570,79.422539,23.487031,106.255552,82.906794,23.348758
102.947129,79.456567,23.490562,106.135604,82.780910,23.354694
102.822824,79.307156,23.515667,106.274684,82.887162,23.387522
102.759211,79.264802,23.494408,106.307510,82.920258,23.387252
102.734203,79.223485,23.510718,106.219354,82.845388,23.373966
102.701933,79.182128,23.519805,106.287056,82.974688,23.312367
102.658330,79.172164,23.486165,106.092403,82.795379,23.297024
102.596577,79.163105,23.433472,106.106971,82.863590,23.243381
102.529070,79.104546,23.424523,106.199545,82.979271,23.220273
102.558165,79.110617,23.447548,106.057397,82.785092,23.272305
102.586591,79.105775,23.480816,106.119543,82.679045,23.440497
102.493508,79.038993,23.454516,105.922008,82.698927,23.223082
102.428705,78.960727,23.467979,106.108241,82.776073,23.332168
102.425825,78.948652,23.477172,105.848476,82.508223,23.340254
102.350044,78.848509,23.501535,105.910765,82.668849,23.241916
102.258649,78.771106,23.487543,105.757888,82.461259,23.296629
102.263920,78.754179,23.509741,105.736390,82.373683,23.362707
102.184856,78.722055,23.462801,105.878247,82.686337,23.191910
102.142694,78.637240,23.505455,105.885372,82.555951,23.329421
102.260511,78.749961,23.510550,105.936248,82.448127,23.488121
102.110311,78.646380,23.463931,105.782897,82.585203,23.197694
102.030151,78.520878,23.509274,105.593193,82.265326,23.327867
101.999233,78.544917,23.454316,105.687917,82.364153,23.323764
102.123467,78.630544,23.492923,105.969098,82.441760,23.527338
102.060411,78.541070,23.519341,105.801658,82.432188,23.369470
101.954493,78.410210,23.544284,105.811568,82.347674,23.463894
101.946944,78.436926,23.510018,105.613004,82.351730,23.261273
101.902700,78.439162,23.463538,105.677495,82.363948,23.313547
101.796994,78.317942,23.479052,105.799693,82.461940,23.337754
101.768184,78.266428,23.501756,105.648089,82.400745,23.247345
101.870443,78.375129,23.495313,105.449475,82.139620,23.309856
101.818281,78.329669,23.488612,105.725048,82.355170,23.369878
101.689855,78.168328,23.521528,105.973433,82.380840,23.592593
101.807253,78.276499,23.530754,105.580773,82.173324,23.407449
101.682248,78.203653,23.478595,105.702618,82.458457,23.244162
101.547304,78.087734,23.459571,105.498205,82.213747,23.284458
