242.157719,238.645876,3.511843,189.870895,185.224099,4.646798
174.442157,165.604482,8.837675,158.581310,145.811942,12.769368
152.478266,138.332083,14.146183,145.387878,129.921115,15.466763
142.239086,125.767866,16.471220,138.123717,120.660480,17.463237
135.671642,117.687533,17.984110,132.141583,113.574560,18.567024
131.531194,112.489037,19.042156,128.939324,109.490368,19.448956
128.488599,108.777031,19.711567,126.082562,106.107929,19.974634
126.154756,105.999985,20.154771,124.092101,103.735814,20.356287
124.387983,103.866310,20.521672,122.872575,102.151845,20.720730
122.884469,102.104281,20.780188,121.403499,100.425893,20.977606
121.697389,100.618616,21.078773,120.331675,99.162255,21.169420
120.587358,99.358789,21.228569,119.456369,98.117521,21.338848
119.554249,98.166944,21.387305,118.563718,97.105125,21.458593
118.708643,97.186362,21.522282,118.305183,96.639608,21.665575
117.945022,96.281989,21.663033,117.184660,95.467288,21.717371
117.225047,95.456147,21.768900,116.435401,94.614456,21.820946
116.496304,94.589935,21.906369,116.014465,94.165437,21.849028
115.973669,93.967177,22.006492,115.577867,93.535533,22.042333
115.361155,93.271120,22.090035,115.192225,93.078403,22.113823
114.834021,92.584820,22.249201,114.524320,92.236089,22.288231
114.299598,92.073201,22.226397,113.952306,91.745520,22.206786
113.950130,91.605423,22.344707,113.676152,91.402339,22.273813
113.410755,91.040441,22.370313,113.217150,90.835136,22.382014
113.006681,90.559165,22.447516,112.537640,90.129548,22.408092
112.578271,90.124864,22.453407,112.442727,90.010385,22.432341
112.208561,89.715685,22.492877,112.060398,89.644303,22.416095
111.877597,89.312729,22.564868,111.845933,89.306770,22.539163
111.567019,88.987855,22.579164,111.469424,88.985475,22.483949
111.253220,88.617821,22.635399,111.797785,89.212513,22.585273
110.860032,88.245893,22.614140,111.346415,88.804077,22.542339
110.568146,87.915619,22.652528,110.861212,88.141757,22.719455
110.278040,87.565249,22.712791,110.583323,87.896389,22.686935
110.042322,87.272115,22.770208,110.353070,87.659627,22.693443
109.700151,86.968185,22.731965,110.386216,87.864873,22.521343
109.505780,86.764316,22.741464,110.113085,87.447917,22.665168
109.346923,86.565098,22.781826,110.060775,87.412678,22.648097
109.062965,86.313143,22.749822,109.360484,86.644926,22.715558
108.821993,86.035758,22.786236,109.400608,86.873878,22.526730
108.587402,85.805415,22.781987,109.222041,86.599680,22.622361
108.388549,85.615466,22.773083,108.919046,86.215590,22.703456
108.150161,85.365044,22.785117,108.853561,86.120801,22.732760
107.964092,85.180799,22.783293,108.652715,85.938706,22.714009
107.790647,84.957210,22.833437,108.270009,85.545254,22.724755
107.614146,84.866728,22.747418,108.538924,85.931491,22.607433
107.428210,84.644554,22.783656,108.179266,85.458879,22.720388
107.183402,84.428270,22.755132,108.089089,85.361019,22.728070
107.032834,84.242884,22.789950,107.832252,85.114588,22.717665
106.847036,84.052382,22.794655,107.689789,85.039911,22.649877
106.626556,83.845825,22.780730,107.340321,84.645561,22.694761
106.477378,83.701481,22.775896,107.528481,84.854423,22.674059
106.307482,83.478386,22.829096,107.205943,84.478533,22.727410
106.175382,83.310085,22.865298,107.121449,84.309389,22.812060
105.935734,83.099292,22.836442,106.930694,84.151711,22.778983
105.833397,82.957206,22.876191,106.933541,84.108918,22.824624
105.660726,82.752558,22.908167,106.705553,83.727168,22.978384
105.476781,82.595358,22.881423,106.469339,83.668499,22.800841
105.289116,82.385560,22.903556,106.420599,83.649213,22.771385
105.157422,82.253497,22.903925,106.258483,83.427566,22.830917
105.030563,82.112416,22.918147,105.927824,83.030284,22.897539
104.906146,81.986445,22.919701,105.946662,83.196671,22.749991
104.825637,81.885660,22.939978,106.008088,83.109235,22.898853
104.690091,81.730728,22.959363,105.755298,82.954649,22.800649
104.561307,81.589462,22.971845,105.987585,83.120421,22.867163
104.500353,81.513949,22.986404,105.601428,82.670340,22.931088
104.362600,81.356236,23.006365,105.656611,82.793903,22.862708
104.250786,81.299589,22.951198,105.502950,82.683878,22.819072
104.153431,81.228606,22.924825,105.336171,82.542017,22.794154
104.047935,81.146522,22.901413,105.466059,82.636104,22.829955
103.921253,80.993686,22.927566,105.200486,82.293473,22.907013
103.836480,80.873555,22.962924,105.195873,82.359195,22.836677
103.765941,80.837286,22.928655,105.459407,82.577326,22.882080
103.723705,80.817358,22.906347,105.093093,82.264202,22.828892
103.577803,80.707677,22.870126,105.081190,82.313989,22.767201
103.568735,80.594425,22.974310,105.264097,82.286131,22.977966
103.454947,80.495815,22.959133,105.023640,82.237620,22.786020
103.432661,80.436420,22.996241,104.953177,82.106521,22.846656
103.308929,80.355055,22.953873,104.915723,82.135264,22.780459
103.192980,80.301631,22.891349,104.808610,81.980045,22.828565
103.137065,80.186223,22.950842,104.699498,81.939827,22.759671
103.065932,80.134625,22.931307,104.739346,81.871074,22.868272
102.960847,80.059420,22.901427,104.574166,81.811032,22.763134
102.918940,80.021430,22.897510,104.759655,81.893881,22.865773
102.854097,79.923932,22.930165,104.787163,81.939476,22.847687
102.924544,80.001840,22.922705,104.554290,81.643890,22.910400
102.823042,79.825638,22.997405,104.413062,81.560950,22.852112
102.745234,79.729600,23.015634,104.485904,81.616740,22.869165
102.681205,79.707302,22.973903,104.479936,81.671597,22.808339
102.603990,79.609205,22.994785,104.382421,81.540193,22.842228
102.528965,79.574100,22.954865,104.345308,81.454807,22.890501
102.471232,79.527789,22.943443,104.621951,81.738533,22.883418
102.448000,79.455131,22.992869,104.124422,81.217745,22.906676
102.412842,79.409283,23.003559,104.405853,81.537733,22.868120
102.333045,79.409694,22.923351,104.356948,81.576065,22.780883
102.324207,79.347105,22.977101,104.613405,81.693314,22.920091
102.208142,79.212507,22.995636,104.133807,81.276792,22.857015
102.147557,79.209957,22.937600,104.148633,81.385092,22.763541
102.104414,79.159806,22.944608,104.206189,81.467130,22.739059
102.140208,79.162103,22.978105,104.154781,81.295378,22.859402
102.051857,79.065143,22.986714,104.037978,81.170329,22.867649
101.899502,78.926917,22.972586,104.140619,81.186429,22.954190
101.986479,79.013204,22.973276,104.222607,81.281100,22.941508
101.926842,78.920538,23.006304,104.035358,81.165974,22.869384
101.847473,78.853160,22.994314,104.091398,81.179076,22.912322
101.797626,78.821662,22.975964,104.135838,81.300628,22.835210
101.801554,78.814678,22.986877,104.297597,81.339508,22.958089
101.668678,78.702096,22.966582,104.078260,81.149520,22.928740
101.670867,78.696297,22.974570,103.844553,81.059950,22.784603
101.675048,78.696897,22.978150,104.072828,81.318981,22.753847
101.619118,78.645177,22.973940,103.889429,81.056436,22.832994
101.616544,78.638872,22.977672,103.838788,80.966275,22.872513
101.585414,78.615163,22.970251,103.877597,80.972162,22.905435
101.536633,78.511088,23.025544,103.759823,80.809938,22.949885
101.473939,78.480901,22.993039,103.992584,81.055800,22.936783
101.469445,78.433464,23.035981,103.899773,80.949945,22.949828
101.376626,78.389170,22.987456,103.737023,80.822726,22.914297
101.407155,78.376493,23.030662,103.865283,80.954944,22.910339
101.380011,78.357967,23.022044,103.568120,80.675734,22.892385
101.286912,78.306823,22.980089,103.780478,80.879835,22.900643
101.315638,78.315391,23.000247,103.648831,80.711839,22.936992
101.222792,78.241727,22.981065,103.940775,81.050671,22.890104
101.263066,78.307119,22.955947,103.781272,81.003324,22.777948
101.237501,78.268811,22.968690,103.736893,80.913514,22.823379
101.144394,78.203388,22.941006,103.784163,80.990666,22.793498
101.135010,78.142636,22.992374,103.575481,80.686963,22.888519
101.143014,78.186099,22.956915,103.623214,80.857952,22.765262
101.082386,78.111021,22.971365,103.535289,80.745972,22.789317
101.024044,78.107647,22.916397,103.621433,80.865493,22.755940
100.952917,78.028934,22.923983,103.589798,80.789618,22.800182
101.003955,78.035582,22.968374,103.845065,80.994463,22.850602
101.008814,78.007333,23.001481,103.565508,80.789149,22.776358
100.928970,77.968433,22.960537,103.690904,80.876341,22.814563
100.918289,77.933910,22.984379,103.694918,80.807914,22.887004
100.857083,77.862086,22.994997,103.501464,80.622149,22.879316
100.854279,77.893529,22.960750,103.527630,80.712304,22.815326
100.809317,77.867857,22.941460,103.550568,80.768578,22.781990
100.752813,77.764127,22.988686,103.829530,80.929389,22.900141
100.758236,77.758518,22.999718,103.547976,80.685424,22.862552
100.759126,77.791939,22.967187,103.427134,80.612446,22.814687
100.731549,77.704617,23.026932,103.510540,80.576791,22.933749
100.679484,77.691603,22.987881,103.673221,80.849665,22.823557
100.657001,77.655407,23.001594,103.579490,80.601408,22.978082
100.613988,77.586632,23.027355,103.511538,80.718163,22.793375
100.582026,77.600385,22.981641,103.486728,80.622489,22.864239
100.596586,77.618898,22.977688,103.405308,80.532779,22.872529
100.613078,77.593665,23.019413,103.524795,80.657374,22.867421
100.580624,77.512506,23.068118,103.378198,80.440754,22.937444
100.571626,77.503247,23.068379,103.298070,80.419592,22.878478
100.496518,77.436170,23.060348,103.303212,80.331116,22.972096
100.516525,77.466038,23.050487,103.379988,80.527595,22.852394
100.486861,77.433764,23.053098,103.435117,80.535255,22.899863
100.454609,77.408454,23.046155,103.625529,80.592294,23.033235
100.498254,77.438426,23.059827,103.294753,80.462306,22.832448
100.390116,77.357002,23.033114,103.656424,80.757399,22.899025
100.396328,77.305947,23.090381,103.464887,80.514010,22.950878
100.342142,77.284506,23.057636,103.368848,80.501036,22.867812
100.355382,77.297084,23.058298,103.456117,80.580722,22.875395
100.367836,77.316762,23.051074,103.480457,80.479801,23.000656
100.311182,77.253983,23.057198,103.247089,80.364601,22.882488
100.344633,77.285428,23.059205,103.574606,80.555766,23.018840
100.344726,77.273773,23.070954,103.377477,80.437291,22.940186
