217.979229,210.232174,7.747055,204.472059,196.336245,8.135815
199.228626,191.244544,7.984082,192.739579,184.888980,7.850599
188.938943,181.104173,7.834769,184.418823,176.560346,7.858477
180.309378,172.524940,7.784438,175.468945,167.795961,7.672985
172.582924,164.970152,7.612772,164.940814,157.463436,7.477379
161.873618,154.514708,7.358910,154.785330,147.830606,6.954724
151.211984,144.291507,6.920478,147.774003,140.812101,6.961903
146.754710,139.911109,6.843601,144.855054,138.026239,6.828816
143.883097,137.083560,6.799536,142.076622,135.253211,6.823410
141.906414,135.124640,6.781774,140.574010,133.862598,6.711412
140.383626,133.691675,6.691951,138.976064,132.305821,6.670244
139.053095,132.399818,6.653277,138.104448,131.462502,6.641945
138.024473,131.366155,6.658318,137.154293,130.532589,6.621703
137.231327,130.578576,6.652751,136.159923,129.482358,6.677565
136.453814,129.802726,6.651088,136.104188,129.449789,6.654400
135.888535,129.233522,6.655013,135.103337,128.441101,6.662235
135.356962,128.674489,6.682473,134.305391,127.582883,6.722508
134.828316,128.145440,6.682876,133.780870,127.056312,6.724557
134.396569,127.708768,6.687801,134.155781,127.507831,6.647950
134.070980,127.390588,6.680393,133.893092,127.212346,6.680745
133.783709,127.106338,6.677371,133.643559,126.976830,6.666729
133.523588,126.848982,6.674606,133.228795,126.562057,6.666739
133.129827,126.446570,6.683257,132.645451,125.950916,6.694534
132.977835,126.293123,6.684712,132.724512,126.054778,6.669734
132.759101,126.085033,6.674068,132.218154,125.566282,6.651872
132.490226,125.810132,6.680094,132.555576,125.883396,6.672180
132.315722,125.628624,6.687098,132.078066,125.392313,6.685752
132.050852,125.360655,6.690198,131.800376,125.124487,6.675889
131.907713,125.225368,6.682345,131.990140,125.312513,6.677627
131.777969,125.086021,6.691948,131.677715,124.997987,6.679728
131.606264,124.920125,6.686139,131.695769,124.977904,6.717866
131.387556,124.702186,6.685370,131.560112,124.879853,6.680259
131.211978,124.513968,6.698010,131.152543,124.489737,6.662806
131.191516,124.518195,6.673321,130.903786,124.243698,6.660087
130.880519,124.188152,6.692367,130.976748,124.302776,6.673973
130.767052,124.089333,6.677719,130.898439,124.289374,6.609065
130.655183,123.969998,6.685185,130.870442,124.220458,6.649984
130.580022,123.917759,6.662263,130.972835,124.337826,6.635009
130.388086,123.711911,6.676175,130.153020,123.482575,6.670444
130.149962,123.482588,6.667374,130.594279,123.965570,6.628709
130.186127,123.514478,6.671650,129.885960,123.221619,6.664341
130.028892,123.339900,6.688992,130.357446,123.691429,6.666017
129.794929,123.097638,6.697291,130.248893,123.587951,6.660943
129.728686,123.053297,6.675388,129.967517,123.312162,6.655355
129.758820,123.077713,6.681107,129.724622,123.087005,6.637617
129.504308,122.823622,6.680686,129.996405,123.353285,6.643120
129.596675,122.919881,6.676793,129.858111,123.172403,6.685708
129.429889,122.729898,6.699992,129.709870,123.037483,6.672388
129.304635,122.619318,6.685317,129.820203,123.184085,6.636117
129.246072,122.555204,6.690868,129.527662,122.856922,6.670740
129.194303,122.500843,6.693460,129.335369,122.634554,6.700815
129.079464,122.380516,6.698948,129.127182,122.421224,6.705958
129.062275,122.358110,6.704165,129.330016,122.642402,6.687614
128.957731,122.250816,6.706915,129.326825,122.660657,6.666169
128.947318,122.254392,6.692926,128.727992,121.986152,6.741840
128.747876,122.020728,6.727148,129.625448,122.945061,6.680386
128.810458,122.109266,6.701193,129.040111,122.373509,6.666602
128.650150,121.935915,6.714235,129.069417,122.375173,6.694245
128.685409,121.985292,6.700117,129.270574,122.614032,6.656542
128.605004,121.897507,6.707497,128.661640,121.931932,6.729707
128.519011,121.798782,6.720229,128.601781,121.913811,6.687970
128.400222,121.689262,6.710961,129.010507,122.342320,6.668186
128.444700,121.748732,6.695968,128.522100,121.819846,6.702254
128.389097,121.673420,6.715677,128.877369,122.209539,6.667830
128.390490,121.675600,6.714891,128.799002,122.092766,6.706236
128.180124,121.455160,6.724964,129.036813,122.355014,6.681798
128.241790,121.528860,6.712930,128.881923,122.185086,6.696837
128.307419,121.600411,6.707008,128.525626,121.835101,6.690525
128.179099,121.476190,6.702909,128.706128,122.022288,6.683840
128.150246,121.435433,6.714813,129.002694,122.344048,6.658646
128.116197,121.387951,6.728247,128.570738,121.868239,6.702499
128.053111,121.338212,6.714899,128.815831,122.124374,6.691457
128.046060,121.326133,6.719927,128.581597,121.906847,6.674751
127.963550,121.259526,6.704024,129.242615,122.612715,6.629900
127.966786,121.253295,6.713492,128.406401,121.723808,6.682594
127.893892,121.153852,6.740040,128.594583,121.912595,6.681988
127.959227,121.232190,6.727037,128.757007,122.048287,6.708720
127.881044,121.155535,6.725509,128.386438,121.672983,6.713456
127.812257,121.076130,6.736128,128.106938,121.363469,6.743469
127.705107,120.975283,6.729824,128.430926,121.726168,6.704758
127.766252,121.047344,6.718909,128.303363,121.624386,6.678977
127.752686,121.023921,6.728765,128.351872,121.640099,6.711772
127.697991,120.968685,6.729306,128.307300,121.598813,6.708487
127.563497,120.831689,6.731809,128.408327,121.712563,6.695764
127.699352,120.993205,6.706147,128.043298,121.334887,6.708411
127.569324,120.846422,6.722901,128.306199,121.619941,6.686259
127.522416,120.784363,6.738053,128.495771,121.765160,6.730612
127.485720,120.743349,6.742371,128.555789,121.860113,6.695676
127.548382,120.827638,6.720744,128.626016,121.961859,6.664157
127.478897,120.758044,6.720853,128.716037,122.042973,6.673064
127.512748,120.792852,6.719896,128.601476,121.935045,6.666431
127.490677,120.776236,6.714441,128.090217,121.404829,6.685388
127.500916,120.791588,6.709328,128.394862,121.736945,6.657917
127.317504,120.571229,6.746276,128.052488,121.364486,6.688002
127.429611,120.705249,6.724362,128.215015,121.523989,6.691026
127.342914,120.600969,6.741945,127.847447,121.128794,6.718653
127.323644,120.583545,6.740098,128.380122,121.677570,6.702552
127.321503,120.577622,6.743881,128.051779,121.370922,6.680857
127.255083,120.520192,6.734891,128.231395,121.533641,6.697754
127.337263,120.611265,6.725997,128.251266,121.542317,6.708949
127.263894,120.518911,6.744982,128.362120,121.666092,6.696028
127.064087,120.311129,6.752958,127.862372,121.138423,6.723948
127.203478,120.470202,6.733276,128.392524,121.714055,6.678469
127.224281,120.474485,6.749796,128.036172,121.319999,6.716173
127.218292,120.481923,6.736370,127.910724,121.199852,6.710872
127.075060,120.324411,6.750650,128.169242,121.480391,6.688851
127.092869,120.358652,6.734217,128.717422,122.032902,6.684519
127.107483,120.375278,6.732206,128.228248,121.533205,6.695043
127.150770,120.424848,6.725922,128.108647,121.431397,6.677250
127.106167,120.370754,6.735413,127.832303,121.093903,6.738400
126.959471,120.210859,6.748613,127.991894,121.295090,6.696804
126.998377,120.255936,6.742441,127.939975,121.211795,6.728180
126.973997,120.228419,6.745578,127.816364,121.135599,6.680765
127.061092,120.325464,6.735628,128.053887,121.340290,6.713597
126.871070,120.135353,6.735717,128.393504,121.715682,6.677821
126.974251,120.238588,6.735663,127.961152,121.267474,6.693677
126.877319,120.128275,6.749045,128.269998,121.579529,6.690469
126.945497,120.210204,6.735293,128.126926,121.439140,6.687786
126.937806,120.192806,6.745000,127.912100,121.221740,6.690360
127.003351,120.270416,6.732936,127.913843,121.208303,6.705541
126.977921,120.239338,6.738582,127.881499,121.145005,6.736494
126.842759,120.087819,6.754940,127.932092,121.206683,6.725409
126.835301,120.100385,6.734915,127.720759,121.039411,6.681348
126.774665,120.027743,6.746922,128.133230,121.453554,6.679676
126.883644,120.150472,6.733172,127.658265,120.963899,6.694367
126.900365,120.176745,6.723620,127.569450,120.863773,6.705676
126.826279,120.081735,6.744544,128.281098,121.627207,6.653891
126.824872,120.067452,6.757421,128.211392,121.493276,6.718116
126.697222,119.942965,6.754257,127.760211,121.052439,6.707772
126.823471,120.064201,6.759270,127.447861,120.711694,6.736167
126.736968,119.984191,6.752777,128.114646,121.414428,6.700218
126.744244,119.996435,6.747809,127.749169,121.019534,6.729635
126.701464,119.937426,6.764038,127.923194,121.207781,6.715413
126.688325,119.934291,6.754035,127.691730,120.985696,6.706034
126.709930,119.944113,6.765817,128.048086,121.341426,6.706660
126.634911,119.887546,6.747365,127.431397,120.706631,6.724766
126.578841,119.824575,6.754266,127.617673,120.902972,6.714701
126.537526,119.784265,6.753262,127.642338,120.931192,6.711147
126.600477,119.852213,6.748265,127.744273,121.043957,6.700316
126.568088,119.811528,6.756560,127.734223,121.031217,6.703006
126.608478,119.862063,6.746415,127.716482,121.020409,6.696073
126.701608,119.964662,6.736946,128.291944,121.618741,6.673203
126.662093,119.921521,6.740573,127.979450,121.265109,6.714341
126.462621,119.701524,6.761098,127.906811,121.212256,6.694555
126.591170,119.829173,6.761997,127.949271,121.237538,6.711733
126.561443,119.799606,6.761838,127.711524,120.993826,6.717699
126.401467,119.637574,6.763893,127.761411,121.062115,6.699296
126.510237,119.755048,6.755189,128.496765,121.806052,6.690712
126.413705,119.654288,6.759417,127.806453,121.080852,6.725602
126.408339,119.636656,6.771683,127.988369,121.274134,6.714235
126.424416,119.659804,6.764612,127.635200,120.921772,6.713427
126.315660,119.551029,6.764631,127.734934,121.033074,6.701861
126.490939,119.738494,6.752445,127.752698,121.002681,6.750017
126.319366,119.560723,6.758643,127.491492,120.775009,6.716483
126.332488,119.575114,6.757374,127.830709,121.132099,6.698611
126.542171,119.794654,6.747517,127.808365,121.093780,6.714586
126.512274,119.768568,6.743707,127.671769,120.971822,6.699948
126.470611,119.710311,6.760300,127.587853,120.861829,6.726024
126.452913,119.693959,6.758954,127.913971,121.193128,6.720843
126.300422,119.542107,6.758315,127.595924,120.869850,6.726074
