240.521718,237.393505,3.128212,191.977327,188.181820,3.795508
182.624353,176.169165,6.455188,169.198064,159.076636,10.121427
158.089829,145.687415,12.402414,149.359793,135.447819,13.911974
144.584485,129.238939,15.345545,139.648296,123.115636,16.532660
137.297210,120.090720,17.206490,133.809140,115.713121,18.096019
132.386637,113.915183,18.471454,129.735936,110.874005,18.861932
129.113828,109.735458,19.378371,126.962355,107.261085,19.701270
126.644979,106.673512,19.971468,124.673399,104.522373,20.151026
124.745078,104.336767,20.408311,123.435842,102.800403,20.635440
123.215124,102.453903,20.761221,122.000777,101.172905,20.827872
121.901173,100.943675,20.957498,120.693414,99.538334,21.155080
120.849167,99.629886,21.219281,119.741518,98.475055,21.266463
119.819993,98.399715,21.420279,119.220827,97.772358,21.448470
119.026591,97.456349,21.570242,118.399291,96.827214,21.572077
118.218524,96.588828,21.629696,117.432415,95.945453,21.486962
117.477001,95.744426,21.732575,116.807077,94.930510,21.876567
116.879213,95.017950,21.861263,116.740632,94.943294,21.797339
116.308332,94.314997,21.993335,115.911102,93.852082,22.059019
115.729638,93.687387,22.042252,115.739810,93.798276,21.941534
115.193942,93.052413,22.141529,114.839155,92.906134,21.933020
114.727189,92.566168,22.161022,114.925480,92.878879,22.046601
114.316177,92.139944,22.176233,114.687948,92.541430,22.146518
113.787088,91.513951,22.273137,113.995425,91.896362,22.099064
113.407159,91.149736,22.257424,113.612892,91.377507,22.235386
113.078913,90.783662,22.295251,113.280711,91.058871,22.221840
112.635277,90.324977,22.310300,113.151818,90.852679,22.299139
112.260539,89.918087,22.342452,112.695756,90.506256,22.189500
111.913553,89.576803,22.336750,112.495287,90.220975,22.274313
111.583670,89.245063,22.338608,112.113622,89.842006,22.271616
111.313997,88.917299,22.396698,111.661262,89.397186,22.264076
110.929197,88.569907,22.359291,111.675733,89.569298,22.106435
110.777928,88.383459,22.394469,111.032221,88.638437,22.393783
110.413153,87.991392,22.421761,110.826619,88.639711,22.186908
110.121856,87.770046,22.351810,110.770526,88.532312,22.238213
109.869271,87.558581,22.310691,110.640266,88.343512,22.296754
109.655391,87.236016,22.419375,110.236627,87.902990,22.333637
109.282021,86.830650,22.451371,110.311822,88.005363,22.306460
109.083145,86.691236,22.391909,109.816884,87.541931,22.274954
108.828235,86.517847,22.310388,109.630421,87.334142,22.296279
108.657669,86.296091,22.361578,109.525123,87.272129,22.252994
108.427463,86.021231,22.406231,109.210660,86.797398,22.413262
108.102349,85.739067,22.363283,108.979531,86.690963,22.288568
108.045543,85.599355,22.446188,109.243767,86.943711,22.300056
107.742532,85.297352,22.445180,108.728379,86.338706,22.389673
107.555043,85.162717,22.392326,108.708455,86.474327,22.234128
107.334734,84.964978,22.369755,108.508436,86.167439,22.340998
107.147087,84.737384,22.409704,108.366073,86.134900,22.231173
107.034166,84.657719,22.376447,107.965469,85.716404,22.249065
106.800111,84.470047,22.330064,107.699289,85.490457,22.208832
106.590578,84.215699,22.374879,107.791607,85.582679,22.208928
106.372626,84.026171,22.346455,107.493418,85.191802,22.301616
106.301640,83.883732,22.417907,107.350558,85.029170,22.321388
105.980498,83.656840,22.323658,107.254576,85.092872,22.161703
105.910075,83.567180,22.342895,107.047086,84.953458,22.093628
105.710251,83.440546,22.269705,107.062695,84.941413,22.121282
105.600742,83.300283,22.300459,107.062705,84.859255,22.203450
105.434844,83.116309,22.318535,107.127406,85.027777,22.099629
105.329819,83.018398,22.311420,106.682267,84.487980,22.194287
105.182207,82.831587,22.350620,106.880295,84.675072,22.205222
104.981965,82.662036,22.319929,106.371611,84.105405,22.266206
104.874135,82.542201,22.331934,106.166759,83.917876,22.248883
104.754683,82.437629,22.317054,106.055520,83.970382,22.085137
104.623377,82.305594,22.317783,106.118584,84.051270,22.067314
104.496796,82.168879,22.327917,106.172851,84.034243,22.138607
104.345832,82.034820,22.311012,105.719191,83.536989,22.182202
104.189417,81.889401,22.300016,105.918143,83.756752,22.161392
104.125379,81.788477,22.336902,105.524516,83.470357,22.054159
104.020645,81.744527,22.276118,105.666017,83.414166,22.251850
103.921068,81.605442,22.315626,105.272931,83.073458,22.199473
103.781705,81.431764,22.349941,105.761838,83.515957,22.245881
103.605777,81.256534,22.349243,105.446788,83.316810,22.129978
103.535096,81.269528,22.265568,105.205142,82.981939,22.223203
103.473254,81.208844,22.264410,105.221844,83.026653,22.195192
103.331065,81.023420,22.307645,104.939223,82.773633,22.165589
103.223018,80.933279,22.289738,105.135956,82.901838,22.234118
103.155942,80.811510,22.344432,104.938988,82.681332,22.257656
103.101008,80.768264,22.332744,104.817471,82.613827,22.203643
102.966356,80.642606,22.323750,104.574356,82.392722,22.181634
102.864365,80.569047,22.295318,104.605263,82.510800,22.094463
102.846644,80.542303,22.304340,104.737564,82.520109,22.217454
102.692139,80.398833,22.293306,104.477455,82.225511,22.251944
102.622947,80.277020,22.345927,104.418722,82.248689,22.170033
102.543127,80.249755,22.293372,104.422476,82.222964,22.199512
102.431754,80.106118,22.325636,104.452093,82.239683,22.212410
102.384090,80.071045,22.313046,104.204935,82.052303,22.152632
102.257617,79.946365,22.311251,104.241844,82.068998,22.172846
102.214834,79.905694,22.309140,104.154582,81.969809,22.184774
102.158101,79.855388,22.302713,104.301156,82.098917,22.202239
102.001172,79.728299,22.272873,104.151995,82.053650,22.098345
102.033268,79.761222,22.272046,104.131891,82.042354,22.089537
101.866556,79.533541,22.333014,103.998543,81.774733,22.223811
101.847774,79.535126,22.312648,103.983142,81.911553,22.071589
101.801793,79.491960,22.309833,103.799317,81.663570,22.135747
101.722847,79.370485,22.352362,103.827650,81.658757,22.168894
101.608497,79.322798,22.285698,103.842411,81.714690,22.127720
101.641749,79.319997,22.321752,103.537212,81.290892,22.246319
101.528012,79.193838,22.334174,103.590420,81.379700,22.210720
101.489644,79.163104,22.326541,103.568126,81.342990,22.225135
101.363787,79.047407,22.316380,103.512612,81.311301,22.201311
101.280807,78.946834,22.333973,103.688806,81.596100,22.092706
101.379556,79.013596,22.365961,103.673204,81.428883,22.244321
101.115373,78.764693,22.350680,103.480976,81.378803,22.102173
101.147059,78.828378,22.318681,103.329874,81.130242,22.199632
101.089036,78.767692,22.321344,103.647244,81.306697,22.340546
101.051763,78.698233,22.353530,103.299400,81.207126,22.092275
101.009629,78.640727,22.368902,103.430368,81.207993,22.222376
100.977983,78.630448,22.347536,103.249018,81.086440,22.162579
100.846038,78.520874,22.325165,103.243610,81.066857,22.176753
100.872162,78.511360,22.360802,103.218977,81.010021,22.208957
100.761811,78.458859,22.302952,103.338445,81.117242,22.221203
100.769829,78.423144,22.346685,102.997395,80.806061,22.191333
100.711758,78.394712,22.317046,103.204115,81.005472,22.198643
100.663510,78.294357,22.369152,103.011326,80.739285,22.272041
100.668873,78.250492,22.418382,102.988559,80.829735,22.158825
100.499907,78.121586,22.378320,103.096421,80.882172,22.214249
100.411255,78.080612,22.330643,103.157216,81.005407,22.151810
100.488707,78.144587,22.344120,103.064770,80.834168,22.230602
100.455370,78.111931,22.343440,103.125557,80.928296,22.197261
100.359896,78.073252,22.286644,102.870406,80.803512,22.066894
100.405622,78.085399,22.320224,102.906285,80.626430,22.279855
100.253080,77.915127,22.337954,102.949412,80.687867,22.261545
100.199974,77.883867,22.316107,102.783532,80.563777,22.219755
100.249591,77.903718,22.345873,102.826196,80.628714,22.197482
100.167396,77.764297,22.403099,102.913770,80.665737,22.248034
100.104809,77.734297,22.370511,102.674863,80.546999,22.127864
100.043922,77.712574,22.331347,102.971352,80.780535,22.190817
100.071965,77.658729,22.413235,102.803930,80.614255,22.189675
99.996930,77.666753,22.330178,103.037981,80.824787,22.213194
99.985507,77.641956,22.343552,102.842921,80.561830,22.281091
99.987221,77.577901,22.409320,102.647608,80.316918,22.330690
99.940888,77.502673,22.438215,102.552922,80.292328,22.260593
99.850442,77.451952,22.398490,102.646869,80.499616,22.147253
99.825488,77.404254,22.421233,102.399960,80.108034,22.291926
99.835982,77.386017,22.449966,102.509055,80.183235,22.325820
99.811077,77.381139,22.429938,102.706857,80.516157,22.190700
99.745747,77.347995,22.397752,102.822853,80.428784,22.394068
99.663172,77.267456,22.395716,102.720312,80.475621,22.244692
99.719891,77.330427,22.389464,102.440523,80.257869,22.182655
99.848003,77.302969,22.545034,102.493414,80.154080,22.339334
99.543376,77.133435,22.409941,102.536100,80.350124,22.185976
99.639521,77.216408,22.423113,102.403767,80.108265,22.295503
99.514521,77.130694,22.383827,102.563752,80.335594,22.228158
99.518787,77.103485,22.415302,102.500612,80.299746,22.200866
99.487677,77.096652,22.391025,102.790878,80.508930,22.281948
99.484707,77.047129,22.437577,102.413064,80.126259,22.286804
99.398298,76.898175,22.500123,102.443839,80.144332,22.299508
99.392186,76.940886,22.451300,102.494855,80.189443,22.305413
99.332383,76.913311,22.419073,102.502462,80.185510,22.316951
99.277714,76.829246,22.448468,102.245122,79.944737,22.300385
99.280380,76.806723,22.473657,102.414682,80.100900,22.313783
99.267024,76.824768,22.442255,102.506432,80.158780,22.347652
99.263487,76.784610,22.478877,102.492767,80.163014,22.329753
99.262183,76.782969,22.479214,102.424692,80.080575,22.344117
99.191351,76.732241,22.459109,102.468152,80.189102,22.279049
99.152512,76.743888,22.408624,102.165732,79.881007,22.284725
99.214426,76.744202,22.470224,102.431784,80.081746,22.350038
99.137591,76.653782,22.483809,102.226153,79.946565,22.279589
99.111217,76.618591,22.492626,102.310389,79.968934,22.341455
99.122518,76.628801,22.493717,102.208120,79.812105,22.396015
99.084287,76.596616,22.487671,102.211298,79.882614,22.328684
