241.777245,238.569543,3.207702,190.584279,186.149149,4.435131
174.075081,165.110997,8.964083,158.364835,145.588582,12.776253
152.374987,138.343266,14.031721,145.392587,130.077862,15.314724
142.328798,125.861611,16.467187,138.335138,120.827881,17.507258
136.403446,118.297209,18.106237,133.122987,114.383531,18.739456
132.144688,112.892866,19.251822,129.715816,110.056965,19.658849
129.078934,109.125796,19.953138,126.722732,106.427454,20.295278
126.683529,106.234065,20.449464,124.806049,104.053449,20.752600
124.706501,103.798046,20.908455,123.101175,101.997284,21.103891
123.184048,102.040321,21.143727,122.019673,100.748941,21.270731
121.779438,100.310371,21.469066,120.701547,99.238795,21.462753
120.659156,99.045562,21.613594,119.375006,97.698668,21.676338
119.550893,97.797929,21.752964,118.646119,96.837416,21.808703
118.807760,96.816059,21.991701,117.611573,95.670312,21.941261
117.986549,95.897027,22.089522,117.209819,94.957022,22.252797
117.245700,95.054015,22.191685,116.441747,94.259985,22.181762
116.526234,94.266580,22.259654,115.867483,93.590368,22.277115
115.961769,93.587127,22.374643,115.816854,93.394238,22.422617
115.389270,92.923743,22.465527,115.118288,92.611700,22.506588
114.871680,92.351516,22.520164,114.818500,92.263100,22.555401
114.317130,91.795589,22.521541,114.074359,91.563344,22.511014
113.865388,91.258994,22.606393,113.657698,90.997099,22.660599
113.409214,90.740998,22.668216,113.480050,90.820818,22.659232
112.957539,90.306274,22.651265,112.837305,90.134873,22.702432
112.560195,89.815133,22.745062,112.645988,89.880919,22.765070
112.185839,89.448762,22.737077,112.269411,89.438572,22.830839
111.888921,89.051784,22.837137,112.120527,89.381552,22.738975
111.462298,88.639640,22.822658,111.619867,88.811156,22.808711
111.110726,88.322348,22.788379,111.440502,88.717408,22.723094
110.869509,88.088141,22.781368,111.251298,88.440936,22.810362
110.608166,87.678283,22.929883,110.838419,87.903573,22.934845
110.311231,87.397983,22.913247,110.809675,87.859344,22.950332
110.050902,87.090365,22.960537,110.441783,87.585243,22.856539
109.751270,86.803763,22.947508,110.133309,87.212408,22.920902
109.642320,86.651144,22.991175,109.932199,87.003044,22.929155
109.315504,86.360138,22.955365,109.659753,86.689613,22.970139
109.044018,86.001354,23.042664,109.392815,86.483392,22.909423
108.834171,85.842642,22.991529,109.554874,86.586513,22.968361
108.673368,85.561609,23.111759,109.185515,86.182045,23.003471
108.356416,85.297711,23.058705,109.041971,86.113975,22.927996
108.242536,85.135674,23.106861,109.206607,86.073079,23.133528
108.046783,84.890061,23.156722,108.882436,85.757120,23.125317
107.863250,84.740606,23.122644,108.520220,85.547410,22.972810
107.664231,84.557926,23.106305,108.252306,85.129298,23.123009
107.491056,84.345154,23.145902,108.237937,85.254673,22.983264
107.298126,84.172867,23.125259,108.353199,85.163630,23.189568
107.141447,83.975261,23.166186,108.343265,85.239033,23.104231
106.964861,83.853737,23.111123,108.065881,85.021559,23.044322
106.807820,83.631936,23.175884,107.518697,84.465542,23.053154
106.562634,83.424145,23.138488,107.598500,84.544459,23.054040
106.545181,83.382017,23.163164,107.672453,84.498837,23.173616
106.374523,83.138227,23.236296,107.363640,84.221464,23.142177
106.192396,83.024970,23.167427,107.064807,84.099225,22.965582
106.057739,82.921197,23.136542,107.342529,84.243936,23.098594
105.916008,82.764540,23.151468,107.152519,84.074181,23.078338
105.760284,82.553853,23.206431,106.795302,83.659445,23.135857
105.715667,82.522356,23.193311,106.854126,83.750856,23.103270
105.576576,82.412093,23.164483,106.886769,83.781711,23.105058
105.456496,82.290608,23.165887,106.791194,83.612343,23.178851
105.310227,82.107049,23.203178,106.865058,83.705734,23.159323
105.260296,82.080528,23.179768,106.569825,83.480355,23.089469
105.119608,81.895100,23.224509,106.254843,83.130019,23.124824
104.975071,81.803421,23.171650,106.369707,83.370972,22.998735
104.880653,81.717551,23.163103,106.551517,83.389431,23.162086
104.840168,81.599769,23.240399,106.273576,83.051143,23.222434
104.658524,81.436661,23.221863,106.345131,83.258983,23.086149
104.631820,81.362221,23.269599,106.048552,82.906437,23.142115
104.497943,81.273537,23.224407,105.920974,82.744883,23.176091
104.436934,81.231840,23.205094,106.045936,82.902457,23.143478
104.311206,81.088583,23.222623,105.821323,82.745251,23.076073
104.334934,81.077809,23.257125,105.896296,82.747945,23.148351
104.126945,80.900327,23.226618,105.680806,82.560757,23.120049
104.069136,80.836535,23.232601,105.796723,82.686811,23.109912
104.023029,80.738215,23.284814,105.890174,82.773676,23.116499
103.960194,80.689575,23.270619,105.375401,82.103006,23.272395
103.889049,80.581567,23.307483,105.857939,82.655650,23.202289
103.825662,80.485895,23.339767,105.690466,82.502173,23.188293
103.729284,80.406979,23.322304,105.580536,82.283452,23.297083
103.631936,80.310000,23.321936,105.243707,81.938255,23.305452
103.588769,80.207814,23.380955,105.299594,82.035426,23.264167
103.518898,80.165907,23.352991,105.368124,82.129178,23.238947
103.463497,80.162401,23.301096,105.434916,82.104651,23.330265
103.381011,80.063028,23.317983,105.498854,82.278219,23.220635
103.386864,80.050694,23.336170,105.079361,81.812497,23.266863
103.319323,79.893393,23.425931,105.068231,81.690838,23.377393
103.245669,79.840234,23.405435,105.079422,81.698811,23.380611
103.188901,79.796716,23.392186,104.971707,81.711577,23.260130
103.159355,79.743642,23.415713,104.983228,81.635441,23.347786
103.032633,79.682299,23.350335,105.113138,81.862554,23.250584
103.024943,79.623334,23.401609,105.305734,81.933241,23.372493
103.018345,79.613497,23.404848,105.191472,81.851115,23.340357
102.980199,79.609242,23.370957,104.819906,81.562832,23.257074
102.825009,79.411397,23.413612,105.020416,81.777717,23.242699
102.834519,79.434132,23.400387,105.272586,81.999800,23.272787
102.736727,79.317153,23.419574,104.931778,81.579006,23.352772
102.721097,79.286358,23.434740,104.897170,81.527599,23.369571
102.654477,79.201299,23.453178,104.727527,81.357027,23.370500
102.716032,79.216328,23.499704,105.163044,81.811368,23.351675
102.622558,79.179404,23.443154,104.627576,81.253926,23.373650
102.555210,79.118658,23.436552,104.746777,81.459395,23.287382
102.534467,79.104897,23.429569,104.686091,81.284763,23.401329
102.466994,79.035196,23.431798,104.592361,81.266308,23.326053
102.442717,78.975276,23.467441,104.652869,81.261716,23.391153
102.420457,78.940240,23.480217,104.575325,81.093188,23.482137
102.372599,78.894553,23.478047,104.419168,81.055966,23.363202
102.340415,78.845043,23.495372,104.529797,81.163029,23.366768
102.276165,78.819680,23.456485,104.740579,81.364365,23.376214
102.335088,78.836293,23.498795,104.570580,81.171051,23.399529
102.195180,78.683007,23.512173,104.688843,81.352085,23.336759
102.117897,78.644930,23.472967,104.517019,81.072259,23.444760
102.130941,78.675959,23.454982,104.564794,81.126175,23.438619
102.150710,78.658388,23.492322,104.408423,81.026161,23.382262
102.097289,78.607656,23.489633,104.681315,81.292488,23.388827
102.088553,78.618702,23.469851,104.472078,81.174120,23.297959
102.018925,78.536633,23.482292,104.423688,81.053121,23.370567
101.983753,78.492853,23.490901,104.235417,80.915610,23.319807
101.903909,78.451700,23.452208,104.338388,80.977232,23.361156
101.915288,78.409388,23.505900,104.331638,81.002296,23.329342
101.817531,78.372040,23.445491,104.201800,80.834080,23.367719
101.816930,78.305556,23.511373,104.316105,80.839103,23.477002
101.882148,78.355991,23.526157,104.171408,80.786497,23.384911
101.828319,78.314199,23.514120,104.459706,81.144336,23.315370
101.756100,78.254104,23.501997,104.422321,80.993844,23.428477
101.735009,78.241850,23.493159,104.194241,80.778608,23.415634
101.688541,78.189498,23.499043,104.197508,80.779064,23.418444
101.657661,78.122475,23.535187,104.367530,80.975836,23.391694
101.632043,78.133728,23.498314,104.136947,80.743195,23.393752
101.584938,78.078542,23.506396,104.141553,80.676095,23.465458
101.571750,78.073759,23.497991,104.217659,80.861797,23.355862
101.558973,78.053722,23.505251,104.251957,80.804146,23.447812
101.552567,78.024049,23.528518,104.344030,80.877007,23.467023
101.463664,77.963620,23.500044,104.144140,80.728215,23.415925
101.493974,77.980177,23.513797,104.343353,80.900130,23.443224
101.476800,77.955316,23.521484,104.254124,80.782236,23.471888
101.371029,77.908683,23.462346,103.985625,80.650159,23.335466
101.356891,77.873834,23.483058,103.917783,80.497716,23.420068
101.359081,77.855069,23.504012,103.908036,80.522443,23.385593
101.282456,77.837122,23.445333,103.913629,80.546831,23.366799
101.345932,77.866090,23.479842,103.928999,80.565789,23.363210
101.307317,77.790641,23.516677,104.246925,80.813587,23.433339
101.246558,77.741355,23.505203,104.174782,80.759853,23.414929
101.283634,77.789063,23.494571,104.243446,80.844540,23.398906
101.171307,77.701344,23.469963,104.114087,80.664541,23.449547
101.207912,77.720149,23.487763,104.035085,80.637145,23.397939
101.072594,77.605198,23.467396,103.804409,80.365841,23.438568
101.183143,77.658547,23.524596,103.793147,80.351993,23.441154
101.088438,77.613457,23.474981,103.907575,80.510635,23.396941
101.019884,77.526703,23.493181,103.924408,80.526442,23.397965
101.045130,77.575159,23.469971,103.982609,80.477293,23.505316
101.043343,77.545270,23.498073,104.047012,80.703341,23.343671
100.947921,77.480927,23.466995,103.888193,80.532856,23.355338
101.017121,77.524159,23.492963,104.198585,80.738080,23.460505
100.978573,77.442363,23.536211,103.761842,80.292046,23.469796
100.937792,77.428363,23.509430,103.895729,80.502475,23.393253
100.967047,77.447014,23.520033,104.022602,80.581293,23.441309
100.983396,77.408392,23.575004,104.034843,80.599885,23.434958
100.906142,77.400561,23.505581,103.995386,80.581082,23.414303
100.921447,77.401019,23.520428,103.901815,80.478040,23.423776
100.849452,77.321644,23.527808,103.785887,80.356758,23.429128
100.888400,77.318116,23.570284,104.100508,80.595250,23.505258
