243.890232,238.764981,5.125250,190.044797,185.115934,4.928863
174.949350,165.774380,9.174970,158.684777,145.442667,13.242109
152.964062,138.381637,14.582425,146.456945,130.750351,15.706595
142.691230,125.678670,17.012560,138.163102,120.173074,17.990027
136.335371,117.723070,18.612301,132.913315,113.806230,19.107084
132.110978,112.462909,19.648069,129.065914,109.011741,20.054173
128.965038,108.593951,20.371088,127.009519,106.347992,20.661527
126.521120,105.639649,20.881471,124.608307,103.587670,21.020636
124.653740,103.478506,21.175234,122.971930,101.632631,21.339299
123.150234,101.691224,21.459010,122.015302,100.405378,21.609924
121.894172,100.192113,21.702059,120.581236,98.791307,21.789929
120.677810,98.811972,21.865838,119.625075,97.821532,21.803544
119.686419,97.716042,21.970377,118.801283,96.749258,22.052025
118.710902,96.627307,22.083595,118.282916,96.207981,22.074935
117.926718,95.723703,22.203015,116.890397,94.674262,22.216135
117.205523,94.915745,22.289778,116.326126,93.978854,22.347272
116.503328,94.138024,22.365303,116.060033,93.688640,22.371393
115.820933,93.471328,22.349605,115.522171,93.203630,22.318541
115.258904,92.870323,22.388582,115.078657,92.745072,22.333585
114.769356,92.372867,22.396489,114.552675,92.272067,22.280608
114.286655,91.909730,22.376925,113.846773,91.449624,22.397149
113.745093,91.332796,22.412297,113.688547,91.352225,22.336322
113.298454,90.911072,22.387382,113.359725,90.948491,22.411235
112.866208,90.454473,22.411735,113.034819,90.657496,22.377323
112.621471,90.219521,22.401951,112.499330,90.028332,22.470998
112.255012,89.880821,22.374191,112.199136,89.932685,22.266451
111.879481,89.528521,22.350960,112.025817,89.759017,22.266800
111.554429,89.202911,22.351519,111.678053,89.358708,22.319345
111.229717,88.939710,22.290008,111.692610,89.332615,22.359994
110.951022,88.652745,22.298277,111.554838,89.348908,22.205930
110.648848,88.362590,22.286258,110.905267,88.711127,22.194140
110.438502,88.120355,22.318148,110.853555,88.562302,22.291253
110.075548,87.756998,22.318550,110.596377,88.232864,22.363513
109.923996,87.600541,22.323455,110.240801,87.972675,22.268125
109.565955,87.238870,22.327085,110.044224,87.800245,22.243979
109.329724,87.034787,22.294938,109.861892,87.657645,22.204247
109.120157,86.800705,22.319452,109.555612,87.206462,22.349150
108.894532,86.566008,22.328525,109.474149,87.155356,22.318793
108.623436,86.296672,22.326764,108.842074,86.730008,22.112066
108.435167,86.146493,22.288674,108.865956,86.568364,22.297592
108.197133,85.893003,22.304131,108.625875,86.421054,22.204821
108.016763,85.714354,22.302409,108.628153,86.397166,22.230987
107.818522,85.497584,22.320937,108.502806,86.229210,22.273595
107.614542,85.284984,22.329557,108.125545,85.851430,22.274115
107.399739,85.087047,22.312692,107.903360,85.674997,22.228363
107.204481,84.836518,22.367963,107.748698,85.475975,22.272723
107.008250,84.674300,22.333951,107.786619,85.616861,22.169759
106.885147,84.541153,22.343994,107.512525,85.197952,22.314574
106.687582,84.372801,22.314781,107.506286,85.202561,22.303725
106.497259,84.165776,22.331483,107.419596,85.065132,22.354464
106.421372,84.024118,22.397254,107.098711,84.772595,22.326117
106.169446,83.792367,22.377079,107.257955,84.890312,22.367644
106.031099,83.674783,22.356316,106.943461,84.620841,22.322621
105.847354,83.507568,22.339785,106.723126,84.343378,22.379748
105.737564,83.330245,22.407319,106.471015,84.079696,22.391319
105.561747,83.132881,22.428866,106.587151,84.179599,22.407551
105.432616,83.045800,22.386815,106.577499,84.189826,22.387673
105.265861,82.827906,22.437955,106.228209,83.786005,22.442205
105.174982,82.777054,22.397928,106.251904,84.010532,22.241373
105.010665,82.579550,22.431115,105.588537,83.117187,22.471350
104.849538,82.443745,22.405793,105.938401,83.542830,22.395572
104.708259,82.250695,22.457564,105.846532,83.477824,22.368707
104.584924,82.151557,22.433367,105.794370,83.342606,22.451764
104.524616,82.047292,22.477324,105.497997,83.113354,22.384643
104.359449,81.910824,22.448625,105.318230,82.937104,22.381126
104.223436,81.762846,22.460590,105.151893,82.781759,22.370135
104.087170,81.674495,22.412675,104.887524,82.530912,22.356613
103.991412,81.525539,22.465873,105.067225,82.605030,22.462195
103.870350,81.385459,22.484891,104.905423,82.543781,22.361642
103.784075,81.331316,22.452759,105.100126,82.607006,22.493121
103.652677,81.165279,22.487398,104.979129,82.536046,22.443083
103.562095,81.037856,22.524239,104.923803,82.428303,22.495500
103.497159,80.978559,22.518600,104.581750,82.200625,22.381125
103.334479,80.867130,22.467350,104.495242,82.174362,22.320880
103.246295,80.738689,22.507606,104.569548,82.092094,22.477454
103.176655,80.694416,22.482239,104.193446,81.833940,22.359507
103.114915,80.594869,22.520047,104.407979,81.976026,22.431953
102.962297,80.447438,22.514859,104.319585,81.847170,22.472416
102.933607,80.436872,22.496734,104.149743,81.714731,22.435012
102.869217,80.367715,22.501502,104.445020,82.035327,22.409692
102.753232,80.259238,22.493994,104.222467,81.848448,22.374019
102.683576,80.199149,22.484427,104.338787,81.894295,22.444492
102.636933,80.133228,22.503705,104.085989,81.610302,22.475687
102.524977,80.000750,22.524227,104.187238,81.740448,22.446790
102.494338,79.954747,22.539590,103.920188,81.427507,22.492681
102.409459,79.892555,22.516904,103.920326,81.426701,22.493625
102.319046,79.802437,22.516609,103.805673,81.379872,22.425801
102.351783,79.797497,22.554287,103.983521,81.457570,22.525950
102.201822,79.592339,22.609483,103.686421,81.155331,22.531091
102.146966,79.596593,22.550373,103.700863,81.226817,22.474047
102.073919,79.476412,22.597507,103.608682,81.125715,22.482967
101.953644,79.343922,22.609723,103.680546,81.151379,22.529167
101.973119,79.393923,22.579196,103.441303,80.970490,22.470814
101.885139,79.235846,22.649293,103.667120,81.083290,22.583830
101.809669,79.185281,22.624388,103.483783,81.011121,22.472661
101.774690,79.126494,22.648197,103.456071,80.929266,22.526805
101.729507,79.065756,22.663751,103.283699,80.746598,22.537101
101.657723,79.034755,22.622968,103.482211,80.928188,22.554022
101.622553,78.974675,22.647878,103.199003,80.673208,22.525795
101.536832,78.920032,22.616800,103.511106,81.036368,22.474738
101.469346,78.847545,22.621801,103.430193,80.934900,22.495293
101.453000,78.799270,22.653730,103.060230,80.556973,22.503257
101.300628,78.622542,22.678086,103.129226,80.568348,22.560878
101.337654,78.657290,22.680364,103.019621,80.379317,22.640304
101.261899,78.594052,22.667847,103.110532,80.479386,22.631146
101.160303,78.471497,22.688807,102.947027,80.301311,22.645716
101.135865,78.464298,22.671566,102.868797,80.314823,22.553974
101.118518,78.445944,22.672574,103.077112,80.445958,22.631154
101.020817,78.311484,22.709333,102.929589,80.331321,22.598268
100.986771,78.274702,22.712069,102.777337,80.114235,22.663103
100.959498,78.264001,22.695497,102.992750,80.347258,22.645492
100.883353,78.155819,22.727535,102.752897,80.161227,22.591669
100.848425,78.136932,22.711494,102.955286,80.348561,22.606725
100.871999,78.206884,22.665115,102.648316,80.000148,22.648169
100.754217,78.042442,22.711775,102.854754,80.119168,22.735587
100.738399,78.060498,22.677901,102.811575,80.266182,22.545393
100.687962,78.016350,22.671611,102.777235,80.212536,22.564700
100.657541,77.937670,22.719871,102.640413,80.097938,22.542475
100.601840,77.949023,22.652817,102.557216,79.945091,22.612125
100.554727,77.862320,22.692407,102.582551,79.905646,22.676905
100.450848,77.821066,22.629782,102.515447,79.943484,22.571963
100.487568,77.787064,22.700504,102.506245,79.831431,22.674815
100.515237,77.825735,22.689502,102.574245,79.941004,22.633242
100.382631,77.672062,22.710569,102.530551,79.877500,22.653050
100.402861,77.681423,22.721438,102.546832,79.903730,22.643102
100.310477,77.618991,22.691486,102.496336,79.918430,22.577906
100.277238,77.574985,22.702253,102.561466,79.865249,22.696216
100.258392,77.544763,22.713629,102.496565,79.863621,22.632944
100.236772,77.533898,22.702875,102.319247,79.732528,22.586719
100.141212,77.442659,22.698553,102.708358,80.086207,22.622152
100.183770,77.482694,22.701076,102.702343,80.132376,22.569966
100.208317,77.473755,22.734563,102.614939,79.891057,22.723881
100.126038,77.399910,22.726128,102.476731,79.857651,22.619080
100.088269,77.374204,22.714065,102.195165,79.583774,22.611392
100.119065,77.406983,22.712081,102.342420,79.669335,22.673086
100.037800,77.302954,22.734846,102.326513,79.629896,22.696617
100.017344,77.277640,22.739704,102.270060,79.631113,22.638946
100.079575,77.331492,22.748084,102.339984,79.750450,22.589534
99.998772,77.236573,22.762199,102.170990,79.590129,22.580861
99.905974,77.175171,22.730803,102.323366,79.692599,22.630767
99.977662,77.259411,22.718250,102.262691,79.643705,22.618986
99.925788,77.202675,22.723113,102.221088,79.577302,22.643787
99.906370,77.168657,22.737712,102.295619,79.562114,22.733506
99.876117,77.112197,22.763920,102.395001,79.701183,22.693818
99.922003,77.131547,22.790456,102.202623,79.472394,22.730229
99.819438,77.044232,22.775207,102.226881,79.550558,22.676323
99.835634,77.047739,22.787895,102.067772,79.335530,22.732243
99.776885,76.988688,22.788197,102.047478,79.352334,22.695144
99.776071,76.985914,22.790157,102.123293,79.411959,22.711334
99.803774,77.029055,22.774719,102.120926,79.418458,22.702467
99.726772,76.899808,22.826963,102.204723,79.463366,22.741357
99.701730,76.887378,22.814352,101.941346,79.314897,22.626448
99.712390,76.912090,22.800300,102.214061,79.479665,22.734396
99.714751,76.900753,22.813998,102.095659,79.396438,22.699221
99.698421,76.881499,22.816922,102.081443,79.397472,22.683971
99.676864,76.862990,22.813873,102.251930,79.581039,22.670891
99.680570,76.854294,22.826276,102.055041,79.274679,22.780362
99.699712,76.855752,22.843961,102.468023,79.774197,22.693826
99.634665,76.799715,22.834950,101.963785,79.242392,22.721393
99.583707,76.775190,22.808518,102.279036,79.554387,22.724649
