257.680175,254.699954,2.980221,196.053248,193.102343,2.950905
192.620986,189.198028,3.422958,189.055926,185.116926,3.938999
180.145836,173.331638,6.814198,169.460950,160.107688,9.353263
162.627877,151.472349,11.155528,155.803174,143.178297,12.624878
152.408807,138.824996,13.583811,148.416191,133.894323,14.521868
145.940482,130.783277,15.157205,142.470899,126.701252,15.769647
140.579460,123.950164,16.629295,137.074892,119.560380,17.514511
136.048677,117.992679,18.055998,133.386261,114.663162,18.723099
132.778281,113.779557,18.998723,130.385784,111.004850,19.380935
130.332587,110.627643,19.704944,128.805769,108.687009,20.118760
128.450215,108.203517,20.246698,126.968530,106.385667,20.582863
126.889350,106.192369,20.696981,125.856376,104.850344,21.006033
125.656807,104.723277,20.933530,124.463556,103.328174,21.135381
124.524069,103.300877,21.223191,123.693350,102.260058,21.433293
123.694043,102.143746,21.550296,123.039613,101.204582,21.835032
122.843704,101.084833,21.758870,122.060118,100.229048,21.831070
122.041019,100.204768,21.836251,121.434142,99.518398,21.915744
121.358115,99.321759,22.036356,120.957913,98.832487,22.125426
120.834076,98.640647,22.193430,120.583048,98.324003,22.259045
120.248972,97.977092,22.271881,120.175105,97.718896,22.456209
119.799171,97.386427,22.412744,119.698694,97.361942,22.336753
119.256912,96.791461,22.465451,119.297737,96.781638,22.516098
118.821887,96.208093,22.613794,119.296024,96.774866,22.521159
118.491610,95.785676,22.705935,118.807587,96.022715,22.784872
118.009393,95.252933,22.756460,118.287784,95.771517,22.516267
117.646091,94.846154,22.799936,118.115742,95.429716,22.686026
117.322839,94.425732,22.897107,117.602644,94.856409,22.746235
116.988531,94.101599,22.886933,117.313617,94.659031,22.654586
116.702843,93.723006,22.979837,117.172616,94.227371,22.945244
116.436596,93.408169,23.028427,117.272291,94.365435,22.906856
116.203024,93.125212,23.077812,116.863239,93.921434,22.941805
115.878006,92.732910,23.145096,116.454326,93.452068,23.002258
115.660150,92.460840,23.199309,116.534021,93.568962,22.965059
115.458065,92.243943,23.214122,116.156654,93.033290,23.123364
115.125433,91.863763,23.261669,115.970323,92.856062,23.114261
114.887196,91.608128,23.279068,115.937556,92.855274,23.082282
114.683274,91.370888,23.312386,115.754681,92.553025,23.201655
114.536316,91.149303,23.387013,115.766497,92.486046,23.280450
114.357756,90.949808,23.407948,115.616940,92.346539,23.270401
114.132438,90.655605,23.476833,114.978936,91.734674,23.244263
114.027107,90.529522,23.497585,114.930424,91.548994,23.381431
113.744464,90.204374,23.540089,115.097853,91.723888,23.373966
113.474787,90.002708,23.472079,114.898153,91.662881,23.235272
113.442282,89.949001,23.493281,114.747369,91.432039,23.315330
113.223749,89.673150,23.550599,114.839540,91.432861,23.406679
113.043726,89.444564,23.599161,114.714554,91.356490,23.358064
112.952391,89.354829,23.597562,114.508057,91.114240,23.393817
112.721839,89.111470,23.610368,114.346958,90.846238,23.500720
112.629762,88.987199,23.642563,114.157337,90.605380,23.551957
112.482578,88.777782,23.704796,113.805343,90.271121,23.534222
112.331505,88.587080,23.744425,113.878258,90.448045,23.430213
112.174493,88.512248,23.662245,113.757834,90.297224,23.460610
112.099952,88.350420,23.749532,113.585179,90.054973,23.530205
111.900368,88.192057,23.708312,113.802378,90.232082,23.570296
111.803578,88.041403,23.762175,113.535060,90.071399,23.463662
111.811575,88.021261,23.790314,113.472709,89.923831,23.548878
111.578039,87.746438,23.831601,113.439247,89.734477,23.704770
111.486215,87.642456,23.843759,113.561021,89.884997,23.676024
111.298851,87.492894,23.805957,113.360380,89.827383,23.532998
111.261661,87.442763,23.818898,113.279269,89.663536,23.615734
111.176250,87.317521,23.858730,113.274865,89.616671,23.658195
111.087455,87.201815,23.885640,112.985326,89.361004,23.624322
111.033243,87.107894,23.925349,113.042898,89.316642,23.726256
110.881783,86.964541,23.917242,112.946566,89.230569,23.715997
110.760164,86.816101,23.944063,112.794004,89.164898,23.629106
110.552536,86.665249,23.887287,112.715387,89.046008,23.669379
110.512820,86.605412,23.907408,112.595596,88.923718,23.671878
110.433750,86.477759,23.955992,112.921203,89.202267,23.718936
110.309868,86.309473,24.000395,112.735460,88.976915,23.758546
110.242537,86.293293,23.949244,112.536737,88.874787,23.661951
110.119231,86.182473,23.936759,112.469282,88.782527,23.686756
110.041023,86.061647,23.979376,112.392832,88.695743,23.697090
109.977920,86.001967,23.975953,112.621221,88.921014,23.700208
109.884152,85.933292,23.950861,112.261116,88.603098,23.658018
109.821420,85.794782,24.026639,112.399728,88.502626,23.897102
109.784514,85.685050,24.099464,112.206621,88.390991,23.815630
109.682701,85.610971,24.071730,112.195981,88.423726,23.772255
109.594322,85.593817,24.000504,112.144966,88.348491,23.796475
109.491550,85.402691,24.088859,112.510631,88.735509,23.775123
109.438756,85.367781,24.070975,112.101646,88.339204,23.762442
109.407925,85.309845,24.098079,111.920179,88.038852,23.881327
109.271475,85.126250,24.145224,112.078903,88.198239,23.880664
109.224344,85.110000,24.114344,112.059653,88.254796,23.804857
109.153809,85.021496,24.132313,111.695876,87.909347,23.786529
109.008645,84.939589,24.069056,111.860884,87.984574,23.876311
108.949489,84.844202,24.105287,111.938173,88.080116,23.858057
108.917193,84.736875,24.180318,111.932225,88.049261,23.882963
108.871796,84.712599,24.159197,111.705812,87.848897,23.856915
108.753772,84.559854,24.193919,111.773636,87.854100,23.919536
108.747394,84.581276,24.166117,111.701464,87.744765,23.956698
108.627962,84.476467,24.151496,111.723660,88.010097,23.713562
108.634712,84.505672,24.129040,111.671167,87.842130,23.829037
108.561689,84.359702,24.201987,111.384179,87.472739,23.911440
108.438000,84.226144,24.211856,111.572127,87.686532,23.885595
108.416226,84.239635,24.176591,111.700808,87.791609,23.909200
108.337752,84.050631,24.287122,111.357816,87.462643,23.895173
108.226697,84.008158,24.218539,111.609214,87.713440,23.895774
108.202412,83.987437,24.214975,111.314922,87.508025,23.806897
108.195750,83.964896,24.230854,111.280369,87.316589,23.963780
108.061636,83.792615,24.269021,111.432745,87.429347,24.003397
108.019841,83.763156,24.256685,111.398047,87.476378,23.921669
107.971878,83.771046,24.200833,111.200706,87.331607,23.869099
107.942504,83.693209,24.249295,111.310406,87.350151,23.960256
107.895097,83.603960,24.291137,111.114508,87.055444,24.059064
107.805371,83.533048,24.272323,110.993629,87.121340,23.872289
107.745752,83.504229,24.241522,111.123056,87.277706,23.845350
107.700220,83.407323,24.292897,111.019248,86.981351,24.037896
107.616174,83.306215,24.309959,111.368558,87.301951,24.066606
107.608729,83.281062,24.327667,111.166168,87.176161,23.990008
107.541161,83.196009,24.345152,111.083861,86.998479,24.085382
107.480816,83.110009,24.370807,111.083166,87.099514,23.983652
107.447772,83.156955,24.290817,111.148796,87.116685,24.032111
107.393327,83.012528,24.380799,111.070098,87.018184,24.051914
107.365567,82.995901,24.369667,111.147250,87.075789,24.071461
107.277792,82.904502,24.373290,111.140015,87.073345,24.066670
107.268356,82.880647,24.387709,110.969075,86.954313,24.014762
107.130646,82.785768,24.344879,111.046121,86.968787,24.077335
107.221096,82.766421,24.454675,110.954975,86.865393,24.089581
107.122600,82.620061,24.502539,111.144963,87.009368,24.135594
107.136298,82.715752,24.420547,111.113216,87.061954,24.051262
107.087028,82.638656,24.448372,110.876279,86.774124,24.102154
106.939561,82.498383,24.441177,110.926393,86.915685,24.010709
106.902618,82.481584,24.421034,110.699977,86.595220,24.104757
106.879562,82.475932,24.403630,110.797151,86.701132,24.096019
106.876535,82.461942,24.414593,111.012213,87.036815,23.975397
106.843089,82.411626,24.431463,110.709012,86.666985,24.042027
106.759696,82.343524,24.416173,110.909678,86.748568,24.161110
106.770803,82.352124,24.418679,110.810412,86.637400,24.173012
106.665262,82.186876,24.478386,110.786613,86.624188,24.162425
106.689129,82.304429,24.384700,110.686051,86.497432,24.188619
106.614026,82.162033,24.451992,110.628363,86.544644,24.083719
106.567706,82.134207,24.433499,110.781615,86.688233,24.093382
106.539369,82.082066,24.457303,110.523332,86.525723,23.997609
106.479127,82.026128,24.452999,110.650101,86.533245,24.116856
106.429978,81.991586,24.438392,110.567212,86.479916,24.087296
106.389317,81.909612,24.479705,110.588168,86.433112,24.155056
106.353995,81.899873,24.454122,110.495647,86.348411,24.147236
106.286384,81.785850,24.500534,110.582320,86.399981,24.182339
106.336315,81.880170,24.456145,110.476518,86.368495,24.108023
106.263307,81.831943,24.431365,110.491031,86.371268,24.119763
106.198345,81.664665,24.533680,110.520525,86.341347,24.179178
106.195687,81.658938,24.536749,110.367973,86.280184,24.087789
106.169375,81.665097,24.504278,110.558911,86.314717,24.244194
106.024429,81.540895,24.483534,110.352573,86.216307,24.136266
106.063653,81.549655,24.513998,110.206888,86.109327,24.097561
106.005663,81.549890,24.455773,110.219385,86.040853,24.178532
105.950161,81.439403,24.510758,110.534813,86.460807,24.074006
105.909919,81.436012,24.473907,110.399052,86.321325,24.077727
105.950129,81.470241,24.479888,110.336096,86.212104,24.123992
105.943417,81.334424,24.608993,110.382419,86.103248,24.279171
105.847890,81.290457,24.557433,110.467709,86.172703,24.295006
105.768177,81.204672,24.563506,110.231716,86.146651,24.085066
105.751007,81.261798,24.489208,110.024697,85.907356,24.117341
105.749101,81.182145,24.566956,110.550673,86.394030,24.156644
105.746365,81.213020,24.533345,110.220079,86.025016,24.195063
105.636020,81.091964,24.544056,110.290897,86.042520,24.248378
105.630955,81.099459,24.531496,110.210486,86.071310,24.139176
105.608805,81.023205,24.585600,110.251583,86.073541,24.178042
105.573352,80.986221,24.587130,110.205424,86.054826,24.150598
105.524615,81.022071,24.502544,110.254182,86.032517,24.221666
