264.952685,252.792777,12.159907,204.143931,190.904665,13.239266
192.104209,185.258342,6.845866,181.121943,174.791272,6.330672
173.919683,165.206822,8.712862,164.543786,153.614851,10.928936
158.206478,145.622696,12.583781,152.269019,138.549424,13.719595
149.479011,135.042813,14.436198,145.732314,130.604504,15.127810
143.321033,127.386716,15.934317,139.745228,123.119612,16.625616
138.210305,120.949160,17.261145,135.378641,117.540363,17.838277
134.360348,116.142812,18.217536,132.338931,113.689892,18.649039
131.553972,112.569612,18.984359,129.665833,110.203253,19.462580
129.384261,109.790911,19.593349,127.732983,107.971696,19.761287
127.624661,107.672855,19.951806,126.193732,106.107027,20.086705
126.156524,105.883036,20.273488,125.273431,105.000048,20.273382
125.033043,104.518221,20.514822,123.982125,103.328726,20.653400
123.964126,103.226007,20.738119,123.180857,102.613912,20.566945
123.082012,102.237652,20.844360,122.377854,101.461480,20.916374
122.280889,101.228664,21.052225,121.800812,100.541856,21.258956
121.600204,100.365427,21.234777,120.957822,99.864125,21.093696
120.905300,99.603256,21.302044,120.624406,99.395812,21.228595
120.337352,98.967278,21.370074,120.084325,98.776609,21.307716
119.874919,98.352766,21.522153,119.683869,98.276916,21.406954
119.347924,97.798813,21.549112,119.104092,97.677780,21.426312
118.844050,97.219359,21.624691,118.755364,97.258787,21.496578
118.370491,96.720393,21.650098,118.277701,96.776889,21.500812
117.946913,96.165379,21.781534,117.929386,96.285286,21.644100
117.630178,95.793982,21.836196,117.712511,95.917418,21.795093
117.294615,95.425064,21.869550,117.540464,95.802178,21.738286
116.884011,94.978577,21.905434,117.191131,95.312072,21.879059
116.590983,94.680477,21.910506,117.049261,95.221631,21.827630
116.277575,94.395668,21.881907,116.574548,94.717390,21.857159
115.994630,93.997108,21.997522,116.481287,94.805825,21.675462
115.677889,93.737753,21.940136,116.279935,94.435932,21.844004
115.438894,93.422022,22.016872,115.821880,93.915795,21.906085
115.095558,93.075047,22.020511,115.628452,93.696894,21.931559
115.001871,92.924519,22.077351,115.665070,93.725240,21.939830
114.683378,92.623006,22.060372,115.292845,93.379424,21.913421
114.515296,92.385574,22.129722,115.007207,92.974026,22.033180
114.262796,92.124013,22.138783,115.087393,93.053627,22.033766
114.044978,91.868861,22.176118,114.800084,92.734774,22.065309
113.900697,91.753318,22.147379,114.529493,92.440938,22.088555
113.576141,91.386679,22.189462,114.968327,92.904711,22.063616
113.418952,91.254905,22.164048,114.190599,92.184922,22.005677
113.168176,90.970033,22.198143,114.119965,92.040289,22.079676
113.030421,90.852645,22.177776,114.189579,92.110883,22.078696
112.875240,90.660499,22.214741,113.837063,91.697286,22.139777
112.746727,90.520775,22.225952,113.807056,91.779643,22.027414
112.612143,90.360159,22.251985,113.424262,91.297987,22.126275
112.324727,90.136486,22.188241,113.528629,91.574523,21.954105
112.204412,89.949837,22.254576,113.123838,91.051481,22.072357
111.965770,89.695027,22.270743,113.063279,91.023560,22.039720
111.865380,89.594673,22.270707,112.896611,90.822335,22.074275
111.670065,89.455007,22.215058,112.855085,90.803210,22.051875
111.561746,89.352768,22.208979,112.730999,90.652719,22.078280
111.359063,89.117342,22.241721,112.447554,90.348837,22.098716
111.261704,88.946621,22.315082,112.482739,90.372515,22.110224
111.131370,88.841315,22.290055,112.522054,90.424329,22.097725
110.956728,88.728673,22.228055,112.144266,89.958625,22.185640
110.801153,88.536570,22.264582,112.261396,90.204549,22.056847
110.684633,88.466810,22.217823,112.220446,90.266200,21.954246
110.559179,88.396055,22.163123,111.941583,89.678185,22.263398
110.435613,88.132633,22.302980,111.693748,89.602063,22.091685
110.254090,88.036520,22.217570,111.736707,89.783332,21.953375
110.132391,87.896037,22.236353,111.407216,89.218684,22.188532
110.060466,87.790884,22.269583,111.511334,89.466329,22.045005
109.967930,87.776730,22.191200,111.593318,89.544365,22.048954
109.818609,87.600654,22.217954,111.266829,89.245796,22.021033
109.761340,87.548324,22.213016,111.372777,89.295889,22.076888
109.543684,87.250810,22.292874,111.289569,89.143538,22.146030
109.478714,87.215717,22.262997,110.941597,88.931672,22.009925
109.346857,87.147492,22.199366,110.792355,88.786732,22.005622
109.208946,86.994442,22.214504,110.980715,88.827582,22.153133
109.187375,86.893949,22.293426,110.957035,88.912450,22.044584
109.013966,86.754329,22.259637,110.548600,88.415663,22.132938
108.933022,86.669145,22.263877,110.448643,88.292888,22.155755
108.796067,86.524606,22.271461,110.338857,88.304054,22.034803
108.702422,86.482020,22.220402,110.470723,88.443371,22.027352
108.620600,86.423505,22.197096,110.345093,88.384224,21.960869
108.500461,86.286639,22.213823,110.125568,88.075573,22.049995
108.431362,86.219112,22.212250,110.428875,88.356158,22.072718
108.313273,86.122953,22.190321,110.357774,88.371251,21.986523
108.188164,85.997764,22.190400,110.030849,87.948608,22.082242
108.063699,85.864836,22.198863,109.890195,88.020061,21.870134
107.991728,85.875039,22.116689,109.753330,87.793999,21.959331
107.934017,85.770462,22.163556,110.081412,88.080945,22.000467
107.845474,85.701937,22.143537,109.619388,87.720839,21.898549
107.774127,85.597922,22.176205,109.656943,87.595793,22.061150
107.668961,85.465054,22.203907,109.607581,87.465960,22.141622
107.597810,85.436162,22.161648,109.594937,87.636527,21.958410
107.460439,85.336610,22.123830,109.216587,87.148461,22.068124
107.380623,85.184664,22.195959,109.243885,87.168467,22.075418
107.263440,85.092381,22.171059,109.015062,86.981411,22.033651
107.227057,85.129096,22.097961,109.258087,87.187893,22.070194
107.155102,84.972812,22.182290,109.073042,87.160489,21.912553
107.027246,84.858945,22.168301,109.011071,87.054004,21.957067
106.945729,84.782749,22.162980,108.980114,87.053972,21.926142
106.895649,84.766729,22.128920,108.973701,87.106687,21.867013
106.714160,84.592828,22.121332,108.905907,87.193436,21.712471
106.750630,84.654774,22.095856,108.637186,86.716156,21.921030
106.597283,84.466879,22.130404,108.707723,86.836940,21.870784
106.571891,84.463017,22.108874,108.723539,87.043110,21.680429
106.476715,84.365107,22.111608,108.419089,86.587016,21.832073
106.399092,84.258862,22.140230,108.367359,86.500708,21.866651
106.332146,84.247400,22.084745,108.333776,86.388493,21.945283
106.159801,84.059662,22.100140,108.307160,86.389050,21.918110
106.111879,84.023604,22.088275,108.324174,86.487581,21.836594
106.071651,84.041669,22.029982,108.281989,86.380804,21.901185
105.987097,83.911973,22.075123,108.131304,86.297369,21.833935
105.881983,83.793146,22.088838,107.974367,86.090730,21.883638
105.843622,83.720728,22.122894,108.083287,86.166328,21.916959
105.809236,83.756667,22.052569,107.941809,86.038694,21.903115
105.693173,83.612443,22.080731,107.793832,85.932482,21.861350
105.695836,83.552002,22.143834,107.918177,85.915821,22.002356
105.581413,83.497454,22.083960,107.805635,85.897817,21.907817
105.486153,83.421956,22.064197,107.877081,85.946189,21.930893
105.445096,83.408458,22.036638,107.634297,85.848276,21.786021
105.340434,83.317570,22.022864,107.865506,86.062116,21.803389
105.345448,83.314118,22.031330,107.844521,86.030452,21.814069
105.316106,83.209606,22.106500,107.679910,85.803140,21.876770
105.198414,83.130980,22.067434,107.698098,85.910506,21.787592
105.153450,83.074266,22.079184,107.385281,85.569811,21.815470
105.078953,83.050643,22.028311,107.390569,85.620599,21.769970
105.047771,83.006302,22.041469,107.589312,85.801885,21.787427
104.983096,82.949994,22.033103,107.386943,85.564678,21.822265
104.899907,82.831303,22.068605,107.332261,85.617253,21.715009
104.788584,82.795805,21.992778,107.349908,85.436140,21.913768
104.777774,82.751003,22.026771,107.293813,85.571370,21.722442
104.744342,82.723573,22.020769,107.002634,85.239052,21.763582
104.613779,82.584314,22.029465,107.159785,85.430585,21.729199
104.599261,82.607830,21.991431,107.060451,85.342960,21.717492
104.557206,82.535666,22.021540,106.853270,84.993088,21.860182
104.541677,82.457120,22.084557,106.935623,85.235079,21.700544
104.497721,82.469793,22.027928,106.906819,85.102258,21.804561
104.458359,82.413764,22.044595,106.790187,84.953564,21.836623
104.363074,82.345474,22.017600,106.632848,84.738301,21.894547
104.273614,82.226167,22.047447,106.874984,85.017701,21.857283
104.224397,82.239500,21.984897,106.692522,84.910346,21.782176
104.210324,82.188914,22.021410,106.893049,85.135225,21.757824
104.122902,82.128794,21.994109,106.643451,84.993860,21.649592
104.107589,82.158862,21.948728,106.502163,84.805627,21.696536
104.017602,82.048161,21.969441,106.501205,84.731306,21.769898
104.004037,81.945922,22.058115,106.733362,84.962548,21.770815
103.936654,81.944261,21.992393,106.380657,84.529216,21.851441
103.849984,81.858300,21.991684,106.354710,84.663047,21.691664
103.860632,81.850120,22.010513,106.398889,84.606959,21.791930
103.891305,81.873937,22.017368,106.122955,84.298550,21.824406
103.715077,81.732899,21.982178,106.256000,84.506786,21.749213
103.672567,81.708756,21.963810,106.286987,84.634181,21.652807
103.620787,81.681278,21.939509,106.145225,84.268391,21.876835
103.616346,81.622426,21.993919,106.213601,84.390103,21.823497
103.547999,81.531541,22.016457,105.985438,84.300622,21.684816
103.439797,81.464156,21.975641,106.297237,84.529990,21.767246
103.459387,81.518991,21.940396,105.980360,84.329086,21.651274
103.434478,81.481289,21.953188,106.113628,84.339732,21.773896
103.307015,81.340847,21.966168,106.081329,84.406959,21.674370
103.274425,81.329651,21.944773,105.779900,84.053343,21.726556
103.211927,81.278349,21.933578,106.004600,84.372349,21.632251
103.224036,81.247580,21.976456,106.074974,84.298104,21.776871
103.233532,81.304817,21.928716,105.871465,84.232559,21.638906
103.148824,81.164634,21.984190,105.859496,84.127388,21.732108
103.110818,81.202830,21.907988,105.864327,84.130356,21.733971
103.056251,81.039483,22.016768,105.684064,83.955135,21.728929
