243.997712,241.011484,2.986229,193.965622,190.511320,3.454302
187.166089,181.244179,5.921910,176.379763,167.494817,8.884945
166.501226,154.947084,11.554142,156.683832,142.410920,14.272912
151.752222,136.893792,14.858430,145.750238,129.818081,15.932156
143.159781,126.136573,17.023208,139.427437,121.368120,18.059316
137.430872,118.778880,18.651992,134.460814,115.138416,19.322398
133.384186,113.642806,19.741380,130.765779,110.628399,20.137380
130.355732,109.864350,20.491383,128.298524,107.379832,20.918693
127.986374,106.875123,21.111252,126.059899,104.679537,21.380363
125.915139,104.328966,21.586173,124.354804,102.720660,21.634144
124.235553,102.268719,21.966835,122.868349,100.592822,22.275528
122.876682,100.644740,22.231942,121.516745,99.248075,22.268670
121.676639,99.316085,22.360553,120.486549,98.021135,22.465415
120.569209,98.028531,22.540678,119.514116,96.931618,22.582498
119.575791,96.882335,22.693456,118.726145,95.972842,22.753303
118.709271,95.938380,22.770891,117.928045,95.045262,22.882782
117.930425,94.976770,22.953655,117.278191,94.514770,22.763422
117.147109,94.105810,23.041299,116.206762,93.102476,23.104286
116.493408,93.349557,23.143851,115.827147,92.557194,23.269953
115.771114,92.582814,23.188300,115.108755,91.986574,23.122181
115.094280,91.880087,23.214193,114.564727,91.526426,23.038301
114.427716,91.259771,23.167945,113.720392,90.575455,23.144937
113.796618,90.645685,23.150933,113.772465,90.685704,23.086761
113.323825,90.095874,23.227951,112.716406,89.494983,23.221423
112.750826,89.541125,23.209701,112.295292,89.190669,23.104623
112.312049,89.101189,23.210860,111.986141,88.876656,23.109485
111.891477,88.635674,23.255803,111.473835,88.069481,23.404353
111.357373,88.108231,23.249141,111.384437,88.252727,23.131709
110.969799,87.728294,23.241504,110.775009,87.354257,23.420752
110.518007,87.264430,23.253578,110.406593,87.204676,23.201917
110.151733,86.858548,23.293185,109.889698,86.587531,23.302168
109.736007,86.411525,23.324482,109.806571,86.486510,23.320060
109.408221,86.107389,23.300831,109.494726,86.277161,23.217565
109.058673,85.675759,23.382914,109.165691,85.987942,23.177748
108.679564,85.353604,23.325960,108.756129,85.414321,23.341808
108.427361,85.053142,23.374220,108.388886,85.207011,23.181875
108.135367,84.778782,23.356585,108.507826,85.212599,23.295227
107.909357,84.550553,23.358804,107.990750,84.668577,23.322173
107.598264,84.233172,23.365092,108.040624,84.583872,23.456752
107.365204,84.010306,23.354897,107.538870,84.322202,23.216668
107.166138,83.799866,23.366272,107.315792,83.957786,23.358007
106.877578,83.529102,23.348476,107.172997,83.797913,23.375084
106.754820,83.348683,23.406137,106.835368,83.597635,23.237733
106.532065,83.182294,23.349771,106.731932,83.386994,23.344939
106.261376,82.885658,23.375718,106.572982,83.318169,23.254813
106.094118,82.776447,23.317671,106.588779,83.280367,23.308412
105.892444,82.556343,23.336101,106.319350,83.045111,23.274239
105.693849,82.380449,23.313400,106.095842,82.851434,23.244409
105.486772,82.222082,23.264690,106.001469,82.920079,23.081389
105.328078,82.118179,23.209899,106.023791,82.836064,23.187727
105.125064,81.895306,23.229758,105.895613,82.781070,23.114543
104.983268,81.744397,23.238870,105.604697,82.494736,23.109960
104.838007,81.568730,23.269277,105.403053,82.284035,23.119018
104.539474,81.332752,23.206722,105.182816,82.206455,22.976361
104.577832,81.362141,23.215692,105.266268,82.152914,23.113354
104.364418,81.142869,23.221549,105.106539,82.009292,23.097246
104.229700,81.008088,23.221613,104.836545,81.613795,23.222751
104.130927,80.971964,23.158963,104.903992,81.835538,23.068454
103.947758,80.755942,23.191816,104.665955,81.571788,23.094166
103.827637,80.665817,23.161820,104.495865,81.426069,23.069796
103.729445,80.604033,23.125411,104.543889,81.475998,23.067891
103.585688,80.469989,23.115699,104.254704,81.256374,22.998330
103.441497,80.322702,23.118795,104.670460,81.502144,23.168316
103.395203,80.272537,23.122667,104.337744,81.366515,22.971230
103.271027,80.139816,23.131211,103.944567,81.109422,22.835145
103.087787,80.024303,23.063484,104.044883,81.012722,23.032161
103.036875,79.940315,23.096560,104.062183,81.039806,23.022378
102.889699,79.806848,23.082851,103.749463,80.676747,23.072716
102.798277,79.680165,23.118112,103.794072,80.795910,22.998161
102.683774,79.606061,23.077713,103.676250,80.697522,22.978727
102.656876,79.534358,23.122518,103.633351,80.632406,23.000945
102.526548,79.440146,23.086402,103.636351,80.526639,23.109712
102.441502,79.281745,23.159757,103.442716,80.377676,23.065040
102.311992,79.154620,23.157373,103.676405,80.670492,23.005913
102.235322,79.157162,23.078160,103.326753,80.278448,23.048305
102.137692,79.056830,23.080862,103.195612,80.109358,23.086254
102.079764,78.980931,23.098834,103.147956,80.078737,23.069219
102.010731,78.904501,23.106230,103.183585,80.136893,23.046692
101.968357,78.869509,23.098848,103.150278,80.134938,23.015341
101.848361,78.786820,23.061541,102.808979,79.951252,22.857727
101.806538,78.761348,23.045190,103.189066,80.153045,23.036021
101.732811,78.656218,23.076593,103.215340,80.216103,22.999237
101.673506,78.586240,23.087266,102.996370,79.975303,23.021067
101.589681,78.507880,23.081801,102.902345,79.882795,23.019551
101.544700,78.459250,23.085450,102.726179,79.671395,23.054784
101.501559,78.360779,23.140780,102.591213,79.543806,23.047408
101.450919,78.381155,23.069764,102.837507,79.781824,23.055682
101.424325,78.245606,23.178720,102.599353,79.394400,23.204953
101.259076,78.175855,23.083221,102.575746,79.591506,22.984239
101.263872,78.165696,23.098177,102.641862,79.565084,23.076778
101.219548,78.101575,23.117974,102.611730,79.659875,22.951855
101.178991,78.065208,23.113783,102.517539,79.519826,22.997713
101.127262,77.972836,23.154427,102.478983,79.350406,23.128577
101.069714,77.909372,23.160342,102.454993,79.520579,22.934414
101.033455,77.964192,23.069263,102.327024,79.251469,23.075555
100.932767,77.836294,23.096473,102.383223,79.410773,22.972451
100.886262,77.785951,23.100312,102.211044,79.178104,23.032941
100.813859,77.682974,23.130885,102.434872,79.356678,23.078195
100.910373,77.745312,23.165061,102.283220,79.179494,23.103725
100.801577,77.627856,23.173721,102.448883,79.279165,23.169718
100.722544,77.577183,23.145361,102.258611,79.132455,23.126156
100.686402,77.553669,23.132734,102.292691,79.220060,23.072632
100.657238,77.495076,23.162162,102.153195,79.101611,23.051584
100.596484,77.452196,23.144288,102.314580,79.225275,23.089306
100.541216,77.406063,23.135153,102.207167,79.111248,23.095919
100.539746,77.398949,23.140797,101.940575,78.902544,23.038031
100.500215,77.379188,23.121027,102.387708,79.255472,23.132237
100.452875,77.306811,23.146065,102.079085,78.977295,23.101790
100.478850,77.301942,23.176908,102.043653,78.819127,23.224526
100.397390,77.233329,23.164061,102.142025,78.965479,23.176546
100.379975,77.159165,23.220809,102.021281,78.824573,23.196708
100.286867,77.109104,23.177763,102.032177,78.953720,23.078457
100.310221,77.115447,23.194774,101.953873,78.782958,23.170915
100.240587,77.064091,23.176496,101.951987,78.835813,23.116173
100.224767,77.067708,23.157058,101.983146,78.754641,23.228504
100.188893,76.981987,23.206906,102.035784,78.905054,23.130730
100.189902,77.037364,23.152538,101.891940,78.775949,23.115991
100.098125,76.893154,23.204971,101.859281,78.783921,23.075359
100.146751,76.956277,23.190474,101.741347,78.633107,23.108241
100.076792,76.853914,23.222878,101.840504,78.622800,23.217705
100.038950,76.824610,23.214339,101.739185,78.574596,23.164589
100.016150,76.813717,23.202433,101.734468,78.596237,23.138231
100.013473,76.818210,23.195264,101.859704,78.773155,23.086549
99.999412,76.771704,23.227708,101.736814,78.506446,23.230368
99.910766,76.686283,23.224483,101.711813,78.569195,23.142617
99.917391,76.644081,23.273310,101.788000,78.652581,23.135419
99.893574,76.648424,23.245150,101.832943,78.577970,23.254974
99.766209,76.491148,23.275061,101.590523,78.430447,23.160076
99.777108,76.557107,23.220001,101.613704,78.368095,23.245609
99.833071,76.584605,23.248466,101.663556,78.497998,23.165558
99.762974,76.521977,23.240998,101.595713,78.496557,23.099155
99.825158,76.528750,23.296408,101.446910,78.205434,23.241475
99.698448,76.432871,23.265577,101.679055,78.519324,23.159731
99.675369,76.424031,23.251338,101.659774,78.420805,23.238969
99.669421,76.421324,23.248097,101.697279,78.474910,23.222368
99.628167,76.397582,23.230585,101.545954,78.416475,23.129479
99.601738,76.380679,23.221059,101.528077,78.337180,23.190897
99.595469,76.326267,23.269202,101.667198,78.501229,23.165969
99.547203,76.288763,23.258441,101.619668,78.456850,23.162818
99.491064,76.286153,23.204911,101.425667,78.189020,23.236647
99.509704,76.220298,23.289406,101.473920,78.321724,23.152196
99.522796,76.235193,23.287604,101.524146,78.268857,23.255289
99.456775,76.155412,23.301363,101.550892,78.416901,23.133991
99.430006,76.145703,23.284303,101.287645,78.105140,23.182504
99.425759,76.148267,23.277493,101.505470,78.220392,23.285078
99.380245,76.102361,23.277884,101.538757,78.371099,23.167658
99.353298,76.117602,23.235696,101.278334,78.199773,23.078561
99.376380,76.088791,23.287589,101.412264,78.165347,23.246917
99.349924,76.068352,23.281571,101.357807,78.225654,23.132152
99.272847,75.992554,23.280294,101.327179,78.086308,23.240871
99.253381,76.011911,23.241470,101.243433,78.078901,23.164532
99.263214,75.984339,23.278875,101.389565,78.090272,23.299294
99.239392,75.980723,23.258669,101.311652,78.173613,23.138039
99.198848,75.917844,23.281005,101.365687,78.092983,23.272704
99.183387,75.896038,23.287348,101.284368,78.073354,23.211014
99.214896,75.884867,23.330029,101.109608,77.904087,23.205521
99.127743,75.858023,23.269720,101.317905,78.096196,23.221709
99.147803,75.830528,23.317275,101.104948,77.898207,23.206740
99.043304,75.766256,23.277048,101.159866,78.003863,23.156003
99.097974,75.841445,23.256529,101.129637,77.808221,23.321416
