248.974942,237.021289,11.953653,190.485079,186.154369,4.330709
176.975192,168.963938,8.011254,163.136283,151.632718,11.503565
154.923240,141.770755,13.152485,148.020322,133.797594,14.222728
143.991887,128.354616,15.637270,139.719002,122.912514,16.806489
136.640408,118.871183,17.769225,132.752972,114.240845,18.512127
131.898099,112.809345,19.088753,129.451972,109.946185,19.505787
128.854350,108.963132,19.891218,127.055561,106.938227,20.117335
126.481030,106.082823,20.398207,124.808476,104.194452,20.614025
124.635978,103.931496,20.704483,123.033986,102.086897,20.947089
123.179142,102.134048,21.045094,122.129638,100.954524,21.175113
121.777347,100.613596,21.163751,120.880949,99.556651,21.324297
120.747601,99.393999,21.353602,120.137463,98.661109,21.476354
119.827642,98.336042,21.491599,118.626364,97.269253,21.357110
118.902931,97.277642,21.625289,118.400818,96.806499,21.594319
118.155293,96.502662,21.652631,117.978730,96.350243,21.628486
117.469948,95.776983,21.692964,117.066102,95.258119,21.807983
116.813608,95.015677,21.797931,116.207346,94.383527,21.823819
116.203536,94.449603,21.753934,115.881855,94.231076,21.650779
115.657316,93.882240,21.775076,115.324814,93.454235,21.870579
115.080965,93.236338,21.844626,115.097246,93.359122,21.738124
114.615838,92.743470,21.872367,114.516618,92.781894,21.734723
114.113041,92.256376,21.856665,114.429787,92.699303,21.730484
113.660014,91.817980,21.842034,113.715763,91.926563,21.789201
113.231989,91.434705,21.797284,113.612244,91.921900,21.690344
112.786702,91.055238,21.731464,112.959357,91.483158,21.476199
112.448569,90.738439,21.710131,112.284611,90.530740,21.753871
112.089908,90.365269,21.724639,112.463634,90.793746,21.669888
111.638750,89.952136,21.686614,112.158922,90.560411,21.598510
111.350957,89.695984,21.654973,112.161625,90.616688,21.544937
110.957162,89.324925,21.632238,111.129922,89.586570,21.543352
110.612259,89.044851,21.567407,111.174269,89.764248,21.410021
110.344583,88.849135,21.495448,111.065151,89.597077,21.468074
110.042639,88.465588,21.577051,110.495089,89.037141,21.457948
109.730389,88.155642,21.574747,110.327973,88.877869,21.450104
109.447017,87.904237,21.542779,110.056589,88.715479,21.341111
109.129161,87.671699,21.457462,109.579270,88.232055,21.347215
108.827677,87.448113,21.379564,109.559810,88.242852,21.316958
108.731428,87.254286,21.477142,109.356323,88.072098,21.284226
108.381216,86.979063,21.402153,109.084310,87.711951,21.372359
108.146782,86.818020,21.328762,108.939611,87.723737,21.215873
107.964919,86.551536,21.413383,108.793018,87.335399,21.457619
107.760590,86.329692,21.430898,108.346920,86.960670,21.386250
107.460858,86.048379,21.412479,108.199622,86.985656,21.213966
107.234715,85.871154,21.363561,108.093110,86.671928,21.421181
107.016235,85.606291,21.409944,107.938963,86.529495,21.409468
106.856570,85.490661,21.365909,107.956360,86.757112,21.199247
106.645922,85.314119,21.331803,107.559266,86.117720,21.441546
106.466593,85.080066,21.386527,107.397967,86.050310,21.347657
106.297566,84.962408,21.335158,107.262363,86.024996,21.237368
106.111736,84.754838,21.356898,107.317421,85.945638,21.371783
105.897285,84.579373,21.317912,106.729268,85.541688,21.187580
105.723401,84.459377,21.264025,106.643048,85.487636,21.155412
105.559855,84.308218,21.251637,106.891157,85.606583,21.284574
105.483168,84.201622,21.281546,106.610532,85.341581,21.268950
105.204153,83.930343,21.273810,106.416833,85.186642,21.230191
105.094551,83.898176,21.196375,106.381695,85.225138,21.156557
104.965176,83.663590,21.301586,106.100308,84.823348,21.276960
104.802659,83.622161,21.180497,106.010280,84.915648,21.094632
104.640110,83.426309,21.213800,106.004001,84.857232,21.146769
104.437810,83.245873,21.191937,105.763899,84.564795,21.199104
104.320321,83.111316,21.209005,105.839210,84.728851,21.110360
104.193343,83.011304,21.182039,105.377193,84.289164,21.088029
104.020064,82.819676,21.200389,105.204118,84.025933,21.178185
103.907980,82.693942,21.214039,105.443878,84.400735,21.043143
103.800899,82.651899,21.149001,104.957069,83.985732,20.971337
103.705895,82.564626,21.141269,105.056297,84.063488,20.992808
103.566263,82.388626,21.177637,105.145544,84.052154,21.093390
103.366502,82.236193,21.130309,104.848395,83.845135,21.003260
103.279434,82.173786,21.105648,104.767740,83.769572,20.998169
103.201745,82.077171,21.124574,104.780553,83.693186,21.087368
103.101344,81.998578,21.102766,104.730236,83.692800,21.037435
102.898963,81.832624,21.066339,104.404551,83.386823,21.017728
102.855647,81.771309,21.084338,104.204543,83.142590,21.061953
102.776766,81.685083,21.091683,104.333788,83.254698,21.079090
102.675184,81.597036,21.078149,104.302680,83.290228,21.012453
102.521251,81.428427,21.092824,104.000941,83.012284,20.988657
102.394445,81.317380,21.077065,103.943021,82.886255,21.056767
102.300354,81.223609,21.076745,104.096504,83.203960,20.892544
102.195093,81.168542,21.026551,103.876749,82.907793,20.968956
102.061356,81.007956,21.053401,103.904746,82.959421,20.945325
101.947176,80.910506,21.036669,103.645895,82.719273,20.926622
101.978467,80.947619,21.030849,103.739382,82.757213,20.982169
101.929342,80.840354,21.088988,103.689281,82.684573,21.004708
101.752573,80.718695,21.033878,103.491507,82.543239,20.948268
101.749759,80.632014,21.117744,103.375401,82.542209,20.833193
101.661572,80.652048,21.009524,103.455915,82.465799,20.990116
101.530551,80.417020,21.113531,103.331658,82.364855,20.966802
101.473378,80.403362,21.070017,103.185186,82.300533,20.884652
101.473652,80.419969,21.053683,103.239609,82.255947,20.983661
101.325706,80.250600,21.075106,103.298001,82.257671,21.040329
101.308106,80.161295,21.146810,103.076267,82.077827,20.998440
101.184127,80.064083,21.120045,103.149534,82.159752,20.989781
101.099562,80.023273,21.076289,103.057096,82.054247,21.002849
100.991834,79.886917,21.104917,103.113773,82.100113,21.013660
101.014533,79.933637,21.080896,102.875673,81.916344,20.959329
100.885300,79.796896,21.088404,102.919722,81.834116,21.085606
100.893351,79.739612,21.153739,102.861951,81.684295,21.177656
100.780943,79.665554,21.115389,102.854555,81.772397,21.082158
100.774555,79.671113,21.103442,102.748572,81.868059,20.880513
100.664395,79.529113,21.135282,102.733791,81.682663,21.051128
100.646114,79.528222,21.117892,102.787661,81.711574,21.076087
100.541649,79.429608,21.112041,102.611179,81.669559,20.941621
100.506869,79.409426,21.097443,102.545810,81.383333,21.162477
100.383865,79.276468,21.107397,102.697538,81.734011,20.963527
100.402392,79.260226,21.142166,102.711637,81.699709,21.011928
100.301733,79.159627,21.142106,102.260855,81.240758,21.020097
100.279580,79.105870,21.173710,102.545772,81.397833,21.147938
100.218312,79.031087,21.187225,102.529751,81.416287,21.113464
100.139685,78.967724,21.171961,102.285148,81.198132,21.087016
100.100144,78.913162,21.186982,102.372807,81.324563,21.048244
100.099218,78.912006,21.187212,102.570118,81.402724,21.167394
99.974885,78.779686,21.195199,102.302406,81.152314,21.150092
99.975891,78.783155,21.192736,102.273520,81.118159,21.155361
99.998518,78.745354,21.253164,102.368757,81.210536,21.158221
99.889119,78.645136,21.243983,102.078848,80.959553,21.119294
99.857042,78.586133,21.270910,102.313249,81.097915,21.215334
99.743462,78.527339,21.216123,102.268204,81.266340,21.001864
99.742326,78.516067,21.226259,102.143361,80.981738,21.161623
99.679869,78.484964,21.194906,101.863040,80.797168,21.065872
99.593058,78.398816,21.194242,102.004299,80.853851,21.150447
99.586402,78.351953,21.234450,101.971206,80.891139,21.080067
99.579976,78.328377,21.251599,102.042949,80.867320,21.175628
99.502736,78.217587,21.285149,101.796838,80.664302,21.132537
99.501520,78.270456,21.231064,101.876659,80.733309,21.143350
99.467626,78.228765,21.238861,101.822036,80.693595,21.128442
99.387876,78.137417,21.250459,101.741191,80.704014,21.037177
99.338442,78.118640,21.219802,101.831940,80.796073,21.035868
99.326853,78.094115,21.232739,101.758242,80.525819,21.232423
99.325112,78.042402,21.282710,101.671895,80.577052,21.094843
99.232755,77.988935,21.243819,101.856640,80.649531,21.207109
99.198496,77.941098,21.257398,101.608258,80.500423,21.107835
99.149840,77.900293,21.249547,101.519370,80.253375,21.265995
99.217302,77.870638,21.346664,101.636335,80.392793,21.243541
99.114538,77.848802,21.265736,101.927449,80.763682,21.163768
99.084106,77.786727,21.297380,101.680291,80.356660,21.323632
98.948904,77.662234,21.286670,101.602652,80.483306,21.119347
98.990666,77.729727,21.260939,101.430103,80.281257,21.148847
99.007942,77.679104,21.328839,101.685565,80.362761,21.322804
98.867816,77.581101,21.286715,101.464637,80.194194,21.270443
98.870948,77.602320,21.268628,101.657590,80.464443,21.193147
98.881477,77.556291,21.325186,101.414000,80.267772,21.146228
98.829916,77.513417,21.316500,101.395017,80.193920,21.201096
98.844995,77.512082,21.332914,101.643904,80.338467,21.305437
98.827675,77.455217,21.372458,101.646959,80.391729,21.255230
98.714844,77.395148,21.319696,101.606157,80.335228,21.270929
98.724503,77.416658,21.307845,101.562938,80.325763,21.237175
98.657079,77.323465,21.333614,101.269886,80.081870,21.188016
98.626904,77.287170,21.339734,101.538385,80.316276,21.222109
98.622491,77.246324,21.376167,101.471880,80.230061,21.241819
98.591329,77.262965,21.328364,101.472151,80.223734,21.248417
98.598223,77.201236,21.396988,101.210030,79.872492,21.337538
98.555757,77.170647,21.385110,101.324391,80.062929,21.261463
98.481153,77.159366,21.321786,101.055915,79.725971,21.329944
98.458395,77.059977,21.398418,101.264385,79.939508,21.324877
98.456322,77.089370,21.366952,101.219689,79.911371,21.308318
98.489870,77.102998,21.386871,101.248352,79.988538,21.259814
98.429980,77.015547,21.414434,101.418486,80.187911,21.230576
98.333000,76.928969,21.404031,101.169412,79.843854,21.325558
98.406831,76.958043,21.448787,101.447776,80.076793,21.370983
98.287928,76.895023,21.392905,101.442420,80.234662,21.207758
