236.646241,233.889692,2.756548,190.117172,185.953041,4.164130
173.734039,165.219388,8.514651,157.986116,145.633552,12.352564
151.026671,137.138386,13.888284,143.790309,128.174929,15.615380
140.483282,123.752255,16.731027,136.060555,118.465348,17.595208
134.588190,116.240976,18.347214,131.346123,112.051320,19.294804
130.488860,110.931173,19.557687,127.658239,107.746641,19.911599
127.368844,107.011954,20.356890,125.634498,104.967289,20.667210
125.095265,104.170280,20.924985,123.646908,102.319179,21.327729
123.319537,101.925077,21.394460,121.777135,100.223436,21.553699
121.780706,100.095424,21.685281,120.624685,98.870854,21.753831
120.396238,98.456525,21.939714,119.562402,97.424828,22.137575
119.304862,97.047554,22.257308,118.118689,95.820427,22.298262
118.231046,95.763005,22.468042,117.536986,95.048072,22.488915
117.338184,94.798455,22.539729,116.694595,94.090317,22.604278
116.576226,93.884648,22.691578,116.091004,93.362769,22.728235
115.805351,92.968977,22.836374,115.654854,92.881432,22.773422
115.214470,92.289908,22.924562,115.621071,92.638479,22.982592
114.478374,91.433123,23.045252,114.490619,91.481339,23.009280
113.924091,90.892680,23.031411,113.818494,90.806692,23.011802
113.356196,90.296392,23.059804,113.498779,90.494174,23.004605
112.959041,89.876868,23.082173,112.952695,89.853007,23.099689
112.496996,89.357089,23.139907,112.650699,89.601442,23.049257
111.994838,88.812430,23.182408,112.227903,89.193152,23.034752
111.669729,88.424276,23.245453,111.699959,88.475005,23.224954
111.262885,87.983060,23.279826,111.567865,88.294360,23.273505
110.878585,87.608531,23.270054,111.189419,88.054760,23.134659
110.482960,87.198065,23.284894,111.199523,88.022530,23.176993
110.199307,86.870057,23.329250,110.387062,87.058465,23.328597
109.693154,86.368712,23.324442,110.202320,86.913042,23.289279
109.418227,86.109439,23.308788,110.042625,86.830599,23.212026
109.120263,85.859373,23.260890,109.597507,86.403770,23.193737
108.756410,85.520530,23.235880,109.618733,86.385685,23.233048
108.523074,85.253537,23.269537,109.241293,86.097344,23.143950
108.237868,85.024485,23.213382,108.637813,85.474668,23.163145
108.016930,84.707588,23.309342,108.626981,85.372353,23.254628
107.700072,84.380362,23.319710,108.602235,85.286502,23.315733
107.460145,84.166080,23.294065,108.172937,84.991538,23.181399
107.147311,83.912549,23.234763,108.140995,84.993104,23.147891
107.019600,83.739892,23.279709,108.226327,85.045822,23.180505
106.790247,83.495639,23.294608,108.000052,84.889218,23.110834
106.579044,83.301694,23.277350,107.830633,84.594856,23.235776
106.339965,83.009970,23.329995,107.409906,84.223605,23.186300
106.231751,82.867970,23.363781,107.399779,84.112998,23.286781
106.004028,82.622292,23.381736,107.175568,83.869818,23.305751
105.796958,82.476114,23.320844,107.233195,84.065010,23.168185
105.703359,82.326158,23.377200,106.885895,83.574975,23.310920
105.558562,82.194856,23.363706,106.838860,83.479929,23.358932
105.365724,82.011215,23.354509,106.671910,83.466980,23.204930
105.158486,81.815305,23.343181,106.522505,83.220252,23.302253
105.092830,81.675255,23.417575,106.449316,83.183105,23.266211
104.850840,81.480175,23.370665,106.515161,83.342537,23.172624
104.874154,81.474783,23.399372,106.349138,83.096038,23.253101
104.693524,81.332452,23.361073,106.111662,82.770353,23.341309
104.528914,81.079980,23.448934,105.999248,82.616347,23.382901
104.374037,80.950120,23.423917,106.093857,82.662976,23.430882
104.232681,80.838682,23.393999,105.760701,82.383049,23.377652
104.128050,80.723417,23.404633,105.656715,82.281737,23.374977
104.006824,80.570227,23.436597,105.814122,82.437627,23.376495
103.914085,80.465648,23.448437,105.593071,82.134884,23.458187
103.800663,80.344049,23.456614,105.481588,82.223891,23.257697
103.717721,80.256510,23.461211,105.178703,81.882311,23.296392
103.581730,80.114407,23.467324,105.174140,81.896739,23.277401
103.424896,79.944830,23.480065,105.269561,81.898655,23.370907
103.246465,79.791898,23.454567,104.997045,81.664221,23.332824
103.241360,79.818031,23.423329,105.144611,81.842756,23.301855
103.076277,79.698705,23.377572,104.961561,81.714193,23.247368
102.950377,79.544990,23.405388,105.129460,81.674174,23.455286
102.936574,79.497557,23.439017,104.769827,81.388732,23.381094
102.836585,79.414054,23.422531,104.922893,81.542067,23.380827
102.746333,79.334243,23.412091,104.618071,81.310279,23.307792
102.594381,79.128732,23.465649,104.581385,81.222455,23.358930
102.577077,79.144984,23.432093,104.352259,80.948671,23.403588
102.466362,78.952518,23.513844,104.446700,80.973551,23.473149
102.483843,78.914706,23.569136,104.455998,80.967966,23.488032
102.259057,78.745553,23.513504,104.276838,80.779559,23.497279
102.186889,78.638270,23.548619,104.252181,80.843061,23.409120
102.144673,78.651622,23.493051,104.191673,80.786914,23.404760
102.146889,78.582155,23.564734,104.198786,80.714324,23.484462
101.987924,78.438195,23.549730,104.065139,80.620762,23.444377
101.947610,78.418946,23.528665,104.283827,80.810869,23.472959
101.931542,78.330766,23.600776,104.154078,80.665269,23.488809
101.859019,78.242587,23.616432,103.986612,80.450821,23.535791
101.723865,78.112970,23.610894,103.901173,80.440480,23.460694
101.689426,78.073707,23.615719,103.673079,80.162479,23.510600
101.641633,78.039755,23.601878,103.717178,80.265022,23.452157
101.616312,78.059735,23.556576,103.735783,80.243108,23.492675
101.525343,77.879675,23.645669,103.885760,80.255416,23.630343
101.436145,77.808895,23.627250,103.561742,80.008840,23.552902
101.390860,77.762715,23.628145,103.491726,79.996089,23.495637
101.391402,77.721283,23.670119,103.804701,80.160122,23.644579
101.347778,77.672750,23.675029,103.793288,80.341171,23.452117
101.324710,77.632232,23.692478,103.757500,80.233056,23.524444
101.204119,77.492971,23.711148,103.568933,79.985051,23.583882
101.093352,77.454476,23.638877,103.529831,79.995542,23.534289
101.112239,77.415177,23.697062,103.361494,79.716378,23.645115
101.133676,77.435054,23.698622,103.759861,80.206957,23.552905
100.987452,77.328582,23.658870,103.556388,79.921077,23.635311
100.973246,77.323392,23.649855,103.418651,79.874364,23.544287
100.916013,77.237883,23.678129,103.328258,79.795134,23.533124
100.826847,77.121943,23.704905,103.555510,80.021553,23.533957
100.805122,77.068212,23.736910,103.316024,79.814985,23.501039
100.781388,77.122190,23.659198,103.278519,79.771474,23.507045
100.713312,77.015039,23.698273,103.316378,79.822892,23.493486
100.589875,76.886910,23.702965,103.486020,79.966012,23.520009
100.581482,76.889054,23.692428,103.228206,79.665092,23.563114
100.583475,76.873531,23.709944,103.303299,79.727749,23.575550
100.526368,76.849305,23.677063,103.295368,79.721755,23.573614
100.444035,76.774818,23.669216,103.100993,79.537295,23.563698
100.466499,76.850249,23.616250,103.266060,79.798389,23.467671
100.367876,76.708539,23.659337,103.110741,79.655523,23.455218
100.316755,76.723116,23.593639,103.031238,79.632426,23.398811
100.295179,76.725525,23.569654,102.842724,79.379371,23.463353
100.250237,76.657406,23.592831,102.971475,79.465735,23.505740
100.222975,76.629667,23.593308,102.689625,79.234690,23.454936
100.173611,76.566914,23.606697,102.832353,79.303359,23.528994
100.139271,76.518476,23.620795,102.861135,79.313033,23.548103
100.111404,76.464185,23.647219,103.079618,79.521552,23.558066
100.047735,76.412537,23.635198,102.867188,79.394642,23.472546
100.039388,76.404698,23.634690,103.060027,79.547082,23.512944
100.017492,76.398964,23.618528,102.701299,79.186928,23.514371
100.003866,76.355688,23.648178,102.674789,79.170982,23.503807
99.889286,76.243621,23.645664,102.554626,79.017886,23.536740
99.886689,76.243467,23.643222,102.758848,79.254927,23.503920
99.908912,76.261451,23.647461,102.874370,79.378836,23.495534
99.818138,76.175135,23.643003,102.842527,79.243711,23.598816
99.801746,76.121592,23.680154,103.149492,79.573240,23.576253
99.786778,76.117838,23.668940,102.726147,79.282921,23.443226
99.813455,76.166132,23.647323,102.821177,79.342503,23.478674
99.666140,76.009412,23.656729,102.680990,79.119953,23.561037
99.664080,75.975956,23.688125,102.695477,79.186013,23.509464
99.667969,76.000432,23.667537,102.700316,79.103369,23.596947
99.609083,75.907808,23.701275,102.928201,79.432247,23.495954
99.578728,75.908259,23.670469,102.616609,79.008857,23.607752
99.572507,75.835240,23.737267,102.857746,79.223923,23.633823
99.543818,75.849489,23.694330,102.335273,78.838807,23.496466
99.490860,75.842345,23.648515,102.494094,78.950666,23.543429
99.507357,75.833999,23.673358,102.775001,79.222714,23.552286
99.474036,75.818577,23.655459,102.438339,78.850090,23.588249
99.411575,75.754272,23.657303,102.600478,79.023321,23.577157
99.402621,75.693011,23.709610,102.450340,78.929082,23.521258
99.405665,75.707054,23.698611,102.571944,79.026677,23.545268
99.431668,75.711429,23.720239,102.479952,78.856548,23.623404
99.349907,75.577150,23.772758,102.575727,78.945199,23.630528
99.359341,75.589525,23.769816,102.688283,78.998044,23.690239
99.255506,75.485899,23.769608,102.344459,78.727020,23.617439
99.155083,75.452167,23.702916,102.392403,78.769606,23.622797
99.320979,75.580538,23.740441,102.660491,78.953637,23.706855
99.289704,75.493545,23.796159,102.520800,78.914471,23.606329
99.204798,75.446972,23.757826,102.274093,78.727733,23.546361
99.228004,75.471481,23.756523,102.858024,79.152990,23.705034
99.158287,75.406104,23.752183,102.449366,78.840622,23.608744
99.190344,75.433817,23.756527,102.298816,78.577419,23.721397
99.137122,75.331161,23.805961,102.602519,78.897153,23.705366
99.039026,75.265602,23.773424,102.523736,78.946558,23.577178
99.028722,75.265406,23.763316,102.448666,78.783518,23.665148
99.030239,75.293634,23.736605,102.362033,78.756179,23.605853
99.009421,75.273551,23.735870,102.364238,78.716114,23.648124
98.993943,75.196107,23.797836,102.376498,78.741236,23.635262
99.001432,75.233084,23.768348,102.492606,78.845946,23.646660
99.022426,75.255153,23.767273,102.359774,78.715242,23.644533
