237.289310,233.593650,3.695660,190.172072,185.490383,4.681689
174.355461,165.688197,8.667263,157.831879,145.193861,12.638019
151.100937,137.120414,13.980522,143.494861,127.785844,15.709017
140.117691,123.367621,16.750071,135.489908,117.807247,17.682660
133.470053,114.984202,18.485851,130.032442,110.829999,19.202443
129.193634,109.658135,19.535499,127.107450,107.191033,19.916416
126.461967,106.294247,20.167720,124.136766,103.747464,20.389302
124.258314,103.634856,20.623458,122.578528,101.709371,20.869157
122.560465,101.550609,21.009856,121.377814,100.339411,21.038402
121.181082,99.951277,21.229805,119.994194,98.659254,21.334940
119.880314,98.414789,21.465525,118.890868,97.435443,21.455425
118.909175,97.269612,21.639563,118.215370,96.623385,21.591985
117.980197,96.204092,21.776106,117.344351,95.605169,21.739182
117.137383,95.267136,21.870248,116.539057,94.564269,21.974788
116.333465,94.363232,21.970233,115.811602,93.727494,22.084108
115.693240,93.635337,22.057904,115.051168,93.064340,21.986827
115.082588,93.003037,22.079551,115.036262,92.856551,22.179711
114.463000,92.263822,22.199179,113.951265,91.760146,22.191119
113.915774,91.699437,22.216338,113.601192,91.343776,22.257416
113.422358,91.182374,22.239983,113.267001,91.306926,21.960075
112.905646,90.681216,22.224430,112.780573,90.605391,22.175182
112.366810,90.045165,22.321645,112.701514,90.506408,22.195106
111.935820,89.601922,22.333898,111.883652,89.733225,22.150426
111.595527,89.323599,22.271928,112.446112,89.935333,22.510780
111.140549,88.820607,22.319942,111.436300,89.302488,22.133813
110.850722,88.531449,22.319273,111.002087,88.694548,22.307540
110.440153,88.111504,22.328649,110.577719,88.267984,22.309736
110.138827,87.776282,22.362545,110.553215,88.189834,22.363381
109.747953,87.489358,22.258595,109.913787,87.657575,22.256212
109.507056,87.226578,22.280478,109.763160,87.408517,22.354643
109.142196,86.793910,22.348286,109.704908,87.418138,22.286770
108.872744,86.587005,22.285739,109.924233,87.576863,22.347370
108.653141,86.351923,22.301218,109.218786,86.995898,22.222888
108.288493,86.031064,22.257429,108.825587,86.612629,22.212958
108.134469,85.801615,22.332854,108.921282,86.462927,22.458355
107.876579,85.553658,22.322921,108.400348,86.284547,22.115800
107.678269,85.436382,22.241887,108.474774,86.293771,22.181004
107.399285,85.167563,22.231722,108.562191,86.382593,22.179598
107.260950,85.018141,22.242809,107.795121,85.593940,22.201181
107.009493,84.718511,22.290982,107.867112,85.677248,22.189865
106.866567,84.575600,22.290966,107.918386,85.701870,22.216516
106.681675,84.376558,22.305118,107.872747,85.528844,22.343904
106.445841,84.124393,22.321448,107.505908,85.374191,22.131717
106.303136,84.076397,22.226739,107.303747,85.228590,22.075157
106.091995,83.927690,22.164306,107.459101,85.315088,22.144013
105.921075,83.692521,22.228555,107.078640,84.996079,22.082562
105.760432,83.554229,22.206203,106.877030,84.696680,22.180350
105.653653,83.430834,22.222819,106.926715,84.813109,22.113606
105.507337,83.290240,22.217097,106.472229,84.451491,22.020738
105.309832,83.209171,22.100662,106.759710,84.668332,22.091379
105.242602,83.086457,22.156145,106.194406,84.059255,22.135151
105.064047,82.845798,22.218249,106.119054,83.996586,22.122468
104.870105,82.637328,22.232777,106.043621,83.923338,22.120283
104.788815,82.551019,22.237796,106.182719,83.949532,22.233187
104.684451,82.449063,22.235388,105.924103,83.811424,22.112679
104.475941,82.320113,22.155829,105.833775,83.759925,22.073850
104.381575,82.194721,22.186854,105.993568,83.804612,22.188957
104.230215,82.010577,22.219638,105.633528,83.477853,22.155675
104.115689,81.965569,22.150119,105.610585,83.403271,22.207314
104.008524,81.848636,22.159888,105.435110,83.311093,22.124017
103.893251,81.723995,22.169257,105.205402,83.100511,22.104891
103.808517,81.629349,22.179168,105.483303,83.283390,22.199913
103.651080,81.462362,22.188718,105.045390,82.917985,22.127404
103.562657,81.390041,22.172616,104.950556,82.840711,22.109845
103.461918,81.252400,22.209518,104.962403,82.868775,22.093628
103.320672,81.141565,22.179107,104.760312,82.699485,22.060827
103.227410,81.074832,22.152578,104.819430,82.639505,22.179925
103.137876,80.928521,22.209355,104.690949,82.578149,22.112800
103.060290,80.834070,22.226220,104.621186,82.394569,22.226616
102.946997,80.771301,22.175696,104.660853,82.600919,22.059934
102.872507,80.657129,22.215378,104.803875,82.598016,22.205859
102.834338,80.591610,22.242729,104.566221,82.361581,22.204640
102.773657,80.577386,22.196271,104.619391,82.545612,22.073780
102.644332,80.423664,22.220667,104.229730,82.071430,22.158300
102.585857,80.349683,22.236174,104.207903,82.014731,22.193172
102.447942,80.190822,22.257120,104.237877,82.129846,22.108031
102.350316,80.095794,22.254522,103.885278,81.805278,22.079999
102.347070,80.096837,22.250234,104.027962,81.777463,22.250499
102.230859,80.003193,22.227667,104.089581,81.877022,22.212559
102.136099,79.935228,22.200871,104.066599,81.864804,22.201795
102.059499,79.893074,22.166425,103.907148,81.913614,21.993534
102.009275,79.806440,22.202835,103.979938,81.859414,22.120524
101.982712,79.724806,22.257906,103.885533,81.609199,22.276335
101.851380,79.592374,22.259006,103.743228,81.542922,22.200307
101.810548,79.585109,22.225439,103.773194,81.667123,22.106071
101.765520,79.558793,22.206727,103.832758,81.695462,22.137296
101.672694,79.452745,22.219949,103.404304,81.341260,22.063043
101.617156,79.341412,22.275744,103.467193,81.299121,22.168071
101.569936,79.274852,22.295084,103.510243,81.260444,22.249799
101.521349,79.297104,22.224245,103.490969,81.328213,22.162756
101.382590,79.204082,22.178507,103.418311,81.387732,22.030579
101.384893,79.183210,22.201683,103.477265,81.448336,22.028929
101.310683,79.118929,22.191755,103.342264,81.229398,22.112866
101.222685,79.010673,22.212012,103.584713,81.485976,22.098737
101.213728,79.037252,22.176476,103.369762,81.265415,22.104347
101.128234,78.935899,22.192335,103.290527,81.149162,22.141365
101.106582,78.937594,22.168987,103.253867,81.196595,22.057273
101.022469,78.847990,22.174479,103.159310,81.098329,22.060980
101.015869,78.799037,22.216832,103.183750,81.073473,22.110277
100.897745,78.701602,22.196143,103.230248,81.078457,22.151791
100.792386,78.639446,22.152941,103.030177,80.990304,22.039873
100.823515,78.652244,22.171271,103.033771,80.966610,22.067160
100.733363,78.574998,22.158365,103.004900,80.950298,22.054601
100.661797,78.508185,22.153612,102.936628,80.910139,22.026489
100.695702,78.536668,22.159034,102.856887,80.849824,22.007063
100.601522,78.445882,22.155641,102.741058,80.753889,21.987169
100.589215,78.415982,22.173232,103.136168,80.971037,22.165132
100.516572,78.337468,22.179104,102.762475,80.665869,22.096605
100.499690,78.323857,22.175833,102.807696,80.780648,22.027048
100.435815,78.322744,22.113071,102.761723,80.703829,22.057894
100.400857,78.243227,22.157630,102.885701,80.809587,22.076114
100.330953,78.180888,22.150065,102.760534,80.675191,22.085343
100.233659,78.089462,22.144196,102.553520,80.583681,21.969839
100.249459,78.166187,22.083273,102.948414,80.924163,22.024251
100.260651,78.102097,22.158554,102.857476,80.822606,22.034871
100.116761,77.969522,22.147239,102.582507,80.500160,22.082347
100.091364,77.987295,22.104069,102.605837,80.628864,21.976973
100.049756,77.934235,22.115522,102.620002,80.597972,22.022030
99.994242,77.946520,22.047722,102.514244,80.606267,21.907978
99.995506,77.919014,22.076492,102.294033,80.271801,22.022232
99.940982,77.827371,22.113611,102.385611,80.434615,21.950997
99.936344,77.800295,22.136049,102.396787,80.361570,22.035217
99.903039,77.774693,22.128346,102.289625,80.207704,22.081922
99.738844,77.649811,22.089033,102.372883,80.336672,22.036211
99.757126,77.663444,22.093683,102.513412,80.479612,22.033800
99.765419,77.655559,22.109860,102.306613,80.313835,21.992778
99.698256,77.631443,22.066813,102.224393,80.239908,21.984484
99.636081,77.538628,22.097453,102.353425,80.442298,21.911127
99.640264,77.618122,22.022142,102.274282,80.317743,21.956540
99.658665,77.588271,22.070394,102.356919,80.347447,22.009473
99.581866,77.536399,22.045467,102.160338,80.282838,21.877500
99.547450,77.487550,22.059901,102.170982,80.115131,22.055851
99.512047,77.414325,22.097722,102.105029,80.180315,21.924714
99.500486,77.430814,22.069672,102.275267,80.334398,21.940869
99.388122,77.343824,22.044299,102.019621,80.094843,21.924777
99.323543,77.288007,22.035536,102.149558,80.209267,21.940292
99.330647,77.266102,22.064545,101.912827,79.910418,22.002408
99.239838,77.184706,22.055132,102.000777,80.061582,21.939195
99.197711,77.141227,22.056483,102.049204,80.120160,21.929045
99.233227,77.196049,22.037178,102.167788,80.110854,22.056934
99.217218,77.112335,22.104883,101.973367,80.044397,21.928970
99.137770,77.101502,22.036268,102.134035,80.251803,21.882232
99.128195,77.114938,22.013258,101.842516,79.957488,21.885028
99.108601,77.093331,22.015270,102.022627,80.084646,21.937981
99.157292,77.088605,22.068687,101.983248,79.965150,22.018099
99.073175,77.004888,22.068287,101.634518,79.657816,21.976702
99.026480,76.974037,22.052443,102.053944,80.115036,21.938908
98.989552,76.953742,22.035810,102.066315,80.020214,22.046101
98.961543,76.896562,22.064981,102.066284,80.152506,21.913779
98.990369,76.952872,22.037497,101.753164,79.786088,21.967076
98.911146,76.815653,22.095493,101.611554,79.652043,21.959512
98.868970,76.795406,22.073564,101.802430,79.816516,21.985913
98.896874,76.798959,22.097915,101.920931,79.914484,22.006448
98.822161,76.730152,22.092009,101.773080,79.848332,21.924748
98.840229,76.755984,22.084245,101.710871,79.723573,21.987298
98.751403,76.649528,22.101876,101.818766,79.823723,21.995043
98.694496,76.609523,22.084973,101.650131,79.642149,22.007983
98.697147,76.607944,22.089203,101.608111,79.696083,21.912029
98.694378,76.635771,22.058607,101.655199,79.647389,22.007811
98.686551,76.614045,22.072506,101.825803,79.859691,21.966112
