239.629138,233.614555,6.014583,190.743676,186.405825,4.337850
174.303242,165.260090,9.043152,157.822715,144.946651,12.876064
151.679643,137.628733,14.050910,144.619408,129.226278,15.393130
140.612126,123.798654,16.813472,136.048905,117.998735,18.050169
134.039385,115.356550,18.682835,130.638948,111.331414,19.307533
129.872965,110.227195,19.645771,127.435694,107.435134,20.000560
127.006798,106.764133,20.242665,124.964794,104.628272,20.336523
124.810071,104.168016,20.642055,122.929670,102.050845,20.878825
123.019187,102.058964,20.960223,121.518140,100.381999,21.136141
121.376752,100.251359,21.125393,120.419566,99.195406,21.224160
120.101307,98.775676,21.325631,118.967602,97.647702,21.319900
118.970226,97.606872,21.363354,118.165691,96.852055,21.313637
117.854191,96.476402,21.377789,117.296911,95.802459,21.494452
116.909337,95.385548,21.523789,116.367772,94.890282,21.477490
116.092749,94.616394,21.476355,115.311690,93.920745,21.390944
115.261862,93.729966,21.531897,114.754701,93.272064,21.482637
114.466833,92.915549,21.551284,113.764893,92.412402,21.352491
113.744481,92.219265,21.525216,113.472241,91.934299,21.537942
113.048227,91.487913,21.560314,112.572600,91.084280,21.488320
112.481504,91.004379,21.477125,112.126858,90.720764,21.406094
111.801702,90.292360,21.509342,111.718954,90.224463,21.494492
111.321314,89.820357,21.500957,111.083183,89.786464,21.296718
110.807681,89.330238,21.477443,110.708034,89.228341,21.479693
110.316583,88.883481,21.433102,110.054886,88.663473,21.391413
109.810830,88.302344,21.508485,109.962886,88.479115,21.483770
109.366557,87.836154,21.530403,109.624761,88.147700,21.477061
108.976605,87.507528,21.469078,109.145683,87.508141,21.637542
108.569868,87.044963,21.524905,108.807524,87.209799,21.597726
108.158461,86.652557,21.505903,108.415953,86.966365,21.449589
107.790259,86.305932,21.484327,107.885787,86.585343,21.300444
107.507388,86.027307,21.480081,107.868899,86.404917,21.463982
107.133890,85.660221,21.473670,108.114060,86.689905,21.424156
106.915382,85.397023,21.518359,107.317955,85.898116,21.419838
106.574291,85.074055,21.500236,107.152146,85.762010,21.390136
106.341988,84.832771,21.509217,106.563987,85.199947,21.364040
106.029837,84.566379,21.463458,106.901276,85.365829,21.535447
105.738923,84.271489,21.467434,106.496580,85.111170,21.385410
105.550430,84.102220,21.448211,106.106475,84.710024,21.396451
105.327728,83.860326,21.467401,105.818954,84.451364,21.367591
104.999730,83.566970,21.432760,105.859631,84.538929,21.320701
104.854484,83.424675,21.429809,105.463152,84.159869,21.303283
104.680972,83.250748,21.430224,105.469629,84.135847,21.333782
104.403838,82.996431,21.407406,105.530776,84.075411,21.455365
104.216601,82.764301,21.452300,104.885135,83.498745,21.386390
104.063675,82.647093,21.416582,104.939964,83.563710,21.376254
103.845271,82.415689,21.429582,104.623174,83.319001,21.304173
103.681998,82.290847,21.391150,104.790882,83.501243,21.289639
103.440932,82.061488,21.379444,104.495376,83.127175,21.368201
103.338714,81.919020,21.419694,104.257645,82.926173,21.331472
103.160576,81.757828,21.402749,104.046207,82.617155,21.429052
103.022335,81.625509,21.396826,103.939725,82.595751,21.343973
102.917427,81.489878,21.427549,103.944404,82.481454,21.462950
102.747919,81.316094,21.431824,104.122208,82.821845,21.300362
102.588275,81.188082,21.400193,103.898604,82.617014,21.281590
102.470635,81.057332,21.413303,103.874452,82.590512,21.283941
102.335689,80.920269,21.415420,103.541441,82.122363,21.419078
102.276986,80.815767,21.461219,103.501750,82.100913,21.400837
102.095782,80.654850,21.440932,103.428743,81.985996,21.442747
101.964713,80.507849,21.456864,103.226972,81.992784,21.234189
101.877337,80.499349,21.377988,103.350683,81.972894,21.377789
101.741331,80.314917,21.426414,103.246717,81.979693,21.267024
101.612748,80.183903,21.428845,103.027101,81.664228,21.362873
101.456429,80.037987,21.418441,102.836261,81.388389,21.447872
101.474198,80.029064,21.445134,102.928077,81.592452,21.335625
101.255403,79.860225,21.395178,102.609552,81.362867,21.246686
101.234555,79.847771,21.386784,102.716884,81.440587,21.276297
101.147042,79.721621,21.425421,102.568938,81.215718,21.353220
101.062030,79.604399,21.457631,102.762777,81.399968,21.362809
100.957092,79.533454,21.423638,102.458227,81.151704,21.306523
100.876163,79.471200,21.404963,102.570436,81.277235,21.293201
100.835678,79.334789,21.500889,102.327395,80.892379,21.435016
100.683181,79.201887,21.481294,102.332843,80.873193,21.459651
100.640211,79.171673,21.468537,102.280818,80.900393,21.380425
100.575460,79.165304,21.410156,102.167165,80.841297,21.325868
100.460997,78.978015,21.482982,102.001061,80.619486,21.381574
100.380653,78.868363,21.512289,102.158258,80.723798,21.434460
100.251162,78.774034,21.477127,102.130661,80.765223,21.365437
100.241524,78.789547,21.451977,102.202958,80.782775,21.420183
100.140198,78.651471,21.488727,101.929327,80.608017,21.321310
100.171977,78.598975,21.573002,101.913238,80.438612,21.474627
100.056436,78.490227,21.566209,102.311775,80.822120,21.489655
99.953918,78.393306,21.560612,101.924165,80.424264,21.499900
99.857565,78.287789,21.569776,101.729790,80.276938,21.452852
99.764280,78.192849,21.571432,101.807138,80.447416,21.359721
99.783097,78.227884,21.555213,101.912696,80.477416,21.435280
99.671074,78.096626,21.574449,101.576452,80.201680,21.374771
99.637584,78.052073,21.585511,101.624985,80.193885,21.431100
99.599804,78.004359,21.595445,101.716858,80.191775,21.525083
99.527565,77.920088,21.607478,101.781536,80.322362,21.459174
99.502208,77.900461,21.601747,101.505247,80.055168,21.450079
99.440633,77.847386,21.593247,101.411639,79.898509,21.513130
99.390240,77.766111,21.624129,101.423333,79.919781,21.503552
99.330494,77.718396,21.612098,101.312067,79.846553,21.465515
99.314007,77.645851,21.668156,101.545880,79.960687,21.585193
99.247538,77.566477,21.681061,101.261426,79.771970,21.489456
99.184554,77.562315,21.622239,101.347385,79.850074,21.497311
99.108835,77.457268,21.651567,101.197121,79.643407,21.553713
99.062164,77.445501,21.616662,101.231964,79.732967,21.498998
99.063795,77.419895,21.643900,101.196500,79.663654,21.532846
99.031535,77.392132,21.639403,101.348354,79.726386,21.621968
99.020205,77.343690,21.676516,101.187698,79.621524,21.566174
98.940961,77.258758,21.682203,101.359611,79.856450,21.503161
98.984290,77.276058,21.708232,101.074158,79.525668,21.548490
98.811813,77.165681,21.646132,101.185953,79.592801,21.593151
98.808229,77.159027,21.649202,101.343426,79.743986,21.599440
98.769642,77.103157,21.666484,101.047441,79.480387,21.567055
98.739909,77.014262,21.725647,101.143099,79.556960,21.586140
98.698216,76.984145,21.714070,100.985098,79.423157,21.561942
98.753524,77.000239,21.753285,101.230488,79.591931,21.638558
98.747857,76.965899,21.781958,101.002178,79.389449,21.612728
98.608388,76.853204,21.755184,100.990983,79.446842,21.544140
98.630845,76.879439,21.751406,100.929012,79.358029,21.570984
98.587233,76.844125,21.743108,100.916411,79.319313,21.597099
98.603793,76.833193,21.770601,100.960867,79.409608,21.551258
98.508890,76.743375,21.765515,100.947841,79.249977,21.697865
98.520907,76.725425,21.795482,101.015965,79.337564,21.678401
98.442036,76.679917,21.762119,101.242476,79.510967,21.731509
98.423450,76.626032,21.797418,101.213787,79.556779,21.657008
98.393341,76.622260,21.771081,101.111924,79.437027,21.674898
98.330326,76.548341,21.781985,100.824105,79.112029,21.712076
98.351196,76.581100,21.770096,100.939077,79.132032,21.807044
98.299802,76.477050,21.822751,100.780865,79.129685,21.651180
98.224410,76.410626,21.813784,101.064090,79.411263,21.652827
98.249427,76.433393,21.816033,100.897163,79.196062,21.701101
98.213284,76.409706,21.803578,100.920651,79.154662,21.765989
98.187746,76.360886,21.826859,100.758731,79.012607,21.746124
98.173301,76.351827,21.821473,101.107386,79.305145,21.802242
98.164011,76.308824,21.855188,100.989744,79.283898,21.705846
98.098753,76.272275,21.826478,100.837571,79.159856,21.677715
98.053560,76.220415,21.833145,101.043051,79.243387,21.799664
98.054261,76.232810,21.821451,100.883618,79.227470,21.656148
98.067526,76.236040,21.831486,100.912374,79.177261,21.735113
98.044638,76.200558,21.844080,100.759432,79.080013,21.679418
98.060197,76.169249,21.890948,100.676703,78.956648,21.720055
97.943889,76.086708,21.857181,100.781469,79.127827,21.653642
97.955728,76.083734,21.871993,100.575541,78.869794,21.705747
97.940797,76.082278,21.858519,100.720865,79.003329,21.717537
97.865674,75.984506,21.881168,100.724081,79.022750,21.701331
97.920937,76.023243,21.897693,100.934031,79.204252,21.729778
97.880163,75.978022,21.902140,100.727894,78.947726,21.780167
97.883245,75.976396,21.906850,100.896615,79.123969,21.772647
97.799936,75.876853,21.923083,100.435525,78.736087,21.699438
97.861225,75.960376,21.900849,100.676396,78.895223,21.781173
97.816578,75.898815,21.917763,100.685918,78.908702,21.777216
97.872945,75.969185,21.903760,100.631024,78.880383,21.750641
97.857500,75.936607,21.920893,100.932785,79.118559,21.814227
97.847225,75.895240,21.951985,100.803523,78.873713,21.929810
97.785841,75.794112,21.991729,100.757420,78.908271,21.849149
97.684323,75.724023,21.960300,100.669904,78.835815,21.834089
97.635965,75.718272,21.917693,100.674027,78.961014,21.713014
97.669179,75.786723,21.882455,100.626267,78.853097,21.773171
97.675165,75.760155,21.915010,100.680435,78.897720,21.782714
97.657509,75.706539,21.950970,100.776222,78.984787,21.791435
97.636700,75.669281,21.967419,100.895058,78.981093,21.913965
97.686942,75.709140,21.977802,100.856872,79.008381,21.848491
97.602189,75.625125,21.977065,100.698817,78.921505,21.777313
97.620998,75.641515,21.979484,100.763586,78.969183,21.794402
97.581557,75.597341,21.984215,100.812981,78.945446,21.867535
97.551321,75.544640,22.006681,100.818312,79.039955,21.778357
97.562728,75.633548,21.929180,100.802824,78.932750,21.870075
