244.076515,242.002910,2.073606,193.809412,190.848823,2.960589
187.347529,182.289355,5.058174,176.533611,169.151048,7.382561
167.551634,157.515341,10.036293,157.007916,144.391635,12.616281
152.310854,138.638041,13.672813,147.067457,132.235349,14.832107
144.124267,128.666133,15.458134,139.562790,123.067753,16.495037
137.968831,121.052778,16.916053,134.748720,117.094462,17.654258
133.618648,115.664992,17.953656,131.255207,112.745397,18.509810
130.489720,111.653937,18.835783,128.126914,108.903836,19.223077
127.803533,108.265215,19.538318,125.848884,105.899298,19.949586
125.819472,105.770762,20.048710,124.240755,103.910501,20.330254
124.032673,103.667085,20.365589,122.374982,101.668541,20.706442
122.695118,102.011307,20.683812,121.229700,100.338514,20.891186
121.519462,100.509377,21.010085,120.072297,99.214371,20.857925
120.342203,99.205407,21.136796,119.165672,97.858234,21.307438
119.432523,98.069296,21.363227,118.478522,96.907332,21.571189
118.582714,96.950777,21.631937,117.865691,96.232107,21.633583
117.737812,96.014160,21.723652,117.128976,95.321176,21.807800
116.947583,95.120714,21.826869,116.753618,94.865248,21.888370
116.306859,94.445310,21.861549,115.504448,93.767541,21.736906
115.786049,93.694244,22.091805,115.003115,92.891526,22.111589
115.161374,92.969065,22.192309,114.474176,92.241153,22.233024
114.682779,92.363061,22.319718,114.030771,91.681372,22.349399
114.184311,91.722512,22.461799,113.874973,91.249468,22.625506
113.710229,91.168375,22.541854,113.520021,90.876755,22.643266
113.239645,90.683375,22.556270,112.964137,90.426838,22.537300
112.844206,90.267977,22.576229,112.745480,90.195193,22.550287
112.443220,89.813989,22.629231,112.290138,89.508872,22.781266
112.081091,89.351188,22.729903,112.008643,89.153735,22.854908
111.638517,88.864640,22.773876,111.592689,88.896981,22.695708
111.315041,88.519690,22.795351,111.536188,88.790030,22.746158
111.158723,88.224443,22.934280,111.273836,88.356894,22.916943
110.714681,87.741746,22.972934,111.182899,88.247176,22.935722
110.389058,87.344510,23.044548,110.237123,87.253950,22.983174
110.155149,87.094703,23.060446,110.367606,87.342747,23.024859
109.892779,86.776738,23.116041,110.136247,86.938302,23.197945
109.632045,86.494272,23.137773,109.880023,86.820421,23.059602
109.400783,86.175550,23.225234,109.507348,86.420736,23.086611
109.131233,85.899594,23.231639,109.543716,86.446335,23.097381
108.860100,85.638459,23.221641,109.275797,86.142200,23.133597
108.627886,85.381770,23.246115,109.135426,85.995068,23.140358
108.414150,85.122344,23.291807,109.063964,85.791815,23.272149
108.253001,84.874361,23.378640,108.724292,85.315054,23.409239
108.054450,84.678901,23.375549,108.369328,85.107670,23.261658
107.933104,84.550883,23.382221,108.413483,85.174987,23.238496
107.647890,84.256126,23.391764,108.231022,84.978291,23.252731
107.505515,84.050886,23.454629,107.886017,84.511921,23.374097
107.342339,83.824867,23.517472,107.717771,84.361372,23.356399
107.111094,83.661516,23.449577,107.812054,84.487329,23.324725
106.973608,83.518235,23.455373,107.449768,84.120491,23.329277
106.817373,83.334699,23.482674,107.284470,84.035709,23.248761
106.632117,83.158057,23.474061,107.404046,84.001332,23.402714
106.504175,83.018308,23.485868,107.382865,84.080086,23.302779
106.412164,82.946858,23.465305,107.365919,83.969064,23.396854
106.314228,82.799003,23.515225,107.185701,83.809448,23.376253
106.095798,82.516705,23.579093,106.865033,83.291313,23.573721
105.967915,82.348729,23.619186,106.950455,83.339713,23.610742
105.734371,82.140680,23.593691,106.688466,83.344059,23.344407
105.653783,82.102718,23.551064,106.618470,83.289684,23.328786
105.595087,81.968157,23.626930,106.569696,83.155231,23.414465
105.536233,81.831109,23.705124,106.651829,83.042277,23.609552
105.364460,81.709407,23.655053,106.595317,83.084304,23.511013
105.331180,81.672788,23.658392,106.519676,82.922902,23.596774
105.146492,81.568145,23.578347,106.361604,82.921789,23.439815
105.051290,81.398949,23.652341,106.099999,82.689398,23.410601
104.894623,81.242801,23.651822,106.062135,82.567616,23.494520
104.811008,81.154153,23.656856,105.905408,82.316082,23.589327
104.766430,81.113944,23.652485,105.985029,82.353455,23.631575
104.585290,80.969829,23.615461,105.939374,82.347774,23.591600
104.644359,80.995095,23.649264,105.959972,82.277131,23.682841
104.509974,80.782105,23.727869,105.964821,82.387196,23.577625
104.364979,80.695725,23.669253,105.622514,82.007905,23.614609
104.305743,80.571850,23.733893,105.465953,81.837205,23.628749
104.161851,80.491158,23.670693,105.541050,81.996043,23.545007
104.052221,80.436704,23.615517,105.339693,81.926313,23.413380
104.044923,80.398865,23.646058,105.461793,82.021142,23.440651
103.982481,80.343332,23.639149,105.289400,81.947622,23.341779
103.948918,80.271394,23.677524,105.287936,81.650078,23.637858
103.797928,80.161947,23.635981,105.169342,81.495417,23.673924
103.722485,80.087613,23.634873,105.129820,81.405078,23.724741
103.620674,80.001401,23.619273,105.436595,81.938343,23.498252
103.607414,79.931550,23.675864,105.110294,81.568006,23.542288
103.477461,79.810082,23.667379,105.084908,81.507550,23.577357
103.465217,79.782446,23.682771,104.925477,81.477507,23.447970
103.387240,79.734742,23.652498,105.188370,81.439118,23.749252
103.396367,79.676312,23.720054,104.915089,81.324156,23.590933
103.205918,79.469679,23.736239,104.887774,81.274061,23.613713
103.142772,79.484444,23.658328,104.974637,81.580114,23.394523
103.172359,79.456270,23.716089,104.824725,81.046788,23.777937
103.045577,79.346055,23.699522,105.023793,81.490656,23.533137
103.025687,79.273747,23.751940,104.580084,80.874399,23.705685
102.970331,79.165810,23.804521,104.471830,80.825003,23.646828
102.937286,79.174729,23.762558,104.668833,81.020361,23.648472
102.864463,79.073656,23.790807,104.679939,81.162620,23.517318
102.803803,78.981075,23.822728,104.574374,80.881451,23.692923
102.703205,78.963749,23.739456,104.481337,80.785266,23.696072
102.695792,78.907703,23.788089,104.338407,80.615272,23.723135
102.661880,78.817285,23.844596,104.450936,80.875988,23.574948
102.509342,78.739742,23.769600,104.325721,80.705148,23.620573
102.519516,78.695619,23.823897,104.300866,80.658404,23.642461
102.520730,78.667425,23.853306,104.325163,80.717634,23.607529
102.432188,78.625935,23.806252,104.296203,80.646581,23.649622
102.400055,78.578105,23.821950,104.300980,80.417375,23.883604
102.357468,78.457418,23.900049,104.618356,80.886667,23.731689
102.342238,78.459418,23.882820,104.431436,80.644453,23.786983
102.264492,78.388519,23.875973,104.154857,80.167926,23.986931
102.200468,78.346151,23.854318,104.041245,80.323408,23.717837
102.196339,78.298736,23.897603,104.079384,80.255171,23.824213
102.068490,78.200180,23.868310,103.985116,80.351316,23.633800
102.099815,78.246957,23.852858,104.246035,80.586828,23.659207
102.056155,78.211342,23.844814,104.290091,80.599239,23.690853
102.053896,78.157189,23.896708,104.068264,80.306207,23.762058
101.930022,78.027471,23.902551,104.026037,80.167038,23.858998
101.943915,77.978425,23.965491,103.990013,80.166782,23.823232
101.877615,77.935388,23.942227,103.903785,80.122458,23.781327
101.814148,77.919975,23.894173,103.678287,79.993671,23.684616
101.803873,77.900779,23.903094,103.886188,80.156506,23.729683
101.746648,77.810703,23.935945,103.561395,79.836928,23.724467
101.704641,77.747075,23.957566,103.857216,79.980688,23.876528
101.672061,77.681736,23.990324,103.743962,79.896243,23.847719
101.591482,77.630994,23.960488,103.973761,80.175766,23.797995
101.609824,77.642949,23.966875,103.912755,80.261936,23.650819
101.520588,77.614539,23.906049,103.935318,80.200836,23.734482
101.504643,77.578248,23.926394,103.692679,80.020206,23.672473
101.511434,77.555830,23.955604,103.882792,80.204225,23.678567
101.420827,77.484845,23.935982,104.032584,80.204938,23.827646
101.420919,77.473863,23.947056,103.764685,79.872627,23.892059
101.375707,77.356126,24.019581,103.735960,79.845697,23.890263
101.293929,77.321230,23.972699,103.624585,79.760799,23.863786
101.337166,77.348571,23.988596,103.635145,79.791920,23.843224
101.263369,77.269885,23.993484,103.595704,79.686412,23.909291
101.310505,77.263116,24.047389,103.643023,79.866798,23.776225
101.290756,77.248299,24.042457,103.853814,80.067951,23.785863
101.208237,77.195466,24.012771,103.690344,79.646344,24.044000
101.180612,77.149952,24.030660,103.639098,79.728072,23.911026
101.120528,77.125218,23.995310,103.606507,79.786296,23.820211
101.093317,77.038106,24.055211,103.910761,79.800465,24.110297
101.136832,77.021737,24.115095,103.655514,79.742803,23.912711
101.044431,76.981930,24.062502,103.377570,79.333326,24.044244
101.048514,76.919692,24.128822,103.637199,79.695983,23.941216
101.024105,76.885309,24.138796,103.780959,79.830786,23.950173
101.043128,76.935117,24.108012,103.901465,79.982723,23.918743
101.020110,76.867682,24.152429,103.692573,79.672244,24.020329
100.943360,76.780927,24.162433,103.475065,79.694268,23.780797
100.942412,76.804419,24.137993,103.537963,79.503582,24.034382
100.947784,76.771706,24.176079,103.575462,79.554572,24.020889
100.921649,76.751289,24.170360,103.506003,79.573571,23.932432
100.884280,76.722149,24.162131,103.914936,79.891013,24.023924
100.914636,76.747357,24.167279,103.887917,79.874317,24.013601
100.867103,76.726423,24.140680,103.614472,79.583465,24.031007
100.840902,76.651332,24.189570,103.694483,79.661739,24.032745
100.780453,76.569135,24.211318,103.526832,79.639750,23.887082
100.817385,76.625959,24.191425,103.338205,79.292414,24.045791
100.761942,76.569635,24.192307,103.603915,79.489937,24.113979
100.687811,76.527794,24.160018,103.409830,79.444739,23.965091
100.681899,76.496675,24.185224,103.417366,79.512277,23.905089
100.675459,76.493707,24.181751,103.620979,79.511286,24.109693
100.668313,76.443445,24.224868,103.646369,79.650936,23.995433
100.657717,76.427156,24.230561,103.261941,79.221022,24.040919
100.676486,76.382841,24.293645,103.465210,79.228026,24.237184
100.595111,76.365217,24.229894,103.531209,79.470554,24.060655
