238.194841,233.506611,4.688231,190.856492,186.682680,4.173813
174.533598,165.699745,8.833853,157.909713,145.127990,12.781721
151.195527,137.047237,14.148291,144.068862,128.530696,15.538166
140.595568,123.968409,16.627159,136.346637,118.691699,17.654939
134.307366,116.043022,18.264344,131.192263,112.251397,18.940866
130.139950,110.715831,19.424119,127.585313,107.638033,19.947280
127.212962,107.091613,20.121349,125.465926,105.094698,20.371228
125.135351,104.410791,20.724560,123.684736,102.677566,21.007170
123.392120,102.297564,21.094556,122.068997,100.840891,21.228106
122.004966,100.609834,21.395133,120.779398,99.295165,21.484232
120.813097,99.191475,21.621622,120.100503,98.272245,21.828258
119.876596,98.067817,21.808780,118.941692,97.011083,21.930610
118.878568,96.906637,21.971931,118.178419,96.223571,21.954848
118.067695,95.986974,22.080721,117.369846,95.275709,22.094137
117.302984,95.184501,22.118482,116.710391,94.562739,22.147651
116.645712,94.416394,22.229318,116.217618,94.081722,22.135896
115.960481,93.698007,22.262474,115.701978,93.442796,22.259182
115.383816,93.029265,22.354551,115.112730,92.778370,22.334360
114.759459,92.401820,22.357640,114.812205,92.564167,22.248037
114.255910,91.814060,22.441850,113.926060,91.495096,22.430964
113.760117,91.269744,22.490372,113.871185,91.282824,22.588361
113.327348,90.813542,22.513806,113.349721,90.900180,22.449541
112.872515,90.270794,22.601721,113.172162,90.708972,22.463190
112.433021,89.848671,22.584350,112.867389,90.493191,22.374197
112.065759,89.491456,22.574303,112.523921,90.030294,22.493627
111.711784,89.190746,22.521038,111.865704,89.312225,22.553479
111.341994,88.737731,22.604263,111.629963,89.015456,22.614507
111.060526,88.371285,22.689241,111.569087,88.962862,22.606225
110.763643,88.112160,22.651483,111.342662,88.636459,22.706203
110.444518,87.758671,22.685847,110.845975,88.228829,22.617146
110.149720,87.499813,22.649907,111.091731,88.558089,22.533642
109.874449,87.204956,22.669493,110.707205,88.159680,22.547526
109.605642,86.945847,22.659794,110.013111,87.466652,22.546458
109.319415,86.708381,22.611034,109.877085,87.364655,22.512430
109.027706,86.414427,22.613278,109.863737,87.435174,22.428563
108.741447,86.189338,22.552109,109.832008,87.248697,22.583312
108.490446,85.940768,22.549678,109.194110,86.810495,22.383615
108.269283,85.721406,22.547877,109.019483,86.472920,22.546563
107.992797,85.429999,22.562798,108.686138,86.202693,22.483445
107.802970,85.244800,22.558170,108.545254,86.099765,22.445489
107.543503,85.004029,22.539474,108.540896,86.029637,22.511259
107.306812,84.789874,22.516937,108.184844,85.863012,22.321831
107.071079,84.551839,22.519240,107.972471,85.626149,22.346321
106.908301,84.395963,22.512338,107.975552,85.441793,22.533759
106.645584,84.126410,22.519175,107.634382,85.308714,22.325669
106.442612,83.980901,22.461712,107.478412,85.147359,22.331054
106.224574,83.711148,22.513426,107.118111,84.683326,22.434786
105.993910,83.501543,22.492367,107.216519,84.897309,22.319211
105.865128,83.397958,22.467170,106.801075,84.400905,22.400170
105.652976,83.159511,22.493465,106.796441,84.462588,22.333853
105.430805,82.944161,22.486644,106.808676,84.402700,22.405975
105.271354,82.749962,22.521392,106.244522,83.852207,22.392315
105.017985,82.572775,22.445210,106.149159,83.859963,22.289197
104.889590,82.450520,22.439070,106.094110,83.783509,22.310600
104.744956,82.351105,22.393851,105.926979,83.537671,22.389307
104.544660,82.099438,22.445221,105.868785,83.511316,22.357469
104.398146,81.976761,22.421385,105.749016,83.384762,22.364253
104.266981,81.825741,22.441240,105.546020,83.138942,22.407078
104.129356,81.669171,22.460185,105.433824,83.050013,22.383811
103.923729,81.536495,22.387234,105.318187,82.999073,22.319114
103.798922,81.383951,22.414971,105.295578,82.900359,22.395219
103.678698,81.302603,22.376095,105.157096,82.853764,22.303332
103.586639,81.155930,22.430709,105.091976,82.759122,22.332855
103.403273,80.941062,22.462211,104.913794,82.598915,22.314879
103.254691,80.839241,22.415450,104.672744,82.393482,22.279262
103.123152,80.714758,22.408395,104.904252,82.545211,22.359042
102.981366,80.627183,22.354183,104.355260,82.076720,22.278540
102.894630,80.540674,22.353955,104.549260,82.249910,22.299351
102.767600,80.411779,22.355821,104.447968,82.169884,22.278083
102.688078,80.334365,22.353713,104.452606,82.151193,22.301413
102.591205,80.254419,22.336787,104.281039,82.071266,22.209772
102.558506,80.216707,22.341799,104.069895,81.837969,22.231926
102.371109,80.021310,22.349800,104.064302,81.716227,22.348075
102.246479,79.893003,22.353476,103.978659,81.725474,22.253185
102.199308,79.849768,22.349540,103.903289,81.634439,22.268850
102.072760,79.731168,22.341592,103.982111,81.717279,22.264832
102.003736,79.670802,22.332934,103.628208,81.442466,22.185743
101.976706,79.584853,22.391853,103.697639,81.454574,22.243065
101.881653,79.528326,22.353327,103.471661,81.260645,22.211016
101.823960,79.453763,22.370197,103.571764,81.216808,22.354957
101.683492,79.277982,22.405510,103.332326,81.024468,22.307858
101.560362,79.175708,22.384655,103.236195,81.009792,22.226403
101.459519,79.116309,22.343210,103.458363,81.142365,22.315998
101.516705,79.104120,22.412586,103.340234,81.041842,22.298393
101.401368,78.994058,22.407309,103.063289,80.818636,22.244653
101.272830,78.838891,22.433940,103.153803,80.842742,22.311061
101.234733,78.819267,22.415466,103.483150,81.112027,22.371124
101.149950,78.720510,22.429440,103.020066,80.695651,22.324414
101.027714,78.625712,22.402002,103.084374,80.758892,22.325482
101.020770,78.599569,22.421202,103.083967,80.749784,22.334182
100.908623,78.491235,22.417388,103.053942,80.750286,22.303656
100.808747,78.416572,22.392175,102.948284,80.698043,22.250241
100.834648,78.434765,22.399884,103.012213,80.741575,22.270637
100.738863,78.378595,22.360267,102.698196,80.467094,22.231101
100.723013,78.273290,22.449723,102.763395,80.505234,22.258162
100.641037,78.259427,22.381610,102.704951,80.462726,22.242225
100.620136,78.216706,22.403431,102.642309,80.277129,22.365180
100.481890,78.028874,22.453016,102.642891,80.364015,22.278877
100.482200,78.043514,22.438686,102.860018,80.466797,22.393221
100.341224,77.923361,22.417863,102.588564,80.310897,22.277667
100.383840,77.950539,22.433301,102.548282,80.210067,22.338215
100.266140,77.787547,22.478593,102.571844,80.196047,22.375797
100.251783,77.808690,22.443093,102.382014,80.022749,22.359266
100.172888,77.703969,22.468919,102.319876,79.960560,22.359316
100.079729,77.627465,22.452264,102.553987,80.213087,22.340900
100.255687,77.745724,22.509964,102.309150,79.901055,22.408095
99.997981,77.519125,22.478856,102.319899,79.981125,22.338775
99.910521,77.453733,22.456788,102.253992,80.011692,22.242300
99.976310,77.502581,22.473729,102.419050,80.041576,22.377474
99.850008,77.373115,22.476893,102.249629,79.882344,22.367285
99.764684,77.308630,22.456054,102.313073,79.996810,22.316263
99.772141,77.342780,22.429361,102.238706,79.903519,22.335187
99.751444,77.327747,22.423697,102.152135,79.877687,22.274449
99.717507,77.284358,22.433149,102.336749,79.915257,22.421493
99.712520,77.257062,22.455458,102.117318,79.772967,22.344352
99.610839,77.130239,22.480600,102.327305,80.022816,22.304489
99.589532,77.132246,22.457286,101.958488,79.664328,22.294160
99.574469,77.173499,22.400970,102.064943,79.781726,22.283217
99.517068,77.070635,22.446433,102.122918,79.727532,22.395386
99.478930,76.948940,22.529990,101.860604,79.481480,22.379124
99.349083,76.917734,22.431349,102.082326,79.791815,22.290511
99.314310,76.867605,22.446706,102.148547,79.828633,22.319914
99.284880,76.834743,22.450137,101.956831,79.724126,22.232705
99.284345,76.909182,22.375163,102.181387,79.886821,22.294567
99.255754,76.803147,22.452607,101.965548,79.515459,22.450089
99.210553,76.756697,22.453856,101.984624,79.667043,22.317581
99.232201,76.801881,22.430319,101.848469,79.461575,22.386894
99.188967,76.699377,22.489590,101.875801,79.470054,22.405747
99.119159,76.663254,22.455904,101.682986,79.463980,22.219007
99.003854,76.616835,22.387018,101.835028,79.537097,22.297932
99.038329,76.647866,22.390463,101.764418,79.553936,22.210482
99.001723,76.598431,22.403292,101.724808,79.393392,22.331415
99.026053,76.592213,22.433840,101.696119,79.363516,22.332604
98.948860,76.527771,22.421090,101.878503,79.563567,22.314937
98.948824,76.510260,22.438564,101.681393,79.349698,22.331695
98.885010,76.460873,22.424137,101.701032,79.407703,22.293329
98.788648,76.402751,22.385897,101.753212,79.469727,22.283485
98.834474,76.410484,22.423991,101.619266,79.304058,22.315208
98.793212,76.366718,22.426494,101.630785,79.373347,22.257438
98.769515,76.351757,22.417759,101.647597,79.314444,22.333153
98.693665,76.270452,22.423212,101.578926,79.285827,22.293099
98.684082,76.265086,22.418996,101.552909,79.163692,22.389217
98.744894,76.250078,22.494816,101.613897,79.333883,22.280014
98.626458,76.172521,22.453938,101.593069,79.250953,22.342116
98.611655,76.163327,22.448328,101.652970,79.405994,22.246976
98.535550,76.048840,22.486709,101.702820,79.363287,22.339533
98.542935,76.053048,22.489887,101.511233,79.137497,22.373736
98.531138,76.058562,22.472576,101.532092,79.243994,22.288098
98.488495,75.980892,22.507603,101.525338,79.148757,22.376582
98.535454,76.013163,22.522291,101.741008,79.320728,22.420280
98.499925,76.038415,22.461510,101.762555,79.484747,22.277808
98.455172,75.975847,22.479325,101.621680,79.252059,22.369621
98.402519,75.886381,22.516138,101.376746,79.002971,22.373775
98.351566,75.893843,22.457723,101.744801,79.414061,22.330739
98.412121,75.932919,22.479203,101.608704,79.309994,22.298710
98.441358,75.966617,22.474742,101.725784,79.413975,22.311809
98.333825,75.839980,22.493844,101.528657,79.131754,22.396904
98.362127,75.819628,22.542499,101.461473,79.099109,22.362364
98.288112,75.780341,22.507771,101.425845,79.072566,22.353278
98.381516,75.869696,22.511820,101.516192,79.163516,22.352676
