201.723135,196.822476,4.900659,171.228468,164.768543,6.459926
161.510460,154.562804,6.947657,154.632059,147.435182,7.196877
152.217669,144.936638,7.281031,148.492610,141.189716,7.302894
148.557729,141.177359,7.380370,146.266904,138.914218,7.352687
146.158187,138.753758,7.404430,144.505385,137.066460,7.438924
144.541290,137.105948,7.435341,143.319611,135.864133,7.455478
143.151279,135.712396,7.438883,142.649513,135.210549,7.438964
141.875248,134.407654,7.467593,140.696164,133.237003,7.459161
140.780914,133.300141,7.480773,140.203340,132.740025,7.463315
140.044973,132.552752,7.492222,139.577867,132.060695,7.517171
139.307572,131.788900,7.518672,138.663727,131.138683,7.525045
138.698367,131.170961,7.527406,138.221506,130.690231,7.531276
138.528669,130.994552,7.534116,138.718060,131.167927,7.550133
138.138414,130.589438,7.548976,137.542928,130.010219,7.532709
137.625502,130.073041,7.552461,138.208774,130.686269,7.522505
137.631015,130.094100,7.536916,136.891243,129.364447,7.526795
137.422843,129.871640,7.551203,137.349366,129.813052,7.536314
137.063872,129.491094,7.572778,136.557402,128.997077,7.560324
136.861907,129.296847,7.565061,136.288926,128.742967,7.545960
136.462188,128.898477,7.563711,136.121438,128.573400,7.548038
136.219144,128.657238,7.561906,135.649731,128.112807,7.536924
136.102571,128.523443,7.579129,136.130345,128.567132,7.563212
135.741526,128.164982,7.576544,135.626049,128.037171,7.588879
135.744631,128.146758,7.597873,136.001547,128.404447,7.597100
135.410250,127.825349,7.584901,135.186764,127.600784,7.585981
135.442988,127.843327,7.599661,135.150908,127.548546,7.602362
135.182123,127.568323,7.613800,135.136465,127.533651,7.602814
135.057722,127.447818,7.609904,135.236285,127.633235,7.603050
135.041320,127.414218,7.627101,134.972604,127.374204,7.598400
134.788915,127.179538,7.609378,135.102676,127.516087,7.586588
134.844657,127.231619,7.613038,135.114966,127.523596,7.591369
134.993241,127.383694,7.609547,135.020290,127.425198,7.595092
134.818079,127.200715,7.617365,134.834681,127.232520,7.602161
134.701450,127.082866,7.618584,134.780058,127.165386,7.614672
134.728880,127.105358,7.623522,135.199177,127.578974,7.620204
134.604021,126.969275,7.634746,134.994311,127.372476,7.621836
134.745879,127.120255,7.625624,135.277973,127.666115,7.611859
134.515046,126.895568,7.619479,134.239543,126.653991,7.585552
134.161985,126.546707,7.615278,134.424060,126.828783,7.595278
134.023192,126.409791,7.613401,134.535955,126.944312,7.591643
133.867256,126.255263,7.611993,134.152297,126.560780,7.591517
133.754735,126.150386,7.604350,133.604626,125.997707,7.606918
133.639187,126.012238,7.626949,133.961358,126.341507,7.619851
133.635324,125.995447,7.639877,133.852954,126.239078,7.613877
133.339559,125.718870,7.620689,133.775659,126.158529,7.617130
133.343525,125.716958,7.626567,133.397004,125.764946,7.632058
133.370089,125.720003,7.650087,133.688867,126.045934,7.642933
133.287137,125.641288,7.645849,133.199640,125.595954,7.603686
133.312147,125.680946,7.631201,133.799419,126.214569,7.584850
133.310943,125.684696,7.626248,133.600015,125.968842,7.631173
132.971628,125.334220,7.637409,133.258944,125.643686,7.615257
132.974381,125.326365,7.648016,133.644541,126.005843,7.638698
132.967075,125.317730,7.649345,133.455401,125.818602,7.636800
132.815019,125.167921,7.647098,133.224554,125.595901,7.628653
132.723730,125.058608,7.665123,133.051620,125.409268,7.642352
132.765194,125.111502,7.653692,133.621554,125.990708,7.630847
132.616797,124.952934,7.663863,132.736116,125.090318,7.645798
132.591415,124.924666,7.666748,133.052005,125.409252,7.642753
132.456244,124.794443,7.661801,133.493782,125.841944,7.651838
132.471862,124.817985,7.653877,133.080027,125.451077,7.628951
132.415168,124.766318,7.648850,132.668517,125.036998,7.631520
132.545294,124.885509,7.659785,133.156293,125.506596,7.649697
132.581221,124.899311,7.681910,133.087702,125.432277,7.655425
132.317685,124.659442,7.658242,133.327975,125.699413,7.628562
132.565383,124.908263,7.657121,133.077139,125.443856,7.633283
132.246369,124.583544,7.662824,132.972424,125.329235,7.643189
132.158612,124.477068,7.681544,133.239741,125.594575,7.645165
132.233980,124.561094,7.672886,132.465963,124.824226,7.641737
132.192498,124.528785,7.663713,132.997074,125.379095,7.617980
132.198504,124.538186,7.660319,132.719044,125.082978,7.636066
132.154896,124.497621,7.657275,133.196646,125.575733,7.620913
132.222742,124.545054,7.677688,132.884357,125.234267,7.650091
132.082563,124.410519,7.672043,133.433811,125.773043,7.660768
132.147697,124.463715,7.683982,132.580927,124.926038,7.654888
131.922270,124.246651,7.675619,132.999199,125.349419,7.649781
131.857808,124.190975,7.666833,132.953795,125.352597,7.601198
131.983886,124.316598,7.667288,132.689941,125.057851,7.632090
132.044123,124.362777,7.681346,133.185924,125.546526,7.639397
131.820068,124.149891,7.670178,132.636893,124.994136,7.642757
131.906863,124.237488,7.669376,132.535184,124.881810,7.653373
131.625267,123.945134,7.680133,132.671634,125.031828,7.639807
131.622654,123.945928,7.676725,133.509311,125.865141,7.644170
131.808262,124.129449,7.678813,133.045440,125.418576,7.626863
131.907790,124.225973,7.681816,132.688876,125.036591,7.652285
131.704902,124.021167,7.683735,133.018935,125.371726,7.647209
131.722062,124.047475,7.674587,132.631879,124.997785,7.634095
131.832612,124.157638,7.674974,133.239000,125.596910,7.642090
131.730543,124.038301,7.692242,132.214939,124.557164,7.657775
131.658089,123.972087,7.686003,132.436952,124.795926,7.641026
131.503152,123.816232,7.686920,132.637237,124.977299,7.659938
131.363100,123.670437,7.692663,132.505873,124.859888,7.645985
131.504241,123.808210,7.696031,132.798244,125.146005,7.652239
131.454439,123.761952,7.692487,132.350881,124.695407,7.655474
131.581641,123.885269,7.696371,132.484084,124.816390,7.667694
131.578402,123.882876,7.695526,133.025706,125.371317,7.654389
131.661003,123.955129,7.705875,132.716390,125.034932,7.681459
131.562715,123.856902,7.705813,132.894833,125.231911,7.662921
131.755931,124.062652,7.693279,132.586043,124.932970,7.653072
131.470750,123.774681,7.696070,132.341391,124.671396,7.669995
131.382886,123.683577,7.699309,132.345884,124.689112,7.656772
131.367535,123.657790,7.709745,133.552764,125.879401,7.673363
131.460994,123.760228,7.700766,133.600553,125.943630,7.656923
131.192449,123.495151,7.697298,132.519634,124.874042,7.645592
131.439715,123.734382,7.705333,132.732890,125.073852,7.659038
131.434434,123.729858,7.704575,133.126207,125.465048,7.661159
131.510362,123.811278,7.699083,132.373560,124.720736,7.652824
131.393213,123.687051,7.706162,132.636629,124.984703,7.651926
131.705393,123.997539,7.707855,133.162949,125.488270,7.674679
131.518089,123.804821,7.713268,133.307623,125.636456,7.671166
131.557439,123.848618,7.708820,132.556932,124.902590,7.654343
131.613573,123.895778,7.717795,133.384108,125.717458,7.666650
131.857884,124.152048,7.705836,133.447600,125.792643,7.654957
131.594136,123.892424,7.701712,133.343048,125.690445,7.652602
131.795463,124.084519,7.710944,133.260606,125.594016,7.666590
131.716793,124.012376,7.704417,133.147203,125.483981,7.663221
131.538717,123.819415,7.719302,132.982511,125.310796,7.671715
131.404736,123.688161,7.716576,132.636679,124.969823,7.666856
131.412955,123.689890,7.723066,132.932614,125.253247,7.679367
131.577777,123.850346,7.727432,132.972383,125.291134,7.681250
131.469896,123.740039,7.729856,132.771937,125.099848,7.672088
131.557326,123.829899,7.727427,133.167869,125.488467,7.679401
131.609610,123.884952,7.724658,132.973432,125.314455,7.658976
131.487781,123.760351,7.727431,132.952022,125.269345,7.682676
131.350297,123.613498,7.736799,133.286463,125.597206,7.689257
131.586570,123.860373,7.726198,132.933622,125.232783,7.700839
131.352468,123.609775,7.742693,132.849106,125.157649,7.691456
131.530756,123.795696,7.735060,133.058996,125.371858,7.687138
131.513259,123.785845,7.727415,132.945248,125.260611,7.684637
131.353333,123.625161,7.728171,133.557341,125.868684,7.688658
131.627334,123.911004,7.716329,132.965622,125.301084,7.664537
131.492975,123.780079,7.712896,133.281028,125.616968,7.664061
131.361618,123.645941,7.715676,132.827073,125.178606,7.648467
131.497331,123.779722,7.717609,133.286736,125.623135,7.663601
131.448893,123.722559,7.726333,132.878097,125.191290,7.686807
131.344663,123.607174,7.737489,133.431668,125.744747,7.686920
131.448837,123.711522,7.737315,133.513516,125.808192,7.705324
131.331319,123.586499,7.744819,132.893668,125.186692,7.706976
131.665642,123.920480,7.745162,133.584377,125.898156,7.686221
131.479876,123.740635,7.739242,133.241819,125.543378,7.698442
131.185961,123.450936,7.735025,133.339178,125.637512,7.701667
131.205581,123.465608,7.739973,132.707607,125.011488,7.696118
131.102111,123.364895,7.737217,132.971634,125.270377,7.701257
131.116391,123.377288,7.739103,132.800546,125.106846,7.693700
131.403473,123.670215,7.733258,133.594341,125.913359,7.680982
131.440264,123.704344,7.735921,133.029392,125.330791,7.698601
131.336356,123.592838,7.743518,133.107067,125.416133,7.690933
131.211594,123.474377,7.737217,133.234346,125.547422,7.686923
131.358836,123.618001,7.740836,133.063946,125.372976,7.690970
131.420686,123.674811,7.745874,133.125377,125.423718,7.701658
131.252695,123.496454,7.756241,133.103033,125.401440,7.701594
131.382583,123.616629,7.765955,133.324823,125.603125,7.721698
131.328771,123.558315,7.770456,133.099021,125.381193,7.717827
131.162512,123.398122,7.764391,132.397237,124.686565,7.710673
131.154686,123.389515,7.765171,133.323092,125.605626,7.717465
131.025450,123.262957,7.762492,132.264005,124.554590,7.709415
131.061393,123.300601,7.760791,133.271914,125.571234,7.700680
131.177145,123.421235,7.755911,132.991095,125.284506,7.706589
131.166135,123.396717,7.769417,132.660826,124.942752,7.718074
130.998191,123.228115,7.770076,133.288067,125.571269,7.716798
131.337499,123.557973,7.779525,133.164354,125.438670,7.725685
