255.931553,236.679252,19.252302,208.460082,185.384261,23.075820
190.344281,165.588630,24.755651,170.953722,145.639528,25.314193
162.420412,137.984693,24.435719,153.686841,129.282845,24.403996
150.014058,125.233913,24.780145,144.883800,119.772244,25.111555
143.223542,117.938479,25.285062,139.905522,114.404619,25.500903
138.725223,113.503075,25.222148,135.535680,110.710513,24.825166
134.921325,110.105592,24.815734,132.612646,107.623928,24.988718
132.530576,107.495762,25.034814,130.467308,105.463724,25.003585
130.300675,105.350927,24.949748,129.172244,104.319983,24.852261
128.478342,103.586893,24.891449,127.423236,102.583227,24.840009
126.909083,102.283897,24.625185,125.635908,100.994158,24.641750
125.081905,100.935174,24.146730,124.320638,100.277760,24.042878
123.792236,99.808181,23.984056,123.025326,99.117338,23.907988
122.647762,98.744912,23.902851,122.005227,98.417982,23.587246
121.558846,97.948238,23.610608,120.912956,97.367798,23.545158
120.547288,97.181157,23.366131,119.933540,96.544425,23.389115
119.713182,96.376154,23.337029,119.450295,96.011164,23.439131
119.055015,95.698336,23.356679,118.775411,95.490008,23.285402
118.377296,95.176666,23.200630,117.816733,94.970595,22.846138
117.554780,94.594621,22.960159,117.834435,95.045447,22.788989
116.990653,94.108492,22.882162,116.968943,94.131540,22.837403
116.478444,93.603901,22.874543,116.387283,93.760273,22.627011
115.777356,93.079568,22.697788,115.855592,93.348669,22.506923
115.308033,92.710482,22.597551,115.231154,92.833438,22.397716
114.729376,92.196377,22.532999,114.652429,92.287342,22.365088
114.272210,91.870816,22.401394,114.353672,92.064084,22.289588
113.793887,91.513791,22.280097,113.894951,91.773186,22.121765
113.408036,91.176182,22.231854,113.486135,91.278331,22.207804
113.018675,90.813937,22.204737,113.190931,91.176990,22.013940
112.552058,90.523399,22.028659,112.796374,90.953612,21.842761
112.197309,90.240346,21.956964,112.493620,90.835113,21.658507
111.853880,89.889746,21.964134,112.013051,90.109216,21.903835
111.468941,89.591503,21.877438,112.102570,90.381488,21.721081
111.146164,89.323480,21.822684,111.259797,89.546837,21.712960
110.839916,89.110349,21.729566,111.344967,89.931834,21.413133
110.462754,88.866658,21.596096,111.100077,89.561887,21.538190
110.182870,88.614196,21.568673,110.956321,89.464053,21.492267
109.831459,88.287648,21.543811,110.418275,89.016081,21.402194
109.598812,88.088934,21.509878,109.938684,88.579443,21.359241
109.272673,87.833057,21.439616,109.722253,88.508827,21.213426
109.021848,87.612703,21.409145,109.723597,88.372359,21.351238
108.813937,87.444785,21.369152,109.499735,88.149656,21.350079
108.591168,87.210908,21.380260,109.263809,88.000742,21.263068
108.333951,87.011119,21.322832,109.166756,87.964741,21.202015
108.066528,86.807881,21.258647,108.632714,87.429142,21.203572
107.814976,86.645966,21.169010,108.538461,87.448700,21.089761
107.637835,86.415404,21.222432,108.176995,87.202128,20.974866
107.348009,86.270529,21.077479,108.137803,87.216988,20.920815
107.236169,86.121341,21.114828,107.775279,86.829809,20.945470
106.967358,85.923205,21.044153,108.207449,87.155833,21.051617
106.833691,85.798097,21.035595,107.594749,86.669909,20.924839
106.456480,85.443036,21.013444,107.398791,86.478328,20.920463
106.346113,85.396555,20.949557,107.147720,86.415730,20.731989
106.180799,85.219721,20.961078,107.240737,86.353490,20.887247
106.034851,85.118531,20.916320,106.863151,86.188971,20.674179
105.886609,85.000276,20.886333,106.749850,85.968642,20.781208
105.684800,84.769110,20.915691,106.792796,86.012633,20.780162
105.494633,84.579491,20.915143,106.538999,85.772542,20.766456
105.405668,84.517615,20.888054,106.184313,85.491677,20.692636
105.318548,84.495896,20.822652,106.266957,85.551706,20.715251
105.099388,84.259086,20.840302,106.310471,85.603496,20.706975
104.907110,84.050152,20.856958,106.171346,85.311800,20.859545
104.818270,83.996082,20.822187,105.812560,85.039754,20.772806
104.725530,83.920730,20.804800,105.662086,84.982380,20.679707
104.672699,83.865658,20.807041,105.808237,85.129013,20.679223
104.508251,83.744055,20.764196,105.713496,84.954430,20.759066
104.350425,83.563672,20.786753,105.695747,85.014619,20.681128
104.290994,83.582379,20.708615,105.711948,84.994560,20.717388
104.074929,83.358325,20.716604,105.663207,85.137336,20.525871
104.028105,83.313496,20.714609,105.361365,84.619820,20.741545
103.874923,83.147001,20.727922,105.319205,84.757467,20.561739
103.783230,83.095111,20.688119,104.941445,84.332101,20.609344
103.663012,82.992535,20.670477,105.029502,84.481590,20.547911
103.591451,82.870591,20.720859,104.883930,84.343472,20.540458
103.470396,82.774492,20.695905,104.956877,84.357685,20.599192
103.355163,82.679584,20.675579,104.773648,84.198512,20.575136
103.251958,82.559773,20.692184,104.696214,84.128566,20.567648
103.109216,82.477858,20.631359,104.640212,84.124254,20.515957
103.090355,82.461678,20.628677,104.677212,84.118495,20.558716
103.017474,82.366961,20.650513,104.597282,83.911562,20.685720
102.911751,82.199019,20.712733,104.468094,83.968671,20.499424
102.793739,82.120331,20.673409,104.195831,83.541110,20.654721
102.743233,82.073647,20.669586,104.164592,83.566102,20.598489
102.641543,81.954353,20.687190,104.159031,83.580561,20.578470
102.576580,81.834742,20.741839,103.925427,83.406397,20.519030
102.535402,81.863124,20.672278,103.849775,83.297910,20.551865
102.430207,81.702334,20.727874,103.983368,83.473298,20.510070
102.335431,81.645377,20.690054,103.976890,83.250385,20.726505
102.241480,81.542533,20.698947,103.983614,83.421626,20.561988
102.204785,81.507452,20.697333,104.021485,83.458479,20.563005
102.218505,81.528875,20.689630,103.769267,83.231603,20.537664
102.107567,81.389186,20.718381,103.806609,83.190669,20.615939
102.041194,81.338461,20.702733,103.677629,83.179810,20.497819
101.905014,81.170604,20.734410,103.661131,83.036884,20.624248
101.858572,81.134293,20.724279,103.644080,83.102586,20.541494
101.800341,81.072274,20.728066,103.539310,83.000170,20.539140
101.761532,81.055608,20.705924,103.637479,82.996266,20.641213
101.690926,80.988311,20.702615,103.426913,82.818991,20.607922
101.668225,81.010828,20.657397,103.699695,83.203881,20.495814
101.589894,80.932462,20.657433,103.526382,83.042323,20.484059
101.556850,80.894501,20.662349,103.316079,82.800043,20.516035
101.475295,80.798963,20.676332,103.337709,82.727977,20.609731
101.438496,80.713312,20.725184,103.111375,82.472593,20.638782
101.442764,80.668367,20.774397,103.085953,82.502878,20.583074
101.299904,80.561241,20.738662,103.233164,82.676577,20.556587
101.286652,80.570670,20.715982,103.086977,82.526393,20.560584
101.259799,80.515153,20.744646,103.197661,82.610120,20.587541
101.200055,80.454490,20.745565,103.129477,82.599545,20.529932
101.136012,80.361015,20.774997,103.092601,82.384213,20.708388
101.055332,80.303892,20.751440,102.819111,82.263920,20.555191
101.018743,80.299268,20.719475,102.762356,82.250370,20.511986
101.047372,80.331790,20.715582,103.053761,82.411090,20.642671
100.965851,80.235198,20.730653,103.009632,82.390478,20.619154
100.929949,80.164988,20.764961,102.978449,82.312437,20.666012
100.873847,80.126627,20.747220,102.832932,82.160665,20.672268
100.838751,80.046186,20.792565,102.871409,82.213498,20.657911
100.865045,80.070187,20.794858,102.899148,82.154538,20.744610
100.740137,79.949477,20.790659,102.805650,82.194579,20.611071
100.765829,80.022908,20.742921,102.680275,82.057732,20.622543
100.711167,79.925833,20.785334,102.855011,82.189374,20.665637
100.633479,79.868230,20.765250,102.877075,82.297713,20.579362
100.587792,79.862336,20.725457,102.771366,82.165201,20.606165
100.579258,79.887900,20.691358,102.898948,82.196815,20.702133
100.586984,79.820228,20.766757,102.653762,82.035837,20.617924
100.530256,79.769364,20.760893,102.688114,81.999414,20.688700
100.470030,79.723208,20.746822,102.526596,81.889109,20.637488
100.434483,79.684230,20.750253,102.552401,81.822529,20.729873
100.383092,79.578540,20.804552,102.422275,81.683995,20.738280
100.361718,79.618487,20.743232,102.907466,82.204200,20.703266
100.320877,79.538338,20.782539,102.429146,81.792505,20.636641
100.295655,79.525404,20.770251,102.434378,81.744006,20.690371
100.286950,79.507913,20.779037,102.604370,81.926955,20.677414
100.270717,79.508409,20.762309,102.765832,82.200336,20.565496
100.235246,79.442438,20.792808,102.512256,81.741990,20.770265
100.137660,79.363747,20.773914,102.334638,81.724788,20.609850
100.198933,79.445877,20.753056,102.669606,81.960148,20.709459
100.177256,79.402108,20.775148,102.419280,81.598270,20.821010
100.038213,79.228497,20.809716,102.304886,81.744957,20.559928
100.091684,79.319714,20.771970,102.320700,81.531255,20.789446
100.064175,79.217673,20.846502,102.493946,81.756139,20.737807
100.030054,79.248271,20.781784,102.490158,81.716036,20.774123
100.060404,79.297318,20.763087,102.765390,82.106223,20.659166
99.958210,79.149487,20.808723,102.272369,81.633670,20.638699
99.908695,79.056196,20.852499,102.182338,81.405098,20.777239
99.895048,79.072968,20.822079,102.001686,81.307006,20.694680
99.830310,79.048490,20.781819,102.027773,81.332186,20.695587
99.865731,79.034666,20.831064,102.267796,81.529278,20.738516
99.812648,78.967583,20.845065,102.374007,81.585736,20.788272
99.807380,78.992549,20.814831,102.193140,81.475939,20.717202
99.750143,78.930126,20.820017,102.166963,81.478032,20.688932
99.722064,78.913229,20.808834,102.297007,81.610301,20.686706
99.756312,78.894911,20.861402,102.042796,81.252048,20.790748
99.710770,78.904096,20.806674,102.255188,81.468107,20.787081
99.668005,78.812406,20.855599,102.099487,81.395576,20.703911
99.612889,78.799769,20.813120,102.033070,81.287482,20.745588
99.583170,78.758083,20.825087,101.952391,81.336988,20.615403
99.622044,78.781991,20.840053,101.938184,81.091282,20.846903
99.622359,78.801551,20.820809,102.125834,81.445751,20.680083
99.589840,78.743164,20.846676,101.993833,81.135618,20.858216
99.479154,78.588590,20.890564,102.087040,81.329813,20.757227
