209.418939,202.065955,7.352984,187.393922,179.708297,7.685625
179.513546,172.005935,7.507611,169.062172,161.833225,7.228946
162.742259,155.629488,7.112771,156.598987,149.824434,6.774552
153.172179,146.367151,6.805028,150.333449,143.658126,6.675322
147.831872,141.179191,6.652680,145.276189,138.609814,6.666376
144.589636,137.924017,6.665619,142.691869,135.967291,6.724577
142.457066,135.789754,6.667312,141.006996,134.374423,6.632573
140.648263,133.999339,6.648924,139.563000,132.897205,6.665795
139.339943,132.700660,6.639283,138.731979,132.098516,6.633464
138.227253,131.562685,6.664568,137.414056,130.749570,6.664485
137.407447,130.742452,6.664995,136.601451,129.942662,6.658789
136.636967,130.001793,6.635174,136.113713,129.491654,6.622059
135.981451,129.334526,6.646925,135.233747,128.596331,6.637416
135.278884,128.639684,6.639201,135.276449,128.648456,6.627992
134.848607,128.209574,6.639033,134.136002,127.518090,6.617912
134.352030,127.714919,6.637112,133.836665,127.183764,6.652901
133.832816,127.183929,6.648887,133.238681,126.562130,6.676551
133.483038,126.829247,6.653791,133.409073,126.803167,6.605906
133.086392,126.436890,6.649502,132.654139,126.018020,6.636119
132.729126,126.087794,6.641333,132.357936,125.696923,6.661013
132.439058,125.783002,6.656056,132.394467,125.727457,6.667010
132.139148,125.474215,6.664933,131.726491,125.042601,6.683890
131.886273,125.224492,6.661781,131.916032,125.238970,6.677062
131.570696,124.900583,6.670113,131.303319,124.605687,6.697632
131.481896,124.825752,6.656143,131.126517,124.456008,6.670509
131.144932,124.499914,6.645018,131.187443,124.535691,6.651752
131.121252,124.452555,6.668697,131.375494,124.711982,6.663511
130.867370,124.189913,6.677457,131.118768,124.475220,6.643547
130.613884,123.933287,6.680597,130.545236,123.874037,6.671199
130.574322,123.891567,6.682756,130.776947,124.106659,6.670288
130.351960,123.674785,6.677175,130.389136,123.712602,6.676534
130.259238,123.597880,6.661359,129.955612,123.287791,6.667821
130.178145,123.495647,6.682499,130.271178,123.612530,6.658648
130.058177,123.382718,6.675459,130.055127,123.371648,6.683479
129.972508,123.286911,6.685598,130.289132,123.619453,6.669679
129.746023,123.050764,6.695259,129.836867,123.129199,6.707668
129.736907,123.034914,6.701993,130.046687,123.346631,6.700056
129.591543,122.890782,6.700761,129.646878,122.979884,6.666994
129.549184,122.879656,6.669529,129.954546,123.296823,6.657723
129.596836,122.902478,6.694358,129.649863,122.992374,6.657489
129.418136,122.711790,6.706346,129.545257,122.866062,6.679195
129.327250,122.631524,6.695726,129.604643,122.915269,6.689374
129.337821,122.640153,6.697668,129.764959,123.092693,6.672266
129.282112,122.584516,6.697595,129.332798,122.621007,6.711790
129.172399,122.471086,6.701313,129.761415,123.116162,6.645252
129.031502,122.329931,6.701570,129.570769,122.882664,6.688104
128.935244,122.227382,6.707863,129.312090,122.656966,6.655124
128.967486,122.253854,6.713633,129.016618,122.324344,6.692273
128.830805,122.136021,6.694784,129.450907,122.769333,6.681574
128.764230,122.067282,6.696948,129.320299,122.656314,6.663986
128.726559,122.012766,6.713792,129.443744,122.787092,6.656653
128.628867,121.935618,6.693248,128.948717,122.257173,6.691544
128.520547,121.811687,6.708860,129.259331,122.584365,6.674966
128.539159,121.827941,6.711217,128.960492,122.276078,6.684414
128.342655,121.649340,6.693314,129.227064,122.586359,6.640706
128.366714,121.667332,6.699382,128.390588,121.707110,6.683478
128.257980,121.537219,6.720761,128.916561,122.201251,6.715310
128.223189,121.518057,6.705132,128.950677,122.282713,6.667964
128.210468,121.504382,6.706086,129.068104,122.392248,6.675856
128.217772,121.509937,6.707835,129.171605,122.534883,6.636723
128.215871,121.521774,6.694097,128.874610,122.207976,6.666633
128.122465,121.421906,6.700559,128.636344,121.962477,6.673866
128.069956,121.362320,6.707636,128.515431,121.800525,6.714906
127.975114,121.263476,6.711639,128.575307,121.921775,6.653533
128.050492,121.332992,6.717501,128.603474,121.917023,6.686450
127.856061,121.146731,6.709330,128.440856,121.753079,6.687778
127.820198,121.109204,6.710994,128.555530,121.889032,6.666498
127.874772,121.160140,6.714631,128.548347,121.887722,6.660624
127.738091,121.020199,6.717891,128.392136,121.707571,6.684565
127.663332,120.930345,6.732987,128.426201,121.725934,6.700267
127.634170,120.905336,6.728834,128.332261,121.614754,6.717507
127.570736,120.847779,6.722957,128.650678,122.001030,6.649648
127.750167,121.050185,6.699982,128.594268,121.916521,6.677747
127.527369,120.798176,6.729193,128.066511,121.360257,6.706254
127.463878,120.733920,6.729958,128.617512,121.936363,6.681148
127.466222,120.748954,6.717267,128.597367,121.898339,6.699027
127.445583,120.696964,6.748619,128.059155,121.321631,6.737524
127.299795,120.567868,6.731927,128.329260,121.660166,6.669094
127.431413,120.713678,6.717735,128.429820,121.751320,6.678500
127.496821,120.782281,6.714540,127.983799,121.302614,6.681185
127.331869,120.604416,6.727453,128.370837,121.700298,6.670539
127.335733,120.615265,6.720468,128.321015,121.599217,6.721797
127.151972,120.407612,6.744360,127.799095,121.085798,6.713296
127.133276,120.392325,6.740950,128.046984,121.352142,6.694842
127.127919,120.393733,6.734186,127.931714,121.255417,6.676298
127.136375,120.409954,6.726421,127.702304,120.981726,6.720577
127.217935,120.498038,6.719897,127.721291,121.022913,6.698377
127.140273,120.423259,6.717014,128.205595,121.517342,6.688254
127.164243,120.439986,6.724257,127.578006,120.885150,6.692856
127.070584,120.345992,6.724592,128.020659,121.321177,6.699482
127.082210,120.360903,6.721307,128.388860,121.690215,6.698646
127.077512,120.345783,6.731729,127.686941,120.979406,6.707535
126.914695,120.180541,6.734155,127.998963,121.311236,6.687728
127.129253,120.403362,6.725891,127.719663,120.993705,6.725959
127.014585,120.274687,6.739898,128.022537,121.335084,6.687453
126.918881,120.198620,6.720261,127.763272,121.072705,6.690567
127.020387,120.285550,6.734836,127.406486,120.688289,6.718197
127.023504,120.301248,6.722256,127.736302,121.063273,6.673029
126.915942,120.181171,6.734771,127.725600,121.034291,6.691308
126.881321,120.148999,6.732322,127.703935,120.995500,6.708436
126.876928,120.137732,6.739196,127.740145,120.993182,6.746963
126.853521,120.104936,6.748586,128.263869,121.568774,6.695096
126.804264,120.055828,6.748436,127.605519,120.905183,6.700336
126.701383,119.956686,6.744697,127.782636,121.063386,6.719250
126.817706,120.087259,6.730447,127.866882,121.148601,6.718281
126.590839,119.847451,6.743387,128.000237,121.321508,6.678729
126.810129,120.101632,6.708497,127.682823,120.972617,6.710207
126.732483,120.007600,6.724883,127.672101,120.964340,6.707761
126.628862,119.893476,6.735386,127.741249,121.040235,6.701013
126.768201,120.026678,6.741524,127.777563,121.041641,6.735922
126.586177,119.837595,6.748582,127.888907,121.197055,6.691852
126.675626,119.934949,6.740678,127.799856,121.096492,6.703364
126.521968,119.779797,6.742170,127.606752,120.890659,6.716093
126.546477,119.800152,6.746326,127.641140,120.925853,6.715287
126.482992,119.736701,6.746291,127.656471,120.924101,6.732370
126.512159,119.775937,6.736223,127.498671,120.793612,6.705060
126.539742,119.808426,6.731316,127.341289,120.615610,6.725678
126.365648,119.616729,6.748918,127.504962,120.802704,6.702258
126.379625,119.649441,6.730185,127.630161,120.904436,6.725724
126.399409,119.667064,6.732345,127.697623,120.984183,6.713440
126.523863,119.784500,6.739364,127.336807,120.616272,6.720535
126.411415,119.658948,6.752466,127.264564,120.549848,6.714716
126.432280,119.683254,6.749026,127.739268,121.032334,6.706935
126.416423,119.672010,6.744412,127.511457,120.783638,6.727819
126.491433,119.760816,6.730617,127.785140,121.081994,6.703146
126.435097,119.697976,6.737121,127.621051,120.889042,6.732010
126.483909,119.731032,6.752877,127.760129,121.056087,6.704042
126.421021,119.668311,6.752711,127.533378,120.832350,6.701028
126.358576,119.608925,6.749651,127.638188,120.916312,6.721876
126.492175,119.748266,6.743909,127.378731,120.648725,6.730006
126.356752,119.614114,6.742639,127.525796,120.812189,6.713607
126.305409,119.552043,6.753366,127.586909,120.886176,6.700735
126.392382,119.653154,6.739228,127.755098,121.058009,6.697089
126.376118,119.630071,6.746048,127.778953,121.049022,6.729932
126.295198,119.541947,6.753251,127.601717,120.895728,6.705988
126.400167,119.671327,6.728840,127.289520,120.572987,6.716533
126.198702,119.450460,6.748243,127.344123,120.614949,6.729174
126.308133,119.574295,6.733838,127.450360,120.716818,6.733542
126.307513,119.567893,6.739620,127.175872,120.426275,6.749597
126.254044,119.502985,6.751060,127.315564,120.567381,6.748183
126.215752,119.467112,6.748641,127.666286,120.972372,6.693914
126.299271,119.558212,6.741059,127.425941,120.704728,6.721213
126.199326,119.450656,6.748670,127.360203,120.651303,6.708900
126.213390,119.480086,6.733304,127.454998,120.763709,6.691289
126.285712,119.550352,6.735360,127.497889,120.796425,6.701464
126.126835,119.376839,6.749996,127.334963,120.600462,6.734501
126.214343,119.452769,6.761574,127.191124,120.484452,6.706671
126.146497,119.407522,6.738975,127.589473,120.882621,6.706852
126.217875,119.475745,6.742131,127.362253,120.626393,6.735860
126.154190,119.405494,6.748697,127.413451,120.700231,6.713220
126.137113,119.397653,6.739460,127.447957,120.737433,6.710524
126.120778,119.359837,6.760941,127.395662,120.687877,6.707785
126.086731,119.318745,6.767986,127.406102,120.689930,6.716172
126.112634,119.352741,6.759893,127.276562,120.565202,6.711360
126.039128,119.280062,6.759065,127.807775,121.090103,6.717671
126.056135,119.299421,6.756714,127.406275,120.696345,6.709930
125.996912,119.234484,6.762429,127.729869,121.009994,6.719875
126.138492,119.387648,6.750844,127.619963,120.902664,6.717298
126.054893,119.315863,6.739030,127.649656,120.977546,6.672111
126.242951,119.491620,6.751331,127.582608,120.847135,6.735473
