238.011860,233.833891,4.177969,190.595955,186.216668,4.379286
175.367595,166.482026,8.885569,158.531089,145.206458,13.324632
152.200829,137.664586,14.536242,144.889789,128.690299,16.199490
140.865285,123.578243,17.287042,135.977528,117.619041,18.358488
134.365445,115.339435,19.026009,130.473108,110.610541,19.862567
130.109033,110.097749,20.011284,127.775835,107.377077,20.398758
127.411051,106.788629,20.622422,125.521989,104.698137,20.823852
125.052443,104.003593,21.048850,123.665932,102.534750,21.131183
123.415583,102.076913,21.338670,122.165186,100.657440,21.507746
121.974824,100.412568,21.562255,120.638337,98.936011,21.702326
120.843472,99.128283,21.715189,120.044339,98.351568,21.692771
119.745978,97.888456,21.857521,119.311133,97.493919,21.817213
118.816795,96.811864,22.004931,118.264430,96.278156,21.986274
118.107773,96.000175,22.107598,117.650914,95.501453,22.149460
117.358905,95.194298,22.164608,116.781239,94.751427,22.029812
116.631630,94.446623,22.185007,116.265551,94.070431,22.195121
116.017493,93.802088,22.215405,116.021108,93.851744,22.169364
115.486184,93.197807,22.288378,115.275239,93.102702,22.172537
114.904843,92.672313,22.232530,114.950690,92.692559,22.258131
114.427408,92.169656,22.257752,114.473837,92.233590,22.240247
114.041577,91.698180,22.343398,113.946362,91.681968,22.264393
113.534656,91.217187,22.317469,113.323150,91.071664,22.251486
113.037063,90.792382,22.244681,113.089478,90.802412,22.287067
112.726548,90.442931,22.283617,112.827664,90.539941,22.287724
112.480378,90.202315,22.278063,112.602805,90.479793,22.123012
112.014691,89.756188,22.258502,112.366428,90.154350,22.212078
111.654501,89.421800,22.232701,111.965025,89.818039,22.146987
111.353313,89.159927,22.193386,111.835589,89.726510,22.109079
111.074272,88.832747,22.241524,111.773271,89.616546,22.156724
110.790933,88.543827,22.247106,111.487403,89.280498,22.206905
110.384378,88.219383,22.164995,111.012601,88.948326,22.064276
110.169907,88.014677,22.155230,110.769684,88.685961,22.083723
109.860285,87.661591,22.198694,110.410220,88.274623,22.135597
109.645991,87.454841,22.191150,110.126121,88.069557,22.056564
109.357854,87.096668,22.261186,110.018378,87.985021,22.033357
109.028384,86.850389,22.177995,109.685071,87.566448,22.118623
108.775287,86.666571,22.108716,109.529903,87.563246,21.966656
108.632946,86.512614,22.120331,109.502819,87.410358,22.092461
108.381725,86.264856,22.116869,108.961707,86.957156,22.004551
108.118425,86.000016,22.118409,108.985782,86.982559,22.003223
107.951001,85.905132,22.045869,108.621086,86.829342,21.791745
107.754506,85.690795,22.063711,108.652056,86.657333,21.994723
107.479454,85.441158,22.038296,108.267674,86.242119,22.025555
107.248937,85.276038,21.972899,108.403095,86.534099,21.868996
107.111820,85.155071,21.956750,107.946497,86.009191,21.937306
106.915309,84.983300,21.932008,108.067579,86.203557,21.864022
106.725654,84.745084,21.980570,107.565153,85.790254,21.774899
106.569168,84.625499,21.943669,107.613267,85.642288,21.970979
106.399758,84.454440,21.945317,107.557914,85.668986,21.888928
106.184983,84.285710,21.899273,107.094137,85.336402,21.757736
106.031970,84.128013,21.903957,107.314611,85.511068,21.803543
105.955724,83.977858,21.977867,107.023331,85.173404,21.849927
105.724001,83.806224,21.917776,106.885529,85.071984,21.813545
105.544783,83.621467,21.923316,106.656746,84.846452,21.810294
105.403641,83.484891,21.918749,106.525853,84.755012,21.770841
105.271341,83.420725,21.850616,106.566796,84.805448,21.761348
105.062479,83.220584,21.841895,106.359732,84.650201,21.709531
104.923428,83.155471,21.767957,106.338583,84.615634,21.722949
104.791468,82.961653,21.829814,106.232271,84.521817,21.710454
104.670318,82.875321,21.794997,106.128701,84.430855,21.697845
104.436557,82.648038,21.788520,105.958223,84.311111,21.647112
104.381060,82.649621,21.731439,105.825114,84.220393,21.604721
104.325376,82.542772,21.782604,105.774107,84.096881,21.677226
104.185498,82.365083,21.820415,105.685339,84.002918,21.682421
104.059164,82.261088,21.798076,105.532697,83.830639,21.702059
103.924186,82.124788,21.799398,105.486265,83.951179,21.535087
103.727615,81.989737,21.737879,105.251718,83.661235,21.590482
103.668296,81.875570,21.792726,105.423212,83.718949,21.704263
103.529848,81.744222,21.785626,105.160769,83.607423,21.553346
103.385015,81.643708,21.741307,105.197200,83.472729,21.724471
103.322376,81.560031,21.762345,104.969061,83.215825,21.753236
103.253690,81.524009,21.729680,104.806384,83.224974,21.581410
103.129703,81.426880,21.702823,104.937464,83.314679,21.622785
103.022286,81.183914,21.838372,104.738545,82.971978,21.766566
102.922443,81.146779,21.775663,104.570849,82.923696,21.647153
102.901695,81.094989,21.806706,104.578454,82.716930,21.861525
102.791460,80.963585,21.827875,104.311979,82.671192,21.640786
102.742271,80.966523,21.775748,104.430097,82.749060,21.681037
102.579400,80.745341,21.834060,104.595819,82.907880,21.687939
102.530922,80.680221,21.850701,104.211517,82.442779,21.768738
102.492533,80.661638,21.830894,104.260243,82.617023,21.643220
102.396553,80.529217,21.867336,104.019800,82.364000,21.655800
102.283889,80.476020,21.807870,104.323327,82.626349,21.696978
102.230003,80.406787,21.823216,104.064039,82.332944,21.731094
102.164047,80.303826,21.860221,103.949655,82.286710,21.662945
102.026692,80.175996,21.850696,103.870187,82.113970,21.756216
101.938536,80.047542,21.890994,103.914654,82.155609,21.759045
101.909437,80.011047,21.898390,103.735829,82.147873,21.587957
101.884911,80.035833,21.849078,104.079712,82.343407,21.736305
101.830513,79.945320,21.885193,103.797991,82.029425,21.768566
101.886880,79.948496,21.938383,103.644589,81.793335,21.851254
101.658492,79.707676,21.950816,103.757317,82.065314,21.692003
101.593271,79.689112,21.904158,103.624183,81.935809,21.688374
101.528888,79.619794,21.909094,103.813368,82.049985,21.763383
101.510409,79.641823,21.868586,103.530379,81.905881,21.624497
101.407716,79.521147,21.886568,103.629773,81.835388,21.794385
101.333262,79.461914,21.871348,103.203890,81.556868,21.647022
101.261935,79.364483,21.897452,103.434903,81.630501,21.804401
101.199649,79.284750,21.914899,103.494343,81.790562,21.703781
101.175394,79.310817,21.864576,103.326264,81.611707,21.714557
101.142559,79.213333,21.929225,103.236519,81.530926,21.705593
100.998010,79.095972,21.902038,103.197750,81.532047,21.665703
100.976573,79.097548,21.879026,103.096867,81.368255,21.728612
100.995675,79.078841,21.916833,103.150052,81.411634,21.738419
100.915181,78.988403,21.926778,103.498948,81.692111,21.806837
100.855318,78.924170,21.931149,103.352452,81.480553,21.871899
100.784407,78.847410,21.936997,103.111075,81.396950,21.714124
100.741800,78.856259,21.885540,103.311149,81.530670,21.780479
100.679369,78.810132,21.869237,103.057930,81.345202,21.712728
100.644740,78.773336,21.871404,103.063505,81.390237,21.673267
100.631545,78.744626,21.886918,103.026887,81.383092,21.643795
100.580973,78.632058,21.948914,103.208861,81.358639,21.850222
100.448395,78.499127,21.949267,102.927592,81.149899,21.777692
100.460738,78.481101,21.979636,102.767752,80.947487,21.820265
100.408460,78.434137,21.974324,102.993174,81.168046,21.825127
100.317006,78.339286,21.977720,102.744325,80.859602,21.884724
100.370274,78.354801,22.015473,102.969546,81.044003,21.925543
100.269186,78.257426,22.011761,102.705389,80.969214,21.736175
100.263104,78.274908,21.988195,102.682455,80.920900,21.761555
100.187954,78.163390,22.024563,102.767743,80.933093,21.834650
100.171458,78.184003,21.987455,102.752330,80.996869,21.755461
100.131416,78.141890,21.989526,102.635961,80.782113,21.853847
100.192011,78.152864,22.039146,102.734324,80.887992,21.846332
100.128056,78.126165,22.001890,102.701333,80.862698,21.838635
100.020807,78.064934,21.955873,102.741220,80.840880,21.900340
99.965677,77.898030,22.067647,102.659361,80.849552,21.809810
99.938257,77.938717,21.999540,102.699344,80.811545,21.887799
99.962172,77.967892,21.994280,102.768392,80.849193,21.919200
99.895220,77.861131,22.034089,102.591779,80.689010,21.902770
99.841026,77.804656,22.036370,102.519839,80.689033,21.830806
99.848902,77.804927,22.043975,102.677617,80.834118,21.843499
99.861157,77.809561,22.051596,102.463997,80.472369,21.991629
99.796039,77.720284,22.075755,102.678443,80.668716,22.009727
99.743784,77.656563,22.087221,102.533130,80.690378,21.842752
99.805878,77.747705,22.058174,102.928500,80.906056,22.022443
99.676866,77.564177,22.112689,102.673919,80.701379,21.972540
99.569423,77.481530,22.087893,102.518343,80.588992,21.929350
99.563755,77.457910,22.105845,102.420221,80.573120,21.847101
99.547914,77.464810,22.083104,102.393828,80.476559,21.917269
99.587555,77.500077,22.087478,102.360090,80.486214,21.873877
99.487479,77.420064,22.067416,102.411927,80.580887,21.831040
99.487433,77.418873,22.068561,102.425881,80.512441,21.913440
99.453110,77.371810,22.081300,102.489553,80.564987,21.924566
99.413534,77.345289,22.068245,102.445872,80.453737,21.992135
99.407228,77.281638,22.125590,102.515730,80.604229,21.911501
99.370412,77.302926,22.067486,102.269388,80.334125,21.935263
99.377563,77.247550,22.130013,102.529845,80.593951,21.935893
99.352529,77.231188,22.121341,102.560852,80.540318,22.020534
99.315557,77.223024,22.092533,102.415445,80.448944,21.966501
99.346873,77.264617,22.082257,102.396555,80.501303,21.895252
99.308534,77.185790,22.122744,102.268534,80.403184,21.865350
99.259717,77.149802,22.109915,102.160180,80.260407,21.899774
99.331972,77.184031,22.147942,102.529573,80.456743,22.072830
99.237874,77.061904,22.175969,102.271503,80.317705,21.953798
99.234889,77.073218,22.161671,102.244920,80.303315,21.941605
99.125917,76.977210,22.148708,102.330593,80.302876,22.027717
99.146743,77.001120,22.145624,102.025175,80.165122,21.860052
99.110968,77.019003,22.091965,102.173602,80.261515,21.912087
99.056474,76.964204,22.092270,102.212594,80.238756,21.973838
99.252738,77.048516,22.204222,102.164573,80.183531,21.981042
