240.974983,238.108004,2.866979,191.292715,187.850936,3.441779
180.617251,173.858635,6.758617,166.316738,155.811792,10.504945
156.816564,144.679538,12.137025,149.766322,136.128389,13.637932
145.378048,130.883472,14.494576,140.749105,124.978427,15.770677
137.747437,120.962295,16.785142,133.422388,115.841685,17.580703
132.562811,114.227417,18.335393,129.891075,111.294885,18.596190
129.206539,109.965339,19.241201,127.960677,108.179408,19.781269
126.844960,106.904505,19.940455,125.023049,104.832097,20.190952
125.031895,104.584703,20.447192,123.418940,102.670960,20.747980
123.435089,102.538473,20.896616,122.133216,101.015908,21.117308
122.087797,100.845184,21.242613,121.263851,99.815172,21.448679
120.972757,99.534431,21.438326,120.464860,98.877732,21.587128
120.043093,98.357967,21.685126,119.726192,97.819410,21.906782
119.185200,97.235590,21.949610,118.747493,96.680566,22.066926
118.452862,96.339928,22.112934,117.905418,95.808547,22.096871
117.711605,95.490222,22.221382,117.751583,95.350026,22.401557
117.211133,94.822008,22.389124,117.179944,94.630587,22.549357
116.600876,94.091530,22.509346,116.299537,93.891583,22.407954
116.200731,93.632282,22.568450,116.093616,93.408735,22.684881
115.522837,92.924174,22.598663,115.705764,93.144732,22.561033
115.057788,92.386785,22.671003,115.261217,92.507443,22.753774
114.752532,91.987063,22.765469,115.242050,92.474379,22.767671
114.265464,91.378455,22.887009,114.531966,91.705253,22.826713
113.938285,91.002985,22.935299,114.292368,91.395921,22.896448
113.651220,90.664585,22.986634,113.805848,90.910775,22.895073
113.217814,90.152639,23.065176,113.538346,90.590474,22.947872
112.954424,89.847236,23.107188,113.505935,90.376574,23.129361
112.594729,89.501880,23.092849,113.422434,90.354543,23.067892
112.271213,89.152799,23.118414,112.775824,89.763532,23.012291
112.003302,88.828295,23.175007,112.579592,89.501650,23.077942
111.736765,88.536572,23.200193,112.467241,89.417207,23.050034
111.575367,88.350884,23.224483,112.418589,89.315839,23.102749
111.277692,88.026603,23.251089,112.199958,89.071168,23.128789
110.998761,87.736435,23.262326,111.716803,88.611512,23.105291
110.800700,87.540741,23.259959,111.455004,88.416303,23.038701
110.566237,87.298764,23.267472,111.461457,88.364590,23.096867
110.436329,87.113605,23.322724,111.334014,88.017328,23.316685
110.217016,86.794752,23.422264,110.972624,87.555577,23.417047
109.982675,86.498197,23.484478,110.865964,87.500835,23.365129
109.776090,86.304576,23.471513,110.882881,87.551430,23.331452
109.595798,86.134781,23.461016,110.907516,87.407180,23.500336
109.506878,85.982157,23.524720,110.740408,87.291315,23.449094
109.193073,85.649972,23.543101,110.667989,87.294776,23.373212
109.141139,85.607978,23.533160,110.444024,86.996045,23.447979
108.922052,85.359676,23.562376,110.079077,86.687265,23.391812
108.808748,85.289548,23.519199,110.151980,86.647219,23.504761
108.607556,85.091096,23.516460,109.873831,86.355054,23.518776
108.511367,84.884926,23.626442,110.055645,86.525084,23.530561
108.392140,84.782259,23.609881,109.761301,86.362687,23.398613
108.245630,84.627701,23.617928,109.595521,86.153682,23.441839
108.065572,84.445524,23.620049,109.647410,86.203793,23.443616
108.054879,84.368606,23.686274,109.526950,85.903890,23.623060
107.901366,84.200209,23.701157,109.694422,86.151431,23.542992
107.673217,83.994725,23.678492,109.300739,85.657822,23.642916
107.584326,83.852353,23.731973,109.274863,85.741888,23.532976
107.525397,83.794387,23.731010,109.409475,85.656685,23.752790
107.335111,83.604307,23.730804,109.284147,85.815203,23.468944
107.263517,83.582314,23.681204,109.070602,85.478183,23.592419
107.147611,83.440779,23.706832,108.895605,85.442035,23.453570
107.074185,83.340620,23.733565,108.816411,85.222925,23.593487
107.030074,83.261035,23.769039,108.783096,85.092020,23.691076
106.798996,83.044565,23.754431,108.879287,85.234754,23.644533
106.783283,82.974847,23.808437,108.704301,84.949857,23.754444
106.751589,82.822014,23.929575,108.746497,84.986429,23.760068
106.621012,82.752418,23.868593,108.735177,85.092759,23.642418
106.476141,82.631673,23.844467,108.590955,84.795023,23.795932
106.432233,82.506091,23.926142,108.564181,84.861732,23.702450
106.283654,82.408949,23.874705,108.549493,84.737431,23.812063
106.242611,82.374299,23.868313,108.350233,84.600174,23.750059
106.171788,82.284982,23.886806,108.424024,84.744029,23.679995
106.057605,82.174538,23.883067,108.401834,84.716522,23.685312
105.985222,82.155568,23.829654,107.984695,84.283319,23.701376
105.890365,82.046841,23.843524,108.067243,84.431655,23.635588
105.852595,81.972692,23.879903,108.098490,84.380455,23.718035
105.729521,81.853911,23.875610,108.073893,84.220755,23.853138
105.735808,81.803481,23.932327,108.186435,84.377033,23.809402
105.674301,81.680290,23.994011,107.863007,84.113461,23.749546
105.530937,81.632575,23.898362,107.762478,83.939544,23.822934
105.507665,81.581328,23.926337,107.932933,84.152805,23.780128
105.377946,81.466237,23.911709,107.833825,84.078711,23.755113
105.264546,81.313032,23.951513,107.572651,83.869311,23.703340
105.223723,81.268330,23.955393,107.793438,83.956052,23.837386
105.193213,81.228849,23.964364,107.767776,84.060509,23.707266
105.120641,81.182753,23.937888,107.702504,84.002825,23.699679
105.081478,81.088595,23.992883,107.725498,83.824220,23.901278
105.074916,81.122434,23.952482,107.660488,83.837154,23.823334
104.962281,81.035662,23.926619,107.574885,83.803306,23.771579
104.884112,80.923789,23.960323,107.434945,83.699047,23.735899
104.804249,80.841144,23.963105,107.543954,83.624728,23.919226
104.830990,80.830632,24.000358,107.468710,83.600177,23.868533
104.684408,80.688843,23.995564,107.554588,83.739034,23.815553
104.593721,80.604770,23.988951,107.201181,83.351306,23.849875
104.553563,80.599212,23.954350,107.493753,83.601415,23.892338
104.534787,80.536453,23.998334,107.088163,83.202220,23.885943
104.476453,80.493671,23.982782,107.034532,83.229609,23.804924
104.413180,80.405018,24.008161,107.356509,83.473792,23.882716
104.404564,80.391478,24.013086,107.198573,83.379042,23.819531
104.327763,80.328052,23.999712,107.212695,83.374967,23.837728
104.260552,80.215354,24.045198,107.236582,83.334958,23.901624
104.324999,80.271576,24.053423,107.220750,83.271719,23.949031
104.125090,80.082245,24.042845,107.273663,83.324831,23.948832
104.144537,80.085669,24.058868,107.206985,83.388639,23.818346
104.067929,80.014442,24.053487,107.242490,83.283673,23.958817
104.100756,80.045656,24.055099,106.847481,83.021900,23.825581
103.952508,79.895268,24.057241,106.794585,82.935665,23.858920
103.932963,79.864126,24.068837,107.121460,83.141169,23.980292
103.955935,79.897692,24.058244,107.085206,83.187055,23.898151
103.844380,79.784052,24.060327,106.963286,83.033885,23.929401
103.773435,79.701293,24.072142,106.871091,82.934613,23.936478
103.800966,79.732622,24.068344,107.048915,83.073422,23.975493
103.745996,79.613054,24.132942,106.989699,83.035627,23.954072
103.683236,79.602824,24.080412,106.831317,82.968564,23.862754
103.609759,79.543345,24.066415,106.730922,82.763903,23.967019
103.567566,79.490410,24.077156,106.755142,82.762901,23.992240
103.539198,79.424411,24.114787,106.750942,82.724410,24.026532
103.542963,79.425578,24.117385,106.804335,82.801143,24.003191
103.464177,79.373876,24.090300,106.607316,82.661715,23.945601
103.396805,79.327068,24.069737,106.666990,82.774141,23.892849
103.389618,79.337790,24.051828,106.704076,82.747307,23.956769
103.248971,79.149797,24.099174,106.450955,82.484784,23.966171
103.314804,79.204425,24.110379,106.499455,82.513483,23.985972
103.244508,79.135800,24.108708,106.582805,82.630040,23.952765
103.252996,79.124071,24.128925,106.430792,82.581704,23.849089
103.191862,79.109270,24.082592,106.545276,82.626703,23.918573
103.158683,79.023733,24.134950,106.475071,82.546662,23.928409
103.110266,79.023437,24.086828,106.589401,82.695678,23.893724
103.038781,78.937673,24.101108,106.497073,82.609284,23.887789
103.084192,78.945298,24.138894,106.810591,82.820280,23.990311
103.005277,78.868284,24.136993,106.398311,82.383927,24.014385
102.967419,78.820581,24.146839,106.231678,82.272027,23.959652
102.929740,78.777641,24.152099,106.259107,82.280283,23.978824
102.853378,78.717003,24.136375,106.496919,82.505598,23.991321
102.869122,78.707602,24.161520,106.273859,82.218543,24.055317
102.848962,78.665870,24.183092,106.281392,82.249176,24.032217
102.863665,78.673262,24.190403,106.514985,82.479885,24.035101
102.808890,78.633520,24.175370,106.401322,82.409242,23.992080
102.716403,78.546627,24.169776,106.410505,82.374628,24.035876
102.679473,78.510421,24.169053,106.288300,82.261539,24.026761
102.702584,78.564939,24.137645,106.405796,82.434367,23.971429
102.625224,78.450122,24.175103,106.228517,82.298747,23.929770
102.577069,78.405531,24.171538,106.199865,82.051045,24.148820
102.625031,78.396628,24.228403,106.301915,82.257783,24.044133
102.632030,78.428600,24.203430,106.309658,82.174596,24.135063
102.510609,78.300947,24.209662,106.254258,82.213716,24.040543
102.502868,78.316538,24.186330,106.197714,82.077120,24.120594
102.500351,78.266934,24.233417,106.001352,81.967549,24.033803
102.476316,78.271220,24.205096,106.218562,82.207065,24.011497
102.501521,78.204698,24.296823,106.220001,82.069642,24.150359
102.436415,78.165270,24.271145,106.154578,82.089082,24.065496
102.380370,78.112445,24.267925,105.895733,81.809417,24.086316
102.311499,78.029046,24.282452,106.095691,82.050775,24.044916
102.299893,78.080134,24.219758,106.199604,82.183149,24.016455
102.275950,78.009203,24.266747,106.057898,81.978649,24.079249
102.247530,78.004611,24.242918,105.998416,81.968720,24.029697
102.241914,77.973823,24.268091,106.267634,82.162793,24.104841
102.189026,77.910476,24.278550,106.240887,82.105368,24.135520
102.124444,77.907636,24.216809,106.123786,82.048645,24.075141
102.115714,77.898699,24.217016,105.965899,81.915918,24.049980
102.038418,77.844941,24.193477,105.857396,81.910446,23.946950
102.092812,77.887894,24.204918,106.071709,82.031440,24.040269
