236.890522,233.650639,3.239882,190.213691,186.173470,4.040221
175.901094,167.849889,8.051205,158.656945,146.710036,11.946909
151.328562,137.367589,13.960973,144.526774,128.814694,15.712080
140.456823,123.744632,16.712191,135.679044,117.918696,17.760349
134.210982,115.771438,18.439544,131.068658,111.744594,19.324064
130.304350,110.677134,19.627217,127.897487,107.710274,20.187214
127.504769,107.201114,20.303655,125.717642,105.175428,20.542215
125.541630,104.659020,20.882611,123.516906,102.478491,21.038415
123.784047,102.553683,21.230364,122.372470,100.862461,21.510009
122.550178,100.966319,21.583859,121.593638,99.599697,21.993941
121.424689,99.606026,21.818663,120.306417,98.396719,21.909698
120.415434,98.296899,22.118534,119.833833,97.610837,22.222996
119.451365,97.191547,22.259819,118.950452,96.759157,22.191295
118.637111,96.209301,22.427810,117.902317,95.468936,22.433381
117.912771,95.387033,22.525738,117.486463,95.040390,22.446074
117.239415,94.562588,22.676827,117.111195,94.335934,22.775261
116.695980,93.900766,22.795214,116.192658,93.540041,22.652618
116.209985,93.360673,22.849312,116.373455,93.397873,22.975582
115.729823,92.750715,22.979108,115.746439,92.871920,22.874520
115.293978,92.278275,23.015704,115.038096,91.984542,23.053554
114.869819,91.749578,23.120241,115.024259,91.928972,23.095286
114.394336,91.214142,23.180195,114.654746,91.547052,23.107694
113.944333,90.686920,23.257413,114.423408,91.188197,23.235210
113.588397,90.324675,23.263722,113.890013,90.620480,23.269534
113.275959,89.924023,23.351936,113.717012,90.404693,23.312319
112.867934,89.577542,23.290392,113.339028,89.979026,23.360002
112.580575,89.264406,23.316169,113.618478,90.335299,23.283179
112.304400,88.910760,23.393640,112.891384,89.404384,23.487000
111.840876,88.409519,23.431357,112.601729,89.186442,23.415287
111.601023,88.167358,23.433666,112.405460,89.060331,23.345130
111.297957,87.842300,23.455656,112.177051,88.716264,23.460787
111.010811,87.517649,23.493162,111.857070,88.493759,23.363312
110.842832,87.374637,23.468195,111.573032,88.028196,23.544837
110.576649,87.054419,23.522230,111.360148,87.961192,23.398956
110.233187,86.725890,23.507297,111.206788,87.732555,23.474232
110.054294,86.451000,23.603294,111.084072,87.513132,23.570940
109.833399,86.276662,23.556736,110.835148,87.372186,23.462962
109.518357,85.961604,23.556753,110.535757,87.148447,23.387309
109.352191,85.771801,23.580390,110.362394,86.761640,23.600755
109.262447,85.596122,23.666325,110.586446,87.152603,23.433843
109.066708,85.457993,23.608715,110.179817,86.658198,23.521619
108.777254,85.145201,23.632054,110.072100,86.323983,23.748117
108.639308,84.928970,23.710339,109.924375,86.209665,23.714711
108.515412,84.794114,23.721298,109.428258,85.770377,23.657881
108.211954,84.506963,23.704992,109.474432,85.798905,23.675527
108.118947,84.455160,23.663788,109.153350,85.502096,23.651254
107.962375,84.227043,23.735332,109.579306,85.833004,23.746302
107.849030,84.068958,23.780072,109.270145,85.449428,23.820717
107.706453,83.902812,23.803641,109.324055,85.660720,23.663336
107.523298,83.714494,23.808804,108.890188,85.201790,23.688398
107.356744,83.570040,23.786704,108.826853,85.243588,23.583265
107.215639,83.436007,23.779632,108.816351,85.203959,23.612393
107.096908,83.315711,23.781197,108.404605,84.596829,23.807776
106.907168,83.136488,23.770680,108.712348,85.070935,23.641413
106.903783,83.046436,23.857347,108.446930,84.725111,23.721820
106.783958,82.899498,23.884460,108.397631,84.541791,23.855841
106.581249,82.733699,23.847550,108.231697,84.586119,23.645578
106.569031,82.729465,23.839566,108.067134,84.354208,23.712926
106.389097,82.527404,23.861692,107.866855,84.179113,23.687742
106.252448,82.462281,23.790167,107.934172,84.096807,23.837365
106.244529,82.364135,23.880394,107.962284,84.306723,23.655561
106.069153,82.217610,23.851543,107.625736,83.925208,23.700528
106.026011,82.138944,23.887068,107.722145,83.999824,23.722320
105.860867,82.044304,23.816562,107.511770,83.801588,23.710182
105.737119,81.923515,23.813605,107.578862,83.846923,23.731938
105.589332,81.792379,23.796953,107.629998,83.895567,23.734431
105.645011,81.792242,23.852770,107.700873,83.980832,23.720041
105.481602,81.562100,23.919502,107.477064,83.714756,23.762308
105.383919,81.554475,23.829444,107.362486,83.671225,23.691262
105.279190,81.400889,23.878301,107.205381,83.345419,23.859962
105.184167,81.270541,23.913626,107.278392,83.498358,23.780034
105.086913,81.218736,23.868177,107.159132,83.336265,23.822867
104.964985,81.072145,23.892840,106.971886,83.241305,23.730581
104.904185,80.992608,23.911576,107.043658,83.249169,23.794489
104.818766,80.895611,23.923155,107.005556,83.224692,23.780863
104.745824,80.903952,23.841872,106.841833,83.255595,23.586238
104.761180,80.881549,23.879631,106.746433,83.040592,23.705841
104.705945,80.770807,23.935138,106.700146,82.822627,23.877519
104.615462,80.649271,23.966191,106.487583,82.699966,23.787617
104.481725,80.548760,23.932965,106.902189,83.053224,23.848965
104.444221,80.482265,23.961956,106.571266,82.668997,23.902269
104.358231,80.435424,23.922807,106.581395,82.799065,23.782330
104.370551,80.422912,23.947639,106.355693,82.578107,23.777585
104.236684,80.231415,24.005269,106.484198,82.597480,23.886718
104.219018,80.237979,23.981039,106.517028,82.660368,23.856660
104.162115,80.196368,23.965747,106.441441,82.561646,23.879795
104.119986,80.133847,23.986139,106.396152,82.477592,23.918560
104.016633,79.983678,24.032956,106.542132,82.650173,23.891958
103.980160,79.888742,24.091418,106.254003,82.282659,23.971343
103.950987,79.913374,24.037613,106.418295,82.531959,23.886337
103.879960,79.879655,24.000305,106.410524,82.538073,23.872451
103.796816,79.806678,23.990138,106.273963,82.373642,23.900321
103.712065,79.692348,24.019717,106.262507,82.383531,23.878975
103.689577,79.680763,24.008814,106.348484,82.481683,23.866801
103.598297,79.581161,24.017136,106.319186,82.479019,23.840166
103.554208,79.575556,23.978651,106.022160,82.239885,23.782276
103.473963,79.482275,23.991688,105.971992,82.131235,23.840757
103.495768,79.540416,23.955352,106.206231,82.350638,23.855593
103.438472,79.412580,24.025892,106.068713,82.234165,23.834549
103.337108,79.375829,23.961278,105.926427,82.208924,23.717503
103.277900,79.357680,23.920220,105.961954,82.058811,23.903143
103.275955,79.271776,24.004179,106.030408,82.195421,23.834987
103.295457,79.281156,24.014301,105.988208,82.142886,23.845322
103.250943,79.257928,23.993015,105.786365,81.946613,23.839753
103.188636,79.193409,23.995227,106.142786,82.322426,23.820361
103.131323,79.170584,23.960739,105.678955,81.843780,23.835174
103.031039,79.043667,23.987372,105.756345,81.869492,23.886853
103.018844,79.029419,23.989425,105.543181,81.734520,23.808661
102.945002,78.892628,24.052374,105.693369,81.830691,23.862678
102.917854,78.922354,23.995500,105.937929,82.081059,23.856870
102.913014,78.906988,24.006026,105.503140,81.679084,23.824056
102.782176,78.816640,23.965536,105.646831,81.882667,23.764165
102.755098,78.773663,23.981435,105.490592,81.657967,23.832626
102.736168,78.704706,24.031462,105.564714,81.723317,23.841398
102.621524,78.581222,24.040302,105.715483,81.707306,24.008177
102.694317,78.700850,23.993466,105.386347,81.593566,23.792780
102.583287,78.546636,24.036650,105.318192,81.454223,23.863970
102.632782,78.625795,24.006987,105.508141,81.692156,23.815986
102.516461,78.479241,24.037220,105.622174,81.735259,23.886915
102.563293,78.481410,24.081883,105.451360,81.604739,23.846621
102.497521,78.394239,24.103283,105.465665,81.614365,23.851300
102.513262,78.426409,24.086853,105.544125,81.706649,23.837476
102.493398,78.397174,24.096224,105.394244,81.444793,23.949451
102.431135,78.334335,24.096800,105.681208,81.805112,23.876096
102.329440,78.310026,24.019415,105.389562,81.343361,24.046201
102.231874,78.120946,24.110928,105.398034,81.491447,23.906587
102.313536,78.230226,24.083310,105.336256,81.341190,23.995065
102.221510,78.126229,24.095281,105.378552,81.470470,23.908082
102.263618,78.165525,24.098093,105.513723,81.578937,23.934786
102.268729,78.129881,24.138848,105.427475,81.456708,23.970767
102.207261,78.046268,24.160993,105.406310,81.377808,24.028502
102.141916,78.031166,24.110750,105.221537,81.232443,23.989094
102.068142,77.930126,24.138016,105.320972,81.417848,23.903124
102.074115,77.925270,24.148845,105.181048,81.132056,24.048992
101.993028,77.850772,24.142256,105.088196,81.069136,24.019060
102.000100,77.840005,24.160095,105.167290,81.104444,24.062845
102.006114,77.781512,24.224603,105.205897,81.146684,24.059213
101.929095,77.770604,24.158491,105.194817,81.233277,23.961540
101.912254,77.776489,24.135765,105.137741,81.140796,23.996945
101.879830,77.737034,24.142796,105.200279,81.174796,24.025483
101.906018,77.765521,24.140497,105.122184,81.155089,23.967095
101.805716,77.669175,24.136541,105.010611,80.981561,24.029049
101.854038,77.677327,24.176711,105.145427,81.104764,24.040664
101.936514,77.729716,24.206798,105.111495,81.153232,23.958263
101.754483,77.549942,24.204541,105.110221,81.017394,24.092828
101.776778,77.521048,24.255731,105.374616,81.345753,24.028862
101.704187,77.482674,24.221513,105.083261,81.068428,24.014834
101.745952,77.515988,24.229964,105.257133,81.229706,24.027427
101.607427,77.395621,24.211806,104.831034,80.799193,24.031841
101.603228,77.374427,24.228801,105.189997,81.037586,24.152411
101.563318,77.298892,24.264427,104.945061,80.956628,23.988433
101.567397,77.367665,24.199732,105.216143,81.188666,24.027477
101.663616,77.396637,24.266979,105.210714,81.085334,24.125379
101.639409,77.325464,24.313944,105.038501,80.898848,24.139653
101.559151,77.232669,24.326482,105.014984,80.899648,24.115336
101.479151,77.216565,24.262586,104.854547,80.768777,24.085770
101.419822,77.128810,24.291012,105.001241,80.874981,24.126261
101.404789,77.070135,24.334654,104.949873,80.788380,24.161493
101.450709,77.178686,24.272023,105.082531,80.969348,24.113183
101.477394,77.151666,24.325728,104.870980,80.779381,24.091599
