241.817725,237.358695,4.459031,191.385168,187.474226,3.910942
175.322750,166.634887,8.687862,159.057838,146.552213,12.505624
153.094186,138.981137,14.113048,146.307607,131.004969,15.302637
142.736760,126.198653,16.538108,138.320589,120.801017,17.519572
136.204638,117.965227,18.239412,132.890132,114.120883,18.769249
131.993992,112.740292,19.253700,129.075751,109.497370,19.578382
128.957046,108.961084,19.995962,126.543508,106.276559,20.266950
126.662934,106.119382,20.543552,124.740369,103.878086,20.862283
124.731601,103.827395,20.904206,122.695513,101.580094,21.115418
123.137615,101.880102,21.257513,121.580268,100.206465,21.373804
121.666325,100.180543,21.485782,121.238492,99.587262,21.651230
120.521800,98.881392,21.640408,119.352763,97.596417,21.756346
119.454609,97.654364,21.800245,118.483459,96.685734,21.797726
118.587897,96.681440,21.906458,117.950601,95.960784,21.989817
117.716556,95.679476,22.037080,116.728874,94.674851,22.054023
116.932614,94.769336,22.163278,116.259314,94.087649,22.171665
116.261840,94.076148,22.185691,115.630684,93.301731,22.328953
115.684336,93.435815,22.248521,115.194101,92.936565,22.257536
115.114987,92.842935,22.272052,114.820265,92.586460,22.233806
114.562896,92.228112,22.334784,113.867036,91.539256,22.327781
114.030434,91.642180,22.388253,113.844813,91.406194,22.438619
113.543499,91.106152,22.437346,113.435496,91.019242,22.416253
113.080690,90.581529,22.499160,112.859258,90.385060,22.474198
112.665489,90.155719,22.509771,112.492695,90.015591,22.477104
112.304010,89.747857,22.556153,112.278946,89.698941,22.580006
111.857552,89.254650,22.602902,111.686934,89.236758,22.450175
111.560159,88.919210,22.640950,111.573234,89.018196,22.555037
111.058511,88.426160,22.632352,111.237342,88.608368,22.628974
110.805315,88.112635,22.692679,111.113367,88.378617,22.734750
110.479667,87.799156,22.680512,110.477573,87.891429,22.586143
110.203221,87.478646,22.724574,110.556732,87.885427,22.671305
109.826315,87.079780,22.746534,110.168342,87.435454,22.732888
109.606945,86.845759,22.761186,109.800986,87.074312,22.726674
109.259912,86.533960,22.725952,109.516774,86.999380,22.517394
109.042722,86.326031,22.716691,109.156322,86.350843,22.805479
108.730394,86.010913,22.719481,109.138022,86.528522,22.609501
108.486520,85.764084,22.722436,108.871361,86.186769,22.684592
108.162327,85.497317,22.665010,108.500108,85.923656,22.576452
107.929649,85.323027,22.606623,108.211401,85.700345,22.511056
107.694961,85.063288,22.631674,108.055803,85.602303,22.453499
107.437402,84.868635,22.568768,108.061734,85.497276,22.564458
107.189962,84.657066,22.532896,107.785115,85.386088,22.399027
106.984651,84.444192,22.540459,107.606196,85.073827,22.532369
106.818498,84.233419,22.585079,107.520405,85.006085,22.514320
106.654939,84.031294,22.623645,107.495015,84.897912,22.597103
106.431692,83.821720,22.609971,106.839455,84.224308,22.615148
106.316330,83.720882,22.595448,107.006803,84.477628,22.529174
106.137839,83.542368,22.595471,106.704218,84.139309,22.564909
105.946113,83.403040,22.543073,106.607050,84.205974,22.401076
105.795296,83.237835,22.557461,106.828415,84.317656,22.510759
105.649376,83.070643,22.578733,106.888354,84.361323,22.527031
105.493086,82.950079,22.543006,106.414303,83.957554,22.456748
105.392431,82.840450,22.551981,106.528827,84.052802,22.476026
105.289439,82.733141,22.556298,106.184138,83.701730,22.482409
105.085218,82.541185,22.544033,106.142258,83.716767,22.425491
105.020343,82.482731,22.537612,105.855026,83.428677,22.426349
104.896467,82.308441,22.588026,105.954518,83.421548,22.532970
104.829242,82.233606,22.595636,105.839071,83.250722,22.588349
104.617456,82.024140,22.593317,105.840224,83.267521,22.572704
104.564346,81.988058,22.576288,105.608591,83.067147,22.541444
104.477460,81.880425,22.597035,105.686833,83.212409,22.474423
104.294407,81.689137,22.605269,105.516744,82.955211,22.561532
104.197957,81.627508,22.570450,105.470682,83.018535,22.452147
104.161810,81.563156,22.598655,105.288025,82.711057,22.576968
103.993670,81.400604,22.593066,105.334629,82.828897,22.505732
103.937053,81.313031,22.624022,105.180284,82.619001,22.561283
103.870023,81.278535,22.591488,105.220623,82.650935,22.569687
103.827168,81.173661,22.653507,105.106177,82.553142,22.553035
103.751308,81.084115,22.667193,105.198942,82.669737,22.529205
103.603642,80.936473,22.667169,105.242542,82.668633,22.573909
103.526275,80.867299,22.658976,104.924555,82.307527,22.617028
103.466185,80.765259,22.700927,105.018837,82.457306,22.561531
103.435605,80.761563,22.674042,105.030587,82.426832,22.603754
103.330443,80.686201,22.644242,104.947081,82.300234,22.646846
103.237803,80.568910,22.668894,104.616716,81.943157,22.673559
103.179136,80.449046,22.730090,104.582470,81.977612,22.604858
103.149501,80.441246,22.708254,104.821240,82.130781,22.690459
103.045611,80.323461,22.722150,104.601208,82.005832,22.595376
102.921577,80.214479,22.707098,104.445848,81.895455,22.550393
102.944582,80.236839,22.707743,104.412348,81.672317,22.740032
102.819364,80.104627,22.714737,104.559243,81.894669,22.664574
102.799556,80.066760,22.732796,104.281878,81.627772,22.654106
102.691185,79.951736,22.739449,104.402655,81.679707,22.722947
102.710844,79.880729,22.830114,104.336233,81.678379,22.657855
102.610730,79.831849,22.778880,104.292428,81.640338,22.652091
102.522688,79.745631,22.777057,104.000264,81.302290,22.697973
102.514011,79.707633,22.806377,104.087670,81.410686,22.676983
102.498795,79.692613,22.806181,104.178357,81.427055,22.751302
102.440055,79.606616,22.833439,104.313695,81.611946,22.701749
102.400517,79.592369,22.808148,104.396763,81.595008,22.801756
102.351432,79.545688,22.805744,104.307850,81.476066,22.831784
102.232368,79.435745,22.796622,104.077624,81.364057,22.713567
102.186885,79.419627,22.767258,104.050629,81.372591,22.678038
102.163242,79.355883,22.807359,104.079647,81.455950,22.623697
102.121703,79.307434,22.814269,103.907665,81.136766,22.770899
102.095253,79.275779,22.819474,103.988119,81.198819,22.789301
102.094917,79.232236,22.862680,103.916446,81.157242,22.759204
102.009587,79.125544,22.884043,103.774819,81.059724,22.715095
101.982290,79.136642,22.845648,104.000815,81.305647,22.695168
101.821489,78.974635,22.846854,103.822971,81.122096,22.700875
101.881169,79.030497,22.850672,103.882552,81.099962,22.782590
101.890682,79.015873,22.874809,103.849208,81.106886,22.742322
101.858511,78.955694,22.902817,103.783037,80.975497,22.807539
101.747221,78.884015,22.863206,103.898425,81.113894,22.784531
101.758442,78.872359,22.886083,103.882694,81.070034,22.812660
101.706309,78.814691,22.891618,103.471632,80.754452,22.717180
101.722572,78.841360,22.881212,103.724938,80.982155,22.742783
101.670373,78.753427,22.916946,103.568456,80.795069,22.773387
101.602827,78.695750,22.907078,103.448317,80.676638,22.771679
101.573334,78.702061,22.871274,103.526112,80.813687,22.712425
101.572478,78.632918,22.939560,103.651882,80.862082,22.789800
101.532942,78.624212,22.908731,103.514539,80.740359,22.774180
101.545760,78.607066,22.938694,103.940512,81.125790,22.814721
101.444231,78.527530,22.916701,103.424569,80.693237,22.731331
101.431614,78.551967,22.879646,103.521559,80.808096,22.713463
101.358736,78.452705,22.906031,103.542224,80.765676,22.776548
101.382611,78.451820,22.930791,103.426874,80.622828,22.804046
101.360420,78.439982,22.920438,103.636293,80.878483,22.757810
101.347638,78.444499,22.903139,103.426609,80.647858,22.778751
101.315028,78.390396,22.924633,103.772218,80.897192,22.875027
101.235381,78.302328,22.933053,103.620611,80.793192,22.827419
101.198623,78.247244,22.951379,103.441284,80.606116,22.835169
101.202212,78.251722,22.950490,103.282491,80.428067,22.854424
101.166493,78.246620,22.919872,103.588868,80.753681,22.835187
101.095307,78.176949,22.918358,103.422825,80.614184,22.808641
101.145870,78.202256,22.943614,103.359411,80.552836,22.806575
101.105215,78.130167,22.975048,103.663241,80.783196,22.880046
101.171384,78.167115,23.004269,103.476638,80.536549,22.940089
101.016995,78.039622,22.977373,103.303512,80.468379,22.835133
100.939005,77.968594,22.970411,103.220917,80.369661,22.851256
100.986215,77.968088,23.018127,103.319548,80.473519,22.846029
101.020181,78.053871,22.966310,103.450685,80.538218,22.912468
100.889685,77.940679,22.949005,103.287333,80.442144,22.845189
100.921487,77.935888,22.985599,103.204185,80.332200,22.871985
100.858220,77.825598,23.032623,103.361946,80.464554,22.897392
100.840772,77.857504,22.983268,103.197239,80.369839,22.827400
100.824599,77.855622,22.968977,103.482437,80.603169,22.879268
100.875842,77.889946,22.985896,103.372861,80.454437,22.918424
100.807773,77.819155,22.988618,103.577024,80.752704,22.824321
100.797538,77.802868,22.994670,103.261349,80.480049,22.781300
100.685838,77.671617,23.014221,103.222503,80.380181,22.842322
100.751257,77.780639,22.970618,103.236776,80.331093,22.905683
100.610660,77.599155,23.011505,103.122329,80.276910,22.845420
100.677743,77.692821,22.984923,103.146337,80.270638,22.875700
100.626367,77.657745,22.968622,103.210699,80.318879,22.891819
100.648279,77.667132,22.981147,103.114879,80.281333,22.833546
100.634838,77.627738,23.007100,103.365374,80.517655,22.847719
100.621767,77.588078,23.033689,103.132997,80.160888,22.972109
100.576941,77.569940,23.007001,103.127266,80.318447,22.808819
100.609559,77.614977,22.994582,103.185274,80.333651,22.851622
100.579013,77.544850,23.034163,103.458381,80.500829,22.957552
100.518926,77.529223,22.989704,103.192179,80.284408,22.907770
100.472330,77.436090,23.036240,103.329869,80.287398,23.042471
100.477161,77.416964,23.060197,103.231991,80.356170,22.875821
100.601391,77.521812,23.079580,103.191162,80.255466,22.935696
100.591875,77.460092,23.131783,103.256012,80.252161,23.003851
100.550460,77.405518,23.144941,103.125088,80.095112,23.029977
100.484302,77.366915,23.117388,103.072353,80.075118,22.997234
100.445812,77.357815,23.087998,103.280529,80.235516,23.045014
100.451123,77.325367,23.125756,103.052180,80.022598,23.029582
