252.839679,236.558201,16.281478,203.545180,184.123776,19.421404
185.145078,164.977490,20.167588,167.302137,146.110250,21.191886
160.027765,138.254453,21.773312,153.032594,130.785037,22.247558
149.565358,126.470793,23.094564,145.369212,121.395462,23.973750
142.991819,118.872332,24.119487,139.582343,115.026381,24.555962
138.503434,113.848710,24.654724,135.968102,111.051610,24.916492
135.422118,110.503356,24.918762,132.804849,108.002501,24.802348
132.364033,107.733120,24.630912,130.831979,106.166774,24.665205
130.392699,105.650193,24.742506,129.040957,104.192318,24.848639
128.383757,103.804636,24.579120,126.198904,102.539013,23.659891
125.769242,102.304742,23.464500,124.750732,101.331078,23.419655
124.394179,101.113582,23.280598,123.169692,99.871398,23.298294
123.112285,100.037990,23.074295,121.786291,98.781780,23.004511
121.927714,98.982192,22.945522,121.226296,98.458958,22.767339
120.958361,98.182343,22.776019,120.341066,97.564201,22.776865
120.033069,97.269286,22.763784,119.289440,96.425865,22.863575
119.331770,96.586818,22.744952,118.730596,96.080857,22.649739
118.512698,95.790305,22.722393,118.245298,95.569405,22.675893
117.888506,95.120119,22.768387,117.440848,94.699850,22.740998
117.149637,94.489543,22.660093,116.658208,94.075053,22.583155
116.406595,93.964652,22.441943,116.524160,94.321390,22.202769
115.715409,93.346807,22.368602,115.672246,93.373811,22.298435
115.109506,92.730928,22.378578,115.059809,92.841153,22.218656
114.569713,92.317152,22.252561,114.155738,92.055123,22.100615
114.034994,91.833102,22.201892,113.927711,91.750244,22.177467
113.448472,91.267953,22.180519,113.767014,91.781606,21.985408
113.085666,90.968176,22.117490,113.124115,91.138550,21.985565
112.472080,90.461541,22.010540,112.735584,90.716266,22.019318
112.032233,90.089749,21.942484,112.273691,90.501440,21.772251
111.639770,89.753535,21.886235,111.793766,90.021213,21.772552
111.207115,89.386634,21.820481,111.225359,89.637146,21.588213
110.643275,89.072174,21.571101,110.791010,89.344590,21.446420
110.114928,88.678004,21.436923,110.278509,89.044714,21.233795
109.672509,88.342722,21.329788,110.192521,88.901248,21.291273
109.332867,87.999714,21.333153,109.607420,88.327843,21.279576
109.031073,87.737038,21.294035,109.526257,88.333687,21.192569
108.630682,87.508988,21.121694,108.914151,87.933018,20.981134
108.213865,87.094463,21.119401,108.889114,87.976322,20.912792
108.039032,87.013020,21.026011,108.421251,87.441207,20.980044
107.718123,86.652147,21.065976,108.233303,87.395766,20.837537
107.413585,86.378932,21.034654,107.792240,86.744878,21.047362
107.171697,86.199962,20.971735,107.936338,87.043532,20.892806
106.989878,85.974315,21.015563,107.455127,86.571071,20.884056
106.693330,85.758663,20.934667,107.207831,86.508165,20.699666
106.389473,85.583613,20.805860,106.969000,86.412589,20.556410
106.116308,85.414208,20.702100,107.039590,86.488868,20.550721
105.853271,85.207714,20.645557,106.627156,86.169794,20.457362
105.593055,84.979727,20.613327,106.311330,85.785664,20.525667
105.416721,84.844874,20.571847,106.126339,85.618394,20.507945
105.146393,84.624787,20.521607,106.045995,85.560318,20.485676
105.021559,84.529267,20.492292,105.945330,85.615158,20.330172
104.830897,84.340948,20.489949,105.591868,85.172003,20.419865
104.573161,84.089612,20.483549,105.660735,85.191213,20.469521
104.465275,84.007642,20.457633,105.381953,85.170236,20.211717
104.222266,83.758275,20.463991,105.170486,84.822742,20.347743
103.999848,83.580482,20.419366,104.998758,84.656156,20.342603
103.901820,83.494963,20.406857,104.732962,84.510661,20.222301
103.748904,83.347128,20.401775,104.841533,84.490493,20.351039
103.592097,83.166057,20.426039,104.484638,84.252752,20.231886
103.444816,83.030000,20.414815,104.736766,84.467951,20.268815
103.344677,82.941223,20.403454,104.295413,83.927749,20.367665
103.257721,82.828723,20.428997,104.506856,83.922903,20.583952
103.135851,82.710354,20.425497,104.436864,84.118627,20.318237
102.942623,82.554533,20.388091,104.172271,83.857579,20.314692
102.850460,82.453920,20.396539,104.236203,84.007319,20.228884
102.712946,82.298328,20.414619,103.945079,83.691591,20.253488
102.608396,82.247564,20.360832,103.999457,83.624722,20.374735
102.491879,82.134043,20.357836,103.752391,83.478871,20.273520
102.372812,82.016199,20.356612,103.761227,83.493536,20.267691
102.342333,81.910266,20.432068,103.466268,83.270149,20.196119
102.197460,81.787795,20.409665,103.562670,83.182857,20.379812
102.082793,81.637382,20.445411,103.453299,83.045962,20.407337
101.947252,81.517502,20.429750,103.235575,82.882925,20.352650
101.796792,81.375846,20.420946,103.020790,82.793136,20.227655
101.732711,81.327994,20.404717,103.218695,83.035335,20.183360
101.651898,81.248354,20.403544,103.086971,82.781465,20.305506
101.585155,81.184671,20.400484,103.083295,82.754019,20.329277
101.456305,81.082273,20.374032,102.867254,82.569218,20.298035
101.519623,81.116214,20.403409,103.129109,82.906288,20.222822
101.343638,80.949409,20.394229,103.151890,82.804265,20.347625
101.268977,80.863489,20.405488,102.737832,82.406637,20.331195
101.167266,80.803122,20.364145,102.611602,82.380474,20.231128
101.069147,80.695139,20.374008,102.590839,82.305003,20.285837
100.957403,80.554088,20.403315,102.574326,82.286760,20.287567
100.932961,80.578677,20.354284,102.622408,82.335176,20.287232
100.925944,80.547054,20.378890,102.786024,82.430932,20.355093
100.805271,80.422067,20.383203,102.415673,82.146944,20.268729
100.754337,80.369433,20.384904,102.343050,82.060244,20.282806
100.635481,80.207230,20.428251,102.540679,82.252753,20.287927
100.625025,80.226165,20.398860,102.328210,82.049032,20.279178
100.566003,80.150685,20.415318,102.185612,81.797169,20.388444
100.433189,79.980470,20.452718,102.582709,82.269472,20.313238
100.378389,79.974811,20.403578,101.981567,81.666521,20.315046
100.335528,79.948752,20.386776,102.152573,81.795245,20.357327
100.281123,79.816291,20.464832,102.216744,81.739270,20.477474
100.215403,79.811370,20.404033,102.161021,81.778306,20.382715
100.230105,79.793330,20.436774,101.991798,81.654556,20.337242
100.151170,79.735730,20.415441,102.171665,81.869024,20.302641
100.070548,79.621668,20.448881,101.818739,81.393400,20.425338
99.992226,79.541656,20.450571,101.652378,81.287246,20.365133
99.927614,79.491767,20.435847,101.772087,81.462258,20.309829
99.860847,79.433679,20.427168,101.714294,81.418505,20.295790
99.886690,79.449791,20.436899,101.680480,81.272740,20.407740
99.862868,79.418180,20.444688,101.669758,81.355963,20.313794
99.702473,79.276912,20.425561,101.714937,81.366625,20.348312
99.682674,79.237047,20.445627,101.401202,81.046516,20.354686
99.701308,79.212901,20.488407,101.778053,81.387932,20.390121
99.626030,79.124666,20.501364,101.590893,81.211776,20.379118
99.553597,79.107097,20.446500,101.280319,81.007893,20.272426
99.451582,78.958722,20.492860,101.599216,81.218206,20.381009
99.422470,78.953949,20.468521,101.475180,81.125402,20.349778
99.291442,78.874447,20.416995,101.480179,81.301757,20.178421
99.378447,78.959455,20.418991,101.484593,81.068942,20.415651
99.302669,78.831436,20.471232,101.369389,81.079275,20.290114
99.203534,78.746525,20.457009,101.108788,80.717270,20.391518
99.226653,78.695091,20.531562,101.367965,80.892201,20.475764
99.138641,78.641312,20.497329,101.223434,80.934668,20.288767
99.142445,78.642641,20.499804,101.183408,80.777121,20.406286
99.041362,78.535836,20.505526,101.146242,80.786404,20.359838
99.107079,78.620703,20.486377,101.482654,80.900547,20.582108
99.055219,78.531242,20.523977,100.925061,80.535411,20.389649
98.979074,78.459122,20.519952,101.094075,80.663744,20.430331
98.985112,78.430126,20.554986,101.254403,80.887256,20.367147
98.936680,78.440975,20.495705,101.074189,80.643277,20.430911
98.887511,78.336356,20.551154,101.068722,80.637544,20.431178
98.859790,78.277431,20.582359,100.958010,80.419115,20.538895
98.904268,78.302106,20.602161,101.085199,80.567891,20.517308
98.775924,78.178586,20.597338,101.120152,80.619352,20.500800
98.712388,78.190263,20.522125,100.907409,80.552948,20.354461
98.765238,78.246774,20.518464,100.943327,80.415555,20.527772
98.697362,78.115521,20.581841,101.044242,80.569791,20.474451
98.606430,78.014515,20.591915,100.744348,80.269714,20.474634
98.693603,78.077737,20.615867,101.268144,80.818029,20.450115
98.578263,77.955393,20.622870,101.027125,80.504038,20.523087
98.513512,77.914384,20.599128,100.728305,80.150014,20.578291
98.551872,77.963021,20.588851,100.776364,80.230801,20.545563
98.491744,77.842617,20.649128,101.029973,80.554541,20.475433
98.427858,77.818381,20.609478,100.786164,80.265181,20.520983
98.437272,77.812530,20.624743,100.884324,80.392342,20.491982
98.383912,77.773924,20.609989,100.886431,80.460998,20.425433
98.430937,77.792644,20.638293,101.211860,80.708972,20.502889
98.334314,77.732494,20.601821,100.756922,80.298175,20.458748
98.387421,77.761495,20.625925,100.718899,80.073775,20.645124
98.312051,77.681941,20.630110,100.819754,80.312914,20.506840
98.305580,77.694456,20.611124,100.825712,80.245635,20.580077
98.246245,77.580166,20.666078,100.675836,80.186902,20.488933
98.242751,77.602384,20.640366,100.742880,80.182237,20.560642
98.219138,77.552092,20.667046,100.882063,80.274478,20.607584
98.126185,77.463288,20.662897,100.658231,80.071929,20.586302
98.181848,77.502442,20.679405,100.898668,80.387849,20.510820
98.139458,77.488274,20.651183,100.612127,80.107015,20.505112
98.117468,77.511182,20.606286,100.645922,80.170862,20.475060
98.117095,77.444978,20.672117,100.606418,80.184404,20.422015
98.212809,77.526477,20.686332,100.735039,80.110050,20.624990
98.028790,77.371695,20.657095,100.666972,80.050102,20.616869
98.092664,77.411339,20.681325,100.655086,80.116100,20.538986
97.989572,77.310635,20.678937,100.526444,80.020072,20.506373
98.027549,77.331943,20.695606,100.557483,79.912176,20.645308
98.033466,77.364637,20.668829,100.527126,79.964214,20.562912
97.977073,77.277268,20.699805,100.528259,79.943643,20.584616
