241.165727,238.557982,2.607745,191.960170,188.640779,3.319392
182.920385,176.920177,6.000208,168.132453,158.615547,9.516906
158.004186,146.270906,11.733280,149.869921,136.720080,13.149840
145.531494,131.124601,14.406893,139.958902,124.053988,15.904914
137.676028,121.306602,16.369426,134.052454,116.712107,17.340347
132.612228,114.627249,17.984979,129.678119,111.188364,18.489755
129.170708,110.202631,18.968077,127.050177,107.798183,19.251994
126.683201,107.121130,19.562071,124.659956,104.808180,19.851776
124.769584,104.629914,20.139670,123.263959,102.940820,20.323139
123.077900,102.585563,20.492337,122.061044,101.559859,20.501185
121.886011,101.002192,20.883819,120.645093,99.542165,21.102927
120.639087,99.467182,21.171904,119.719080,98.399223,21.319857
119.758515,98.359939,21.398577,119.348129,97.981777,21.366352
118.825705,97.215967,21.609739,118.139645,96.384094,21.755551
118.005375,96.300690,21.704685,117.353211,95.559104,21.794107
117.322255,95.355622,21.966633,116.910199,95.040028,21.870170
116.707995,94.620035,22.087959,116.285044,94.247346,22.037698
116.040162,93.935607,22.104555,115.676029,93.686909,21.989121
115.554135,93.366986,22.187149,115.591242,93.342283,22.248960
115.069228,92.688232,22.380996,115.018313,92.908144,22.110169
114.584390,92.097806,22.486584,114.716992,92.252222,22.464770
114.135665,91.641782,22.493882,114.370407,91.908297,22.462110
113.726710,91.126583,22.600127,114.019335,91.689250,22.330085
113.217844,90.709263,22.508581,113.555995,91.145914,22.410082
112.929375,90.327017,22.602358,113.124855,90.666197,22.458657
112.574774,89.913795,22.660980,113.090196,90.452108,22.638088
112.189698,89.501761,22.687936,112.587249,89.998618,22.588631
111.954493,89.234159,22.720334,112.317618,89.512422,22.805196
111.598272,88.763328,22.834944,111.759970,89.109103,22.650866
111.391016,88.536922,22.854094,111.778622,88.970650,22.807972
111.131056,88.257313,22.873743,111.611372,88.807551,22.803821
110.849074,87.916288,22.932786,111.489907,88.552731,22.937176
110.573279,87.680323,22.892956,111.567287,88.759493,22.807795
110.374079,87.439653,22.934426,111.021520,88.263200,22.758320
110.120660,87.090649,23.030011,110.962293,88.054066,22.908227
109.923770,86.985209,22.938561,111.352941,88.518726,22.834214
109.730287,86.722376,23.007911,110.733599,87.849663,22.883936
109.492083,86.389445,23.102638,110.448064,87.476369,22.971694
109.367173,86.274044,23.093129,110.143444,87.132169,23.011275
109.082622,85.989689,23.092933,110.474362,87.458295,23.016067
108.970093,85.847846,23.122247,110.271413,87.168465,23.102948
108.796396,85.669148,23.127248,109.999868,87.040625,22.959242
108.708320,85.601198,23.107122,109.868077,86.904007,22.964069
108.488234,85.286224,23.202011,109.690402,86.523652,23.166751
108.325454,85.138378,23.187076,109.435235,86.342900,23.092335
108.149015,84.987310,23.161706,109.328254,86.326344,23.001909
107.992131,84.837425,23.154706,109.520823,86.450858,23.069964
107.885445,84.734857,23.150588,109.290821,86.338012,22.952809
107.692192,84.545444,23.146749,109.227747,86.219341,23.008406
107.522722,84.337657,23.185065,109.202655,85.937634,23.265021
107.453221,84.242328,23.210892,108.874650,85.879242,22.995408
107.253334,84.040507,23.212827,108.799609,85.737544,23.062066
107.191249,83.978587,23.212662,108.951222,85.757091,23.194131
107.046492,83.796626,23.249866,108.542844,85.394366,23.148478
106.920948,83.614712,23.306236,108.545316,85.411932,23.133383
106.917405,83.581542,23.335863,108.514939,85.334975,23.179965
106.765652,83.452065,23.313587,108.489899,85.501395,22.988505
106.566267,83.319447,23.246821,108.356471,85.161052,23.195419
106.511912,83.223126,23.288786,108.248438,85.070776,23.177662
106.419648,83.144038,23.275609,108.738536,85.588082,23.150454
106.272773,83.021317,23.251455,108.149496,85.020396,23.129100
106.193139,82.919336,23.273803,108.175376,84.866376,23.309001
106.098818,82.863710,23.235108,108.105304,85.019867,23.085438
105.946576,82.641607,23.304969,107.891590,84.827736,23.063854
105.922457,82.670965,23.251491,107.760976,84.711755,23.049222
105.767974,82.491780,23.276193,107.767188,84.645883,23.121305
105.618938,82.382575,23.236362,107.817712,84.778678,23.039034
105.526554,82.346918,23.179636,107.750029,84.610639,23.139390
105.501602,82.283123,23.218480,107.491290,84.459683,23.031607
105.350529,82.139582,23.210948,107.255343,84.140459,23.114884
105.325621,82.128796,23.196824,107.209142,84.184710,23.024431
105.239240,82.030919,23.208321,107.396668,84.246264,23.150404
105.227406,81.912562,23.314845,107.243397,84.127567,23.115830
105.077129,81.817597,23.259532,107.335439,84.241976,23.093463
104.984038,81.742849,23.241189,107.129425,84.095133,23.034293
104.891562,81.697943,23.193619,107.043199,83.984622,23.058577
104.803827,81.608404,23.195424,106.995694,83.954967,23.040727
104.723698,81.447875,23.275823,107.070031,83.969330,23.100701
104.708035,81.430701,23.277334,107.187187,84.049170,23.138018
104.605211,81.286476,23.318734,107.000785,83.783242,23.217543
104.575231,81.250017,23.325214,106.654848,83.416049,23.238799
104.349909,81.068864,23.281045,106.950860,83.855462,23.095398
104.369172,81.098721,23.270450,106.794137,83.661066,23.133070
104.293582,81.036681,23.256902,106.639580,83.656097,22.983483
104.208883,80.973414,23.235470,106.570803,83.445569,23.125234
104.144541,80.887068,23.257474,106.776698,83.702005,23.074694
104.052797,80.777147,23.275651,106.710602,83.577378,23.133224
104.106881,80.829147,23.277735,106.807585,83.611753,23.195832
104.030231,80.737287,23.292944,106.403914,83.339919,23.063995
103.915844,80.599856,23.315989,106.521060,83.254642,23.266418
103.879953,80.545207,23.334746,106.596703,83.392558,23.204145
103.767287,80.444323,23.322964,106.520318,83.287553,23.232765
103.686107,80.388520,23.297587,106.244689,83.079168,23.165521
103.758493,80.426192,23.332301,106.391708,83.229565,23.162144
103.713105,80.307978,23.405126,106.287598,83.095853,23.191745
103.569480,80.217264,23.352216,106.348001,83.122207,23.225793
103.574538,80.227110,23.347427,106.151657,82.851303,23.300355
103.528265,80.153812,23.374453,106.047502,82.684450,23.363051
103.436089,80.015259,23.420830,106.099849,83.010338,23.089512
103.335202,80.015265,23.319938,106.233737,83.035946,23.197790
103.269466,79.894878,23.374588,105.975357,82.841468,23.133889
103.222981,79.892705,23.330276,106.057226,82.804764,23.252463
103.295086,79.883876,23.411210,106.255513,82.985508,23.270006
103.170263,79.780982,23.389281,105.906945,82.688084,23.218861
103.068861,79.683910,23.384951,105.903517,82.572875,23.330641
103.013250,79.604267,23.408984,105.940507,82.835028,23.105479
103.049775,79.716632,23.333143,106.050480,82.722504,23.327975
102.940972,79.554984,23.385989,105.561539,82.398889,23.162651
102.810095,79.432240,23.377856,106.243836,83.042131,23.201706
102.866141,79.466281,23.399860,105.831364,82.626187,23.205178
102.801898,79.434405,23.367493,105.640135,82.590779,23.049355
102.795751,79.401355,23.394396,105.949683,82.816220,23.133464
102.780168,79.412843,23.367325,105.870131,82.594988,23.275142
102.685469,79.269832,23.415636,105.719948,82.401130,23.318818
102.589156,79.183784,23.405372,105.640403,82.468458,23.171945
102.597848,79.176989,23.420859,105.652594,82.470593,23.182001
102.529788,79.153524,23.376264,105.584002,82.289215,23.294787
102.546402,79.112797,23.433605,105.611310,82.347252,23.264059
102.414870,78.977920,23.436950,105.575646,82.279558,23.296087
102.438114,78.973539,23.464575,105.479729,82.203670,23.276060
102.328839,78.887117,23.441722,105.628568,82.447458,23.181110
102.240021,78.818204,23.421817,105.652440,82.349631,23.302809
102.286850,78.845660,23.441190,105.433901,82.156848,23.277053
102.247778,78.776342,23.471437,105.533481,82.365593,23.167889
102.184362,78.671553,23.512809,105.546347,82.207129,23.339218
102.201050,78.721736,23.479314,105.454757,82.083721,23.371036
102.058745,78.585064,23.473681,105.605749,82.350026,23.255723
102.117453,78.660196,23.457257,105.681504,82.318237,23.363267
102.134914,78.646605,23.488309,105.090649,81.833591,23.257058
102.013532,78.564892,23.448640,105.298216,82.028981,23.269235
101.977154,78.468094,23.509061,105.414125,82.042774,23.371351
101.895729,78.403675,23.492054,105.457904,82.113234,23.344670
101.860799,78.327006,23.533793,105.253789,81.830701,23.423088
101.891711,78.347057,23.544654,105.125709,81.839275,23.286433
101.881688,78.364928,23.516760,105.230892,81.903302,23.327590
101.799365,78.260250,23.539115,105.201003,81.705740,23.495264
101.916130,78.300563,23.615568,105.627221,82.055833,23.571388
101.849946,78.257758,23.592189,105.243560,81.873857,23.369704
101.808560,78.172247,23.636313,105.091779,81.705135,23.386644
101.843736,78.204957,23.638779,105.485919,81.960997,23.524922
101.681533,78.069520,23.612013,105.233704,81.919855,23.313849
101.595530,78.037139,23.558392,105.165980,81.839933,23.326047
101.517165,77.965792,23.551374,105.264488,81.875469,23.389019
101.565356,78.002469,23.562888,105.067576,81.589682,23.477894
101.522667,77.866807,23.655860,105.290409,81.802777,23.487633
101.478827,77.806366,23.672461,105.255167,81.708006,23.547162
101.507791,77.888236,23.619556,105.341429,81.963577,23.377852
101.441657,77.828880,23.612776,105.127666,81.743612,23.384054
101.346251,77.730009,23.616241,105.222439,81.806845,23.415594
101.336089,77.746119,23.589970,104.868168,81.400855,23.467313
101.379566,77.757685,23.621882,105.499931,81.970942,23.528988
101.417734,77.787064,23.630670,105.281295,81.748223,23.533072
101.366020,77.732265,23.633755,105.378799,81.789740,23.589058
101.343634,77.679662,23.663972,105.154943,81.756065,23.398878
101.234919,77.601007,23.633912,105.278689,81.831142,23.447547
101.231932,77.629622,23.602310,104.898554,81.355632,23.542921
101.215466,77.548972,23.666494,105.400880,81.819230,23.581650
101.251186,77.640766,23.610420,104.918480,81.586252,23.332228
101.148873,77.475499,23.673374,104.998178,81.512142,23.486036
101.174523,77.476013,23.698511,105.259052,81.709146,23.549907
