261.111625,255.087111,6.024514,197.648443,194.685983,2.962460
192.386191,188.598218,3.787973,188.068641,183.415905,4.652737
179.476319,172.258937,7.217382,168.780077,158.658435,10.121643
162.186410,150.609244,11.577166,155.282669,142.182170,13.100499
151.924294,137.916971,14.007322,147.476462,132.188623,15.287839
145.257664,129.440863,15.816801,142.221739,125.606712,16.615027
139.946391,122.747120,17.199271,136.815520,119.031098,17.784422
135.644034,117.225195,18.418839,133.414834,114.404733,19.010101
132.533472,113.370673,19.162799,130.600737,111.211569,19.389168
130.191358,110.463435,19.727923,128.625438,108.518051,20.107387
128.297925,108.066134,20.231791,126.958481,106.557284,20.401197
126.913665,106.306388,20.607276,125.729120,104.906168,20.822953
125.591842,104.676019,20.915823,124.451276,103.296012,21.155263
124.539944,103.373165,21.166779,123.517252,102.000495,21.516758
123.657915,102.254903,21.403012,122.680427,101.295162,21.385265
122.755099,101.266972,21.488127,122.049203,100.511586,21.537616
122.028315,100.358119,21.670196,121.738548,100.103339,21.635209
121.413045,99.642780,21.770265,121.053589,99.334697,21.718891
120.729449,98.932085,21.797364,120.572136,98.804126,21.768011
120.234137,98.314832,21.919305,120.007837,98.088214,21.919623
119.745899,97.687007,22.058892,119.457333,97.411267,22.046066
119.341509,97.204762,22.136747,119.445572,97.393963,22.051609
118.760497,96.638601,22.121896,118.714561,96.603766,22.110795
118.409096,96.219396,22.189700,118.444085,96.273542,22.170543
118.012467,95.754032,22.258435,118.061496,95.886598,22.174898
117.721224,95.437668,22.283556,118.476031,96.242172,22.233859
117.433114,95.098103,22.335011,117.814671,95.601282,22.213389
117.028043,94.668055,22.359988,117.223562,94.907092,22.316471
116.748106,94.392703,22.355404,117.077119,94.739228,22.337892
116.445751,93.984146,22.461605,117.386302,94.971227,22.415075
116.144695,93.624613,22.520081,116.704301,94.242150,22.462151
115.895555,93.370626,22.524929,116.698448,94.344421,22.354027
115.630064,93.099985,22.530080,116.159426,93.688423,22.471004
115.416534,92.883112,22.533423,116.398950,94.061665,22.337285
115.249793,92.689988,22.559805,116.118028,93.667542,22.450486
114.958614,92.344058,22.614557,115.625333,93.249345,22.375988
114.769670,92.192463,22.577207,115.697935,93.299859,22.398077
114.559317,91.920929,22.638388,115.614778,93.065007,22.549771
114.418286,91.713970,22.704316,115.149868,92.606045,22.543823
114.105215,91.373254,22.731962,115.314349,92.745725,22.568625
113.965638,91.291393,22.674245,114.961535,92.409574,22.551961
113.846975,91.060055,22.786920,114.937055,92.325325,22.611730
113.633214,90.883362,22.749852,114.778006,92.215700,22.562306
113.387332,90.701171,22.686161,114.397331,91.832769,22.564562
113.241068,90.504657,22.736411,114.732882,92.134921,22.597961
113.173889,90.372163,22.801726,114.271036,91.650057,22.620979
113.008169,90.234053,22.774116,114.410780,91.882243,22.528537
112.754143,89.971186,22.782956,114.083349,91.410681,22.672668
112.587349,89.801118,22.786231,114.187825,91.654864,22.532962
112.457889,89.603591,22.854298,113.878020,91.192365,22.685655
112.374555,89.552084,22.822470,113.767536,91.077035,22.690501
112.236206,89.420326,22.815880,113.734803,90.997149,22.737654
112.057163,89.216735,22.840429,113.570626,90.999581,22.571045
111.961282,89.140223,22.821060,113.624355,91.004254,22.620101
111.808380,89.029177,22.779203,113.328114,90.738213,22.589901
111.659859,88.880127,22.779732,113.580325,90.915192,22.665134
111.522845,88.713070,22.809775,113.429846,90.745871,22.683975
111.434342,88.642323,22.792019,113.074621,90.535842,22.538779
111.307842,88.477276,22.830566,113.204592,90.663180,22.541412
111.222647,88.330212,22.892434,112.810674,89.876128,22.934546
111.096554,88.173949,22.922605,112.879949,90.164825,22.715125
110.942100,88.098277,22.843823,112.761256,89.985298,22.775957
110.860535,87.935160,22.925375,112.717979,90.025395,22.692585
110.686353,87.876114,22.810239,112.511377,89.948781,22.562596
110.600215,87.787216,22.812999,112.380986,89.783694,22.597292
110.477449,87.655433,22.822017,112.450801,89.930905,22.519895
110.458964,87.613566,22.845398,112.219101,89.568854,22.650247
110.335888,87.431140,22.904749,112.153711,89.589996,22.563714
110.169404,87.348821,22.820584,112.316826,89.774872,22.541954
110.057874,87.277111,22.780763,112.293674,89.726272,22.567402
110.044708,87.231557,22.813152,111.946177,89.337758,22.608420
109.902755,87.131086,22.771670,111.971723,89.401682,22.570041
109.714102,86.900733,22.813369,111.632453,89.073419,22.559033
109.796216,86.919080,22.877137,111.972546,89.304794,22.667752
109.628946,86.772386,22.856560,111.889342,89.190516,22.698826
109.528332,86.732933,22.795399,111.736658,89.326972,22.409686
109.426799,86.592020,22.834779,111.602571,88.932382,22.670190
109.382537,86.533494,22.849044,111.446227,88.825069,22.621157
109.261020,86.461091,22.799929,111.385288,88.794428,22.590860
109.113727,86.296969,22.816758,111.134247,88.653458,22.480790
109.116321,86.272012,22.844309,111.178245,88.532452,22.645794
108.947937,86.080817,22.867120,111.190149,88.560020,22.630129
108.890011,86.049178,22.840833,111.215827,88.575448,22.640378
108.780916,86.041247,22.739669,111.124910,88.603198,22.521711
108.807456,86.032795,22.774661,111.102739,88.457991,22.644748
108.663556,85.832240,22.831316,110.746268,88.281264,22.465004
108.579754,85.840999,22.738755,110.814557,88.348641,22.465916
108.470287,85.623448,22.846840,110.740187,88.018238,22.721949
108.402603,85.546713,22.855890,110.810710,88.233319,22.577392
108.279454,85.498295,22.781159,110.723272,88.064225,22.659047
108.263205,85.482312,22.780892,110.450826,87.875892,22.574933
108.238418,85.479481,22.758937,110.503000,87.965088,22.537911
108.054799,85.220659,22.834140,110.888627,88.375444,22.513184
107.979008,85.186088,22.792920,110.443091,87.866058,22.577034
107.889998,85.110945,22.779054,110.252226,87.642500,22.609726
107.842958,84.978336,22.864622,110.434643,87.775761,22.658882
107.826211,85.019197,22.807015,110.365556,87.835212,22.530345
107.714985,84.899905,22.815080,110.205173,87.645851,22.559321
107.606784,84.810602,22.796181,110.226632,87.703941,22.522691
107.626239,84.798371,22.827869,110.144924,87.629903,22.515021
107.465122,84.682251,22.782872,110.085325,87.659992,22.425333
107.458810,84.707947,22.750863,110.046036,87.597318,22.448718
107.386360,84.603041,22.783319,110.027102,87.530040,22.497062
107.319126,84.619502,22.699624,109.947205,87.627499,22.319706
107.265082,84.539366,22.725716,109.811111,87.324910,22.486201
107.106449,84.404736,22.701713,109.881249,87.438034,22.443215
107.123354,84.405196,22.718158,109.661310,87.120456,22.540854
107.072741,84.280903,22.791839,109.816226,87.240758,22.575468
106.986177,84.186572,22.799605,109.674453,87.251822,22.422632
106.822714,84.088579,22.734135,109.607827,87.209403,22.398424
106.829926,84.101121,22.728806,109.597719,87.111624,22.486095
106.846611,84.097377,22.749234,109.815392,87.277101,22.538292
106.725568,83.976414,22.749154,109.466424,86.972899,22.493525
106.613931,83.934187,22.679744,109.411681,86.991122,22.420559
106.586450,83.891375,22.695075,109.436665,86.957024,22.479642
106.580772,83.840811,22.739961,109.379051,86.883154,22.495897
106.468372,83.810100,22.658272,109.481078,86.995614,22.485464
106.447858,83.732708,22.715150,109.122302,86.614905,22.507398
106.386516,83.697442,22.689075,109.320145,86.966534,22.353611
106.283669,83.578072,22.705597,109.072086,86.582420,22.489666
106.188205,83.451850,22.736355,109.152860,86.584381,22.568478
106.253252,83.495879,22.757372,108.947964,86.483554,22.464410
106.151496,83.437371,22.714124,109.062111,86.691084,22.371027
106.055260,83.367856,22.687404,108.969630,86.551821,22.417808
106.003445,83.323376,22.680069,108.971681,86.539945,22.431736
105.923490,83.247499,22.675991,108.958269,86.541685,22.416584
105.880938,83.155243,22.725695,108.883188,86.415615,22.467573
105.784461,83.074579,22.709882,108.764126,86.376265,22.387861
105.803280,83.130891,22.672389,109.004407,86.756824,22.247583
105.781839,83.097468,22.684371,108.609777,86.107379,22.502398
105.641618,82.991225,22.650393,108.698767,86.344533,22.354233
105.573198,82.922892,22.650306,108.703167,86.377090,22.326077
105.561469,82.917082,22.644387,108.522157,86.198985,22.323173
105.471730,82.836336,22.635394,108.491899,86.046127,22.445773
105.472931,82.815042,22.657889,108.708284,86.237421,22.470863
105.409161,82.778746,22.630415,108.599399,86.254198,22.345201
105.408948,82.683493,22.725455,108.520396,86.055665,22.464731
105.276879,82.614118,22.662761,108.476142,86.237970,22.238173
105.282237,82.676774,22.605463,108.572931,86.271717,22.301215
105.257166,82.595902,22.661265,108.301547,85.880052,22.421494
105.139387,82.500833,22.638554,108.371004,86.015331,22.355673
105.079130,82.465622,22.613509,108.406055,86.148011,22.258043
105.090581,82.478909,22.611672,108.280604,86.044388,22.236216
105.060992,82.427080,22.633912,108.358171,85.961253,22.396918
105.007660,82.410735,22.596925,108.188037,85.866193,22.321844
104.884168,82.308202,22.575967,108.179230,85.891328,22.287903
104.831910,82.246048,22.585863,108.252627,85.922547,22.330081
104.872514,82.257179,22.615335,108.166391,85.806515,22.359877
104.816546,82.181184,22.635363,108.086415,85.700553,22.385862
104.721967,82.137067,22.584900,108.183281,85.761846,22.421436
104.711193,82.107173,22.604021,108.195248,85.779574,22.415674
104.677739,82.036064,22.641674,108.174708,85.863802,22.310906
104.587373,81.960741,22.626632,107.803980,85.416943,22.387037
104.574766,81.995989,22.578777,108.082082,85.752622,22.329460
104.510864,81.956676,22.554189,107.979051,85.640820,22.338231
104.497249,81.986738,22.510511,107.973510,85.649672,22.323837
104.450755,81.847910,22.602844,108.043774,85.708971,22.334803
104.394459,81.892944,22.501515,107.684315,85.471681,22.212634
104.418633,81.888830,22.529804,107.849308,85.657905,22.191402
104.330866,81.825323,22.505543,107.818759,85.493321,22.325439
